avglinksize
2.055555556
3.677966102
2.382882883
1.543103448
2.676470588
119
0.773809524
1.883333333
0.471502591
2.41011236
2.506527415
4.986111111
3.056910569
0
2.299492386
0.990430622
0.929824561
2.083333333
3.164383562
2.826771654
4.103626943
2.033333333
1.333333333
4.327655311
1.786407767
4.8
3.355263158
3.321428571
3.417910448
1.154761905
1.985815603
1.571428571
1.292682927
2.166666667
2.544041451
1.888888889
2.618902439
1.549450549
2.881944444
2.188311688
9.8
2.086956522
1.76969697
1.783333333
1.158208955
2.443983402
2.133333333
2.328502415
4.588477366
2.85483871
2.166666667
1.236947791
3.073684211
1.71641791
2.5
2.278481013
3.660606061
0.222929936
4.732793522
2.128571429
1.661016949
0.897959184
2.662337662
1.91521197
1.127516779
2.334975369
3.731182796
2.053763441
2.514851485
2.336206897
3.81420765
3.265306122
1.722222222
2.872881356
1.852272727
3.686567164
1.447674419
2.776978417
2.230769231
2.663716814
2.531914894
1.268041237
0.934065934
1.268115942
2.96039604
4.066666667
0.530864198
1.633663366
1.40433213
1.962264151
2.557471264
2.2
3.266666667
0.972222222
1.669354839
2.516853933
3.596774194
1.545454545
1.110132159
3.036363636
1.84496124
2.086956522
3.2
0.8375
3.863636364
2.095744681
1.174603175
1.872093023
3.024793388
2.5
1.6
5.079268293
1.212435233
2.76744186
1.463768116
2.935483871
2.212598425
1.018867925
2.340909091
1.176470588
1.089403974
2.57793765
2.261083744
2.741935484
1.775
2.431952663
0.990430622
1.893175074
2.48951049
2.107954545
1.402298851
1.601851852
2.149779736
1.345945946
1.763888889
2.587155963
2.282296651
3.035087719
3.604878049
1.913738019
2.744186047
1.27184466
1.967741935
6.5
2.397435897
5.448275862
2.618357488
1.62745098
4.141176471
1.681318681
2.35678392
2.456730769
0.02
7.5
2.325
3.111111111
5
4.888888889
1.748251748
2.890756303
0.963636364
2.954954955
1.417582418
3.185840708
1.503355705
2.265060241
1.69005848
2.596491228
1.291666667
5.663829787
2.337349398
1.4
2.694117647
3.7
2.08
2.228840125
1.434947768
2.0625
1.181818182
3.162790698
1.652509653
3.449579832
38
2.681318681
3.130081301
2.025423729
3.272727273
2.520833333
1.24742268
2.384158416
2.666666667
1.659574468
1.83908046
1.342245989
2.115384615
2.573964497
1.5
1.502252252
2.67896679
1.581699346
1.89380531
4.782608696
3.150943396
2.035230352
0.99
2.888297872
1.551401869
1.630630631
2.192307692
0.11662531
3.213483146
2.454054054
2.419047619
1.87037037
1.810650888
2.934010152
2.723076923
1.737654321
0.931034483
1.849557522
2.520408163
2.25
1.690140845
3.023255814
0.967741935
1.137931034
1.768
1.368932039
0.270833333
1.925
2.266666667
1.421052632
1.181818182
1.6875
2.388059701
1.957746479
0.545454545
1.3
1.517241379
2.473684211
0.392857143
3.046511628
1.333333333
2.550387597
1.293650794
1.685393258
1.912820513
2.778481013
2.411616162
1.31547619
7.588235294
4.086956522
0.857142857
1.795744681
2
0.864197531
36
1.846153846
3.058823529
1.864485981
1.983606557
2.552083333
2.142857143
1.505
1.201716738
2.663244353
3.96
1.097222222
2.267241379
3.180851064
2.710843373
2.326732673
0.8
2.448275862
0.897959184
2.936708861
1.910569106
3.598540146
6.49047619
4.830985915
1.840989399
2.560150376
2.234782609
2.557553957
2.75
3.099337748
2.106382979
1.315789474
0.666666667
1.305882353
3.652173913
1.435185185
1.285714286
12
2
1.857142857
1.861111111
1.08
2.363636364
2.212389381
1.710583153
3.3
1.724489796
3.65625
3.076923077
2.789976134
2.052631579
1.381578947
2.803738318
2.056603774
2.235294118
1.709090909
1.869369369
1.302083333
1.8
2.622641509
0.11627907
3.46875
1.224299065
1.68627451
4
1.697674419
3.197058824
1.140350877
2.774647887
1
1.965346535
3.79047619
1.212765957
2.09375
2.455223881
2.2
1.904255319
3.185185185
2.627659574
1.833333333
1.61627907
4.152
2.611764706
1.131578947
1.168539326
1.769230769
2.256637168
2.889344262
2.2
3.49122807
2.535714286
2.303867403
2.765957447
1.588235294
3.049180328
4.655172414
1.625698324
1.666666667
2.236220472
3.50990099
2.296296296
0.928571429
2.511450382
2.974358974
2.666666667
2.717948718
2.043902439
1.645502646
2.641025641
2.198019802
1.688311688
3.777777778
0
2.278195489
2.894366197
1.859649123
0.06089926
2
1.924170616
2.033333333
1.585365854
2.512727273
1.796875
0.96875
1.181102362
5.078651685
2.064516129
1.75
1.171806167
2.982608696
2.953125
2.126760563
2.930232558
2.009433962
2.4
2.5625
1
1.846666667
4
1.610315186
4.148148148
1.84496124
3.343434343
2.177777778
1.113846154
1.779735683
1.516129032
1.837837838
2.959349593
2.025862069
2.253731343
2.823529412
3.174311927
2.223529412
2.076190476
2.484210526
3.596330275
0.586056645
0
3.723404255
2.575757576
1.425287356
2.738636364
2.846153846
1
33
1.448275862
2.387755102
2.239766082
1.885844749
0.925
1.083333333
3.04964539
2.510416667
0.695393759
2.209401709
2.931567329
2.178082192
4.689189189
2
1
2.066666667
0.650793651
2.06504065
2.804195804
1.5
1.487179487
2.31316726
2.504761905
1.967032967
2.176870748
2.829059829
1.401709402
2.742424242
1.526315789
1.461538462
2.204545455
2.21025641
1.882352941
2.861702128
2.427083333
1.47029703
2.04
2.986486486
1.319727891
1.1
1.886178862
25.83333333
2.530612245
2.436893204
2.660493827
1.794117647
2.333333333
1.536764706
2.066176471
2.289655172
3.324324324
5
2.25
4.239583333
1.95215311
1.095238095
1.475409836
2.236979167
3.163461538
0.35106383
5.315789474
4.546666667
1.708860759
2.546296296
0.926553672
2.074074074
1.255474453
2.244186047
2.180555556
2.526490066
1.64
1.739130435
26
1.75975976
1.746031746
1.753623188
2.111111111
2.178947368
3.059701493
1.854054054
1.013888889
1.170731707
1.695652174
2.283018868
2.059701493
1.15942029
1.746031746
2.366071429
2.814814815
2.150289017
2.766666667
3.222222222
1.980645161
1.845070423
3.02970297
1.975206612
1.814814815
2.169230769
2.708333333
0.515789474
2.34
2.258373206
2.133333333
0.773809524
1.981308411
2.848684211
2.288888889
1.010416667
1.68125
1.370629371
2.265625
2.209459459
2.148760331
2.235602094
1.77238806
3.010526316
2.379464286
1.214285714
2.481132075
2.625
2.014925373
1.606896552
1.37704918
2.092592593
2.571428571
4.272727273
4.129032258
2.747663551
1.093333333
2.211453744
0.989010989
2.815384615
2.428571429
2.454545455
2.833333333
2.045454545
4.022222222
1.702380952
2.107142857
2.556818182
1.951219512
2.319796954
1.105882353
1.915584416
2.934343434
2.789473684
2.067137809
1.436363636
1.207792208
1.6875
2.166666667
2.215827338
1.459459459
2.459854015
1.901960784
0.866666667
1.945454545
2.349593496
2.428571429
1.911111111
2.424547284
10
4.5
3.229813665
2.373913043
1.345088161
2.3625
2.333333333
2.063829787
2.150127226
2.864864865
2
0.84
1.607142857
2.965065502
2.2
1.666666667
2.441860465
2.837758112
2.964467005
2.35915493
3.090909091
3.127659574
3.523809524
3.28742515
1.1875
2.630252101
4.397196262
2.098958333
2.292307692
2.154285714
2.17791411
2.75
3.218487395
1.64516129
1.283524904
2.571428571
2.072916667
2.64640884
2.132231405
2.390745501
2.981395349
2.598684211
4.214285714
3.138888889
2.391304348
3.68556701
1.578947368
2.585253456
5
1.190789474
2.333333333
3.153846154
1.737864078
1.625
1.828125
2.010152284
3.045454545
1.794117647
1.710280374
1.598130841
1.962441315
1.973365617
2.537530266
1.846153846
2.172161172
3
3.107142857
1.628378378
2.769230769
2.335483871
2.414965986
2.615384615
2.284615385
1.470404984
2.165605096
3.326388889
2.438016529
1.11827957
1.435294118
3.103448276
2.185483871
0.75
2.070175439
1.158208955
1.330578512
1.089285714
1.745901639
1.089201878
1.428571429
3.022222222
2.440366972
1.645320197
2.458333333
2.868544601
1.148648649
9.740740741
1.570093458
0.668571429
2.387096774
4.644736842
1.811881188
67.11111111
21
2.3875
0.88034188
2.541353383
0.057142857
2.153846154
0.905579399
1.979166667
3.066666667
2.664
0.948717949
2.271028037
2.068965517
2.086956522
1.357142857
2.198412698
1.305397727
2.428571429
2.305
3.147887324
2.537142857
1.933333333
3.796116505
1.81
1.938461538
2.287878788
2.953642384
1.317460317
3.318435754
2.812080537
0.723684211
1.597297297
2.256410256
1.688888889
1.343448276
1.375
3.333333333
1.971428571
2.373493976
1.626865672
2.211009174
1.566666667
1.66442953
2.534136546
3.5
2.366935484
2.085526316
2.120481928
1.669527897
9
3.961538462
1.90625
1.209775967
0.963181149
1.404761905
3.797619048
1.810344828
1.907407407
2.638297872
1.333333333
3.432835821
2.152777778
1.33908046
1.45631068
1.458536585
1.745762712
2.032894737
1.388349515
3.775510204
2.714285714
2.380952381
1.394736842
4.072815534
1.593406593
2.159217877
2.845132743
3.758426966
1.995098039
2.317460317
1
1.654205607
0.366412214
1.29787234
2.099236641
2.234899329
2.174418605
5.133333333
1.793103448
2.793478261
0.842105263
2.436241611
1.460829493
1.285714286
1.395711501
1.621621622
1.306220096
2.049723757
2.507042254
2.175438596
4.163265306
2.084033613
3.834951456
0.015151515
2.666666667
1.681818182
2.136363636
4.575757576
3.210191083
2.008695652
1.178294574
1.87704918
1.671755725
2.573529412
2.65
2.732394366
1.407407407
1.01369863
3.325842697
1.397727273
2.134453782
2.274285714
0.75
0.640931373
2.333333333
1.909090909
1.444444444
2.194915254
3.117977528
0.666666667
0.830508475
1.727272727
1.924050633
1.016949153
3.598101266
2.744680851
1.043010753
6
1.678571429
2.043956044
2.218579235
1.384236453
1.458333333
2.572192513
1.981191223
1.905982906
1.905555556
2.805555556
1.233333333
3.838888889
1.700729927
1.689320388
2.125
2.207692308
2.880952381
2.285714286
1.644067797
1.572815534
4.014577259
2.301075269
1.205882353
2.879518072
2.47834275
1.972222222
2.853723404
2.471428571
1.963855422
3.478632479
2.04379562
1.726027397
2.549090909
1.286885246
2.017045455
2.406593407
4.611814346
1.5
2.248031496
1.30952381
2.121212121
1.111111111
1.458955224
1
1
1.4375
1.984
2.703296703
2.171568627
2.169230769
1.74301676
2.203389831
4.107883817
2.40201005
0.909090909
1.469387755
2.540697674
1.25
1.882882883
2.926829268
0.771604938
0.915254237
0.936507937
2.3625
3.285714286
3.006578947
2.9
3
1.016949153
1.755555556
1.842105263
2.333333333
2.267206478
2.048
1.694300518
3.303797468
2.422845691
2.375
1.757281553
2.442622951
2.076923077
2.578512397
1.888888889
1.598837209
4.176470588
1.35828877
2.789473684
2.86
1.35483871
2.02811245
1.265625
2.573333333
1.410714286
1.904761905
1.130434783
1.441747573
0.40625
1.804
1.381889764
1.825641026
1.463492063
1.64
2.085106383
2.189189189
10.6
1.510067114
1.430232558
205.5
1.948051948
3
2.268456376
1
2.269230769
1.715909091
0.714285714
2.106557377
1.887323944
2.53654485
0.885245902
1.244444444
2.648148148
2.784946237
2.032
1.677966102
2.609756098
1.045454545
2.731707317
0.078125
2.141221374
2.548543689
1.737804878
2.38150289
1.125319693
2.802197802
2.433333333
1.566433566
2.617283951
1.493055556
3.237179487
1.230769231
2.857142857
1.227272727
1.372093023
1.063829787
0.972222222
1.964285714
0.029411765
2.817610063
20
1.940677966
2.530120482
1.444444444
2.28
1.831683168
2.483870968
3.115702479
1.736842105
2.048275862
8.083333333
3.307692308
6.618181818
2.047058824
2.703125
6.709090909
1.516949153
9
5.238095238
2.26875
2.620192308
1.745454545
1.064171123
1.689393939
2.134751773
1.820512821
1.479892761
1.75
1.654545455
2.752988048
1.626168224
2.6375
1.771626298
3
4.056074766
1.957575758
2.185185185
1.217391304
1.937254902
2.381355932
2.217391304
2.318181818
1.806722689
2.495238095
3.040816327
2.723214286
7.846153846
1.49122807
2
2.006802721
1.86259542
1.368932039
2.257777778
2.243902439
26.5
2.538461538
2.304347826
1.440860215
2.097014925
21.98529412
2.338709677
1.875
2.407554672
2.072649573
2.165562914
1.376811594
3.959183673
4.285714286
1.614035088
1.847222222
2.380952381
3.320754717
1.721518987
2.65
2.359281437
1.564102564
2.188034188
2.015810277
2.259259259
1.210144928
8.764705882
4
1.87654321
1.642857143
2.285714286
2.608247423
1.235294118
4.172413793
2.192307692
1.783783784
2.065789474
3.790441176
1.593023256
3.01
1.618181818
2.177474403
3.514705882
1.348039216
2.289361702
1.965517241
2.208333333
0.884210526
2.489208633
2.037313433
1.195845697
2.24
1.523809524
1.83
3.770491803
2.884615385
1.955223881
1.52293578
1.447368421
2.873303167
1.725490196
2.025316456
0.963636364
1.618055556
2.236842105
2.148484848
1.630490956
2.348623853
1.181818182
2.620545073
2.521367521
2.058510638
1.875
2.534090909
2.283783784
2.708520179
3.563157895
2.115384615
1.795238095
1.410958904
1.879518072
1.822222222
1.880952381
1.383512545
3.127877238
0.710526316
4.56097561
2.923240938
2.865217391
1.780487805
1.890625
2.558823529
3.06557377
2.037878788
2.306748466
4.475247525
1.873417722
1.895683453
2.045801527
3.5
2.290909091
2.435233161
5.3125
2.382716049
4.5
2.038461538
1.732142857
2.039473684
2.262626263
1.655021834
0.981132075
2.526785714
2.833333333
1.630136986
1.371727749
2.636363636
2.282051282
1.81443299
3.769230769
2.193103448
1.576
1.158208955
1.777777778
2.243093923
2.24137931
1.82038835
2.511627907
2.254464286
12
24
2.099137931
2.779069767
1.333333333
2.183098592
1.717391304
1.608695652
2.089494163
1.306451613
1.950226244
5.551020408
1.416666667
2.159482759
1.590909091
1.575
3.097345133
1.940740741
2.3
1.236486486
2.552
1.717948718
4.5
2.346341463
2.017699115
2.17
1.805031447
3.7
2.074074074
2.734042553
2.492753623
2.931034483
1.45890411
1.192592593
2.9
2.264604811
4.696428571
35.75
2.112068966
3.091743119
1.277777778
0.574074074
1.985365854
2.225352113
2.122222222
1.54601227
0.810810811
0.128712871
1.807017544
2.397515528
3.282539683
2.886363636
0.534883721
1.478873239
2.625592417
1.841346154
2.162921348
1.650793651
1.860294118
3.377990431
1.536
0.948051948
124.6666667
3.396907216
2.702997275
1.322580645
2.218181818
2.255131965
2.790909091
2.468446602
2.766233766
2.033613445
3.8
5.25
1.142857143
6.401273885
0.030120482
2.114173228
0.946969697
1.028571429
2.805555556
2.333333333
3.661016949
3.084632517
1.622222222
2.718232044
2.866197183
2.961538462
1.540540541
2.747524752
1.483870968
3.497695853
0.466666667
2.575342466
2.05982906
1.504065041
1.305555556
2.181102362
2.67826087
1.951612903
2.329758713
2.49197861
1.8
2.669565217
1.765957447
2.3
1.551020408
1.3125
3.064
1.771084337
2.5
2.882352941
1.943298969
1.416058394
2.476923077
1.92
2.076923077
1.714285714
2.914285714
2.708860759
1.406360424
1.429824561
3.824175824
2.982035928
1.943820225
2.06557377
2.169230769
1.27804878
1.892307692
2.351485149
1.769230769
1.774683544
2.618534483
2.811111111
3.175675676
2.658333333
2.682795699
2.505208333
1.25
7.058823529
1.175
3.237037037
1.590361446
1.922077922
1.409090909
3.085470085
4.411764706
2.768115942
5.533333333
1.38372093
2.56
5.082954545
2.361111111
2.701030928
3.639175258
3.169444444
2.090361446
0.84375
2.936842105
1.1
1.859315589
1.320895522
1.487603306
2.340740741
1.812030075
1.967741935
1.981651376
3.095588235
2.027586207
1.671875
1.108280255
1.048387097
0.627272727
1.95
3.450643777
2.333333333
1.478527607
2.282758621
2.802631579
3.448051948
1.340659341
1.772222222
1.136645963
1.333333333
2.770642202
3.28125
1.645833333
1.745308311
2.829457364
1.289855072
2.754098361
0
2.402597403
3.284023669
2.369863014
2.140740741
2.444444444
1.2
0.844036697
1.705
1.494845361
2.663366337
4.532388664
2.947368421
2.428571429
2.967741935
2.173913043
2.25
3.4
2.392857143
2.085106383
2.35678392
1.129411765
1.984126984
1.670634921
2.447368421
2.274285714
1.869955157
2.848648649
2.291666667
2.601769912
1.266666667
1.293103448
1.98
1.48
1.464163823
2.757575758
2.590425532
1.158227848
4.551724138
1.522727273
2.666666667
1.877906977
1.59009009
0.692307692
2.083832335
2.691176471
1.944444444
1.368932039
2.652173913
1.652173913
2.694117647
1.369230769
2.331877729
2.127906977
1.599706745
2.581081081
2.881516588
3.920792079
2.957746479
1.238636364
1.127659574
2.198373984
9.5
1.673684211
1.819047619
2.532110092
2.222222222
2.4
1.876923077
1.931034483
2.198369565
2.214285714
2.185185185
2.246987952
0.938202247
4.516732283
2.379876797
3.342857143
1.965909091
2.379032258
1.059210526
2.708333333
1.717557252
2.641025641
2.339694656
2.577464789
1.285714286
1.361313869
3.184834123
1.159090909
1.325301205
1.709677419
1.964285714
6.483739837
2.217741935
2.146596859
2.754385965
1.537634409
1.279187817
1.555555556
2.343096234
2.476683938
1.955555556
3.921052632
2.256
1.437735849
1.9
2.08974359
4.230769231
2.961538462
3.012987013
1.5
2.917808219
1.882352941
1.883333333
1.842911877
1.72
3.407407407
2.688073394
2.010989011
2.246031746
3
3.413793103
1.72972973
2.203539823
1.764705882
1.090909091
8.583333333
2.625
4.193181818
2.941176471
1.260273973
0.946428571
2.301724138
1.875
3.863070539
1.215753425
0.946428571
2.954545455
1.8
2.277027027
2.683333333
0.726315789
1.875
3.223958333
1.94047619
1.968253968
2.208860759
4.597222222
1.295652174
1.633165829
2.730769231
1.588888889
6.393442623
3.678899083
2.047169811
2.941176471
1.991596639
2.139130435
2.079439252
1.666666667
3.202247191
1.916666667
1.294117647
1.318181818
1.829787234
1.928994083
2.137614679
2.007462687
0.920245399
2.090909091
1.896
1.843478261
1.954545455
2.654135338
2.225806452
1.796296296
3.377245509
1.307692308
2.369565217
0.903225806
0.989361702
1.548387097
2.8
1.555555556
2.630573248
2.131578947
1.25
1.419354839
1
2.764705882
2.753138075
0.993902439
1.260869565
1.018604651
2.041666667
2.480314961
1.932914046
2.133333333
2.737864078
2.211267606
1.199475066
2.211382114
1.686956522
1.123809524
2.447916667
2.4140625
1.4296875
1.405594406
3
3.214285714
2.422222222
2.647058824
4.420168067
4.16
3
1.883333333
2.16091954
2.298013245
2.37408313
1.566929134
2.608294931
5.04770477
1.169117647
8.45
2.524691358
3.336111111
2.777777778
1.682926829
2.562790698
2.51010101
2.399038462
0.73015873
2.848484848
1.267326733
0.7
1.341176471
2.195804196
1.849315068
1.057142857
1.976525822
2.5
2.538461538
2.879562044
2.154929577
1.392857143
2.472906404
3
1.549800797
1.210526316
1.699346405
1.40397351
2.122137405
1.652671756
1.465986395
3.350961538
2.43852459
2.186206897
3.005333333
2.115384615
1.26
1.895027624
1.251928021
1.125
1.980392157
1.25
1.878504673
2.474358974
1.859375
2.219512195
0.211081794
1.422535211
2.372727273
9.595744681
2.327586207
2.361538462
0.72147651
2.968085106
11.63247863
1.796680498
3.181818182
1.206521739
1.053030303
1.308823529
3.168674699
1.487804878
2.967741935
2.342281879
1.317757009
2.626262626
1.25
6.28125
2.285714286
1.869158879
12.66666667
2.091932458
3.126865672
2.337209302
2.070422535
2.144628099
3.630136986
2.739726027
0.092307692
1.330434783
2.887096774
2.384615385
1.580808081
1.545454545
6.692307692
3.632352941
2.075630252
1.265734266
2.162393162
2.136363636
3.134328358
1.608695652
2.003174603
3.6
2.053097345
2.176470588
1.363636364
2.092936803
2.80952381
1.917355372
4.157894737
1.932735426
1.947058824
1.875
3.1
1.792792793
2.15
13.11111111
1.794871795
2.553191489
1.8
3.666666667
2.222857143
0.046875
1.852173913
1.519230769
2.545454545
2.691588785
3.169354839
2.166666667
1.315789474
2.841772152
1.801652893
1.962025316
2.530864198
2.595330739
2.406882591
1.512195122
2.072368421
1.927272727
2.014925373
2.807228916
2.627118644
2.314720812
2.347150259
1.362068966
2.412698413
2.63559322
1.917647059
3.412878788
2.024509804
2.090517241
1.310810811
2.863157895
2.25
1.721068249
1.389830508
1.387096774
1.725806452
2.333333333
2.757142857
2.708860759
3.2
2.5
1.333333333
1.264367816
1.659722222
4.157894737
1.662162162
2.536796537
1.767741935
2.403614458
2
1.560209424
3.011235955
2.114285714
0.762195122
2.382978723
2.830275229
0.814569536
3.970588235
14.75238095
2.47107438
2.579487179
2.627737226
2.485576923
2.224137931
5.5
1.384615385
2.428571429
1.866071429
1.239583333
2
2.101694915
1.333333333
2.263157895
1.659279778
1.21761658
2.536231884
1.895973154
2.191489362
1.542857143
2.101265823
2.653061224
1.358490566
2.896969697
2.764705882
2.660194175
2.906542056
2.369747899
2.777777778
2.185915493
3.15270936
3.401360544
1.581395349
1.116129032
3.666666667
2
1.708737864
1.593220339
1.962406015
1.155555556
2.4375
2.756410256
1.654867257
1.668831169
1.608
0
2.544117647
1.448717949
1.971563981
4.007518797
2.041322314
2.074829932
5.578772803
1.714893617
1.464454976
1.3875
1.158208955
1.953488372
1.506849315
1
2.4
1.950980392
5.133333333
3.496453901
0.625
1.860465116
1.841642229
2.618421053
2.034482759
1.539325843
2.630769231
2.047619048
2.073170732
1.133333333
2.478991597
1.77037037
1.938461538
2.165354331
2.305263158
1.693069307
1.56097561
2.365384615
2.797802198
2.666666667
1
2.4765625
0
2.823529412
2.072164948
1.562874251
2.043478261
1.724409449
2
2.080357143
4.416666667
0.677966102
4.206896552
2.165714286
6.230769231
2.121495327
2.258823529
2.993939394
2.185185185
2.56424581
1.822164948
1.576923077
2.308411215
1.585365854
0.78313253
2.102803738
2.085470085
1.634482759
1.396825397
2.869158879
2.145454545
2.078431373
4.236842105
1.260869565
3.337899543
5.75
1.596330275
2.901098901
1.596774194
0.776699029
3
2.022026432
3.798798799
1.24
0.288888889
2
0.5
1.81300813
1.303030303
5.255319149
2.333333333
1.451219512
3.397515528
2.039175258
1.137931034
0.952380952
1.583333333
1
1.839285714
2.044843049
1.772357724
2.698412698
1.233009709
2.1875
1.916666667
2.94278607
4.857142857
2.143478261
2.242424242
3.336734694
1.533333333
3.178217822
1.50877193
1
0.702702703
4.529411765
2.347222222
3.063492063
2.382533825
1.526442308
1.829268293
2.141975309
1.269230769
2.487455197
1.333333333
1.714285714
1.544827586
2.104477612
0
2.892215569
2.033613445
2.25
2.938461538
2.565217391
2.46
2.210526316
1.698113208
1.568181818
2.848341232
4.023529412
2.821917808
1.859060403
5
2.032258065
1.942857143
1.366666667
3.876344086
1.448979592
2.132653061
0.739726027
1.562043796
2.223463687
4.075313808
2.568181818
1.342245989
1.820895522
2.644736842
1.74796748
4.68627451
2
2.39408867
2.448467967
1.868525896
2.935483871
1.728744939
3.461538462
1.974842767
4.820754717
1.709459459
0.9
2.684684685
1.557692308
2.53968254
1.4
1.983050847
4.039548023
1.861702128
2.136363636
2.224242424
1.594827586
1.244094488
1.869047619
2.172413793
3.423076923
68.8
2.079545455
1.608108108
0.829787234
1.453125
2.259259259
1.896551724
26
1.930357143
3.2
2.0625
2.575471698
0.751937984
2.5
2.254464286
2.888888889
14.81818182
2.839449541
2.105882353
1.242307692
1.130434783
2
1.933701657
1.726495726
4.835443038
1.811881188
2.795918367
2.63546798
1.083333333
1.61752988
1
3.669421488
2.470967742
1.028985507
2.426966292
1.49825784
2.545454545
1.761363636
0.973880597
6.357142857
1.919117647
3.85915493
1.55
2.246323529
2.574297189
2.503816794
2.064285714
2.033457249
2.393814433
2.514018692
0.04
2.496732026
1.023255814
2.371794872
5.977119785
0.876190476
2.191780822
2.460869565
2.262068966
2.105960265
2.295238095
1.546218487
2.945147679
4
2.706666667
1.979020979
2.862068966
0.073529412
2.119533528
1.987179487
2.490384615
2.404426559
1.955223881
1.464285714
10.82758621
4.182320442
6.314814815
2.292307692
1.578231293
0.5
1.893617021
0.847058824
2.183139535
2.463687151
3.264864865
3.90212766
1.379032258
1.891304348
3.211764706
3.146551724
2.29468599
2.157894737
2.173611111
2.536945813
2.468253968
1.256410256
2.073170732
2.2
0
1.423913043
2.983606557
4.689265537
0.995633188
1.545454545
1.760736196
1.488721805
1.376146789
2.174825175
2.888888889
1.396551724
3.582089552
3.613924051
3.382198953
2.070175439
3.428571429
2.612903226
1.553246753
1.690721649
4.285714286
1.145454545
0.983695652
1.358974359
2.786885246
1.105882353
1.211340206
2.023622047
1.739495798
3.661290323
1.5625
1.872340426
1.652073733
3.248
2.622222222
1.515306122
4.115015974
2.690909091
2.055837563
1.405660377
2.247311828
1.719101124
2.511811024
1.886178862
2.406015038
2
2.328467153
2.554455446
3.912621359
2.87012987
3.175438596
1.071734475
1.677419355
2.420289855
1.850515464
1.62295082
2.539130435
1.640449438
2.757575758
2.602836879
1.815789474
1.953846154
1.685714286
2.039755352
2.137566138
1.669354839
2.706293706
2.558558559
0.958083832
2.128205128
8.363636364
2.25
2.363636364
1.154761905
1.089285714
2
1.420454545
3.228915663
17
2.477777778
1.220779221
1.537735849
1.955882353
2.663043478
2.44
3.71969697
0.534482759
3.528571429
2.843478261
2.308370044
2.954022989
2.476038339
1.948275862
3.342592593
1.445378151
2.183673469
1.861111111
3.933333333
2.923076923
2.75
2.62716763
1.354166667
1.070175439
1.663333333
1.40625
26
1.985714286
2.346153846
2.378787879
1.842857143
1.433467742
1.581081081
1.65625
2.302832244
2.858974359
2.285714286
1.6
2.917721519
2.481798715
1.620253165
1.264150943
2.8125
2.584558824
2.019379845
2.485849057
1.440993789
4.040540541
2.032786885
1.927927928
1.381909548
2.147058824
2.26119403
2.618644068
4.517241379
3.785714286
2.207048458
3.188811189
4.955882353
2.944
2.176470588
1.153846154
2.212121212
0.068965517
0
3.375
2.556291391
3.184210526
1.585365854
1.62992126
2.837606838
2.115384615
1.709090909
1.284153005
1.786885246
3.952380952
2.060402685
2.068181818
1.838709677
2.572368421
1.506849315
363
1.081081081
3.670103093
2.361607143
2.552238806
1.815789474
1.906862745
1.333333333
9.833333333
1.754098361
1.811764706
0.946153846
0.361702128
1.425
0.8375
3.357142857
1.367816092
11.50877193
2.44047619
1.937142857
1.325581395
2.392207792
1.666666667
2.246153846
1.019417476
2.2
1.724832215
1.433333333
1.96875
1.52173913
1.301587302
1.324675325
4
1.552238806
1.240740741
2.291666667
3.379679144
2.058333333
2.296296296
2.728571429
5.636363636
1.034883721
1.838150289
2.621359223
1.86
1.690909091
2.119122257
4.802469136
1.115384615
2.546875
1.560810811
17.6
1.902439024
2.611940299
3.534161491
4.73015873
2.122807018
2
0.888157895
2.532758621
1.983050847
1.769230769
2.939393939
3
1.27090301
2.327586207
2.151658768
2.43062201
1.482758621
1.574074074
2.401273885
1.405797101
2.18
2.401360544
0.791773779
0
1.229508197
1.492753623
1.25
1.069767442
1.25
2.888888889
1.654411765
5.318584071
3.316666667
1.541666667
2.645962733
1.392857143
1.559322034
1.488235294
1.469387755
1.415584416
1.70625
0.268145161
1.636363636
2.36875
2.62992126
0.87020649
1.62962963
1.845814978
4.105882353
2.348314607
2.572847682
1.978723404
2.611764706
1.833333333
2.870967742
3.308333333
2.092307692
68
2.103641457
1.955882353
2.280373832
1.679487179
11.16666667
2.05
2.08583691
3.622754491
2.117241379
2.102040816
1.9
2.611650485
1.253731343
2.417910448
2.16091954
2.176870748
1.38
2.109090909
1.6
2.055555556
2.920661157
2.270408163
2.454844007
1.913043478
3.438271605
1.21875
2.943661972
2.843260188
1.293333333
1.811965812
1.786324786
1.752066116
3.639344262
1.300884956
1.833333333
1.953488372
2.866359447
1.967320261
1.769230769
1.846994536
2.260162602
2.43956044
1.090909091
1.838983051
1.368421053
2.398523985
2.362924282
2.5
2.053097345
1.28189911
1.427272727
2.233333333
3.037974684
2.009237875
1.192982456
1.586956522
3.801980198
4.5
2.082706767
2.483679525
1.510752688
1.540540541
2.743975904
4.142857143
0.916666667
2.238461538
1.221938776
2.744680851
0.963636364
2.114754098
1.823076923
3.3671875
1.643835616
1.903846154
2.528846154
1.732142857
2.975124378
2.295081967
2.084033613
1.948051948
1.448087432
1.648026316
0
1.807692308
3.68
3.556521739
1.111111111
0.935251799
2.155555556
2.395833333
1.291666667
1.732394366
2.5
2.816993464
1.142857143
1.710743802
2.106666667
1.166666667
2.102739726
1.556650246
1.292682927
2.114285714
1.622377622
1.84057971
2.212435233
1.834196891
1.382352941
1.025
2.283687943
1.241071429
2.614457831
2.085714286
3.03880597
1.974874372
1.431034483
2.375
1.183098592
2.390625
1.181818182
3.1125
2.491525424
2.25
2.03255814
1.929411765
2.690909091
2.513409962
2.644859813
1.458333333
0.092307692
3.297979798
2.171428571
1.527777778
1.779411765
2.655339806
1.651821862
1.438095238
1.553072626
3.198275862
0.179245283
2.222222222
1.984375
1.7593361
3.798076923
1.636363636
1.507692308
1.128093159
2.559322034
1.348214286
4.777777778
2.95049505
14
2.069767442
2.5
2.921428571
2.084033613
2.380952381
1.351449275
2.502824859
1.712121212
3.483091787
1.603448276
1.884615385
1.356321839
1.894736842
2.269230769
2.145631068
0
2.772727273
2.720670391
1.954954955
1.942307692
3.673469388
1.405349794
3.966850829
3.130769231
1.627118644
1.204747774
1.955555556
2.454545455
3.181208054
3.917910448
1.279069767
1.850152905
1.470899471
2.018867925
4
2.131147541
1.407407407
4.797202797
4.628378378
2.735849057
1.9296875
1.930693069
0.973544974
2.015151515
0
2.382239382
1.984496124
2.139372822
1.534090909
2.408450704
1.709677419
4
2.466666667
1.883333333
1.857142857
1.97979798
7
2.380208333
2.890243902
2.65
2.59223301
2.730337079
6.111111111
4.8
1.835714286
1.884057971
2.269230769
9
1.989690722
1.873015873
2.6
2.238095238
0
2.545454545
2.516778523
2.114285714
1.756637168
2.712121212
0.85
1.403726708
2.414634146
1.861788618
1.627118644
2.694444444
2.081967213
2.470899471
4.285714286
2.615819209
2.25
2.036363636
2.172794118
2.858333333
0.953125
1.410526316
1.495762712
1.787313433
0.392857143
1.982142857
1.048780488
2.10326087
2.890625
3.103030303
1.294117647
2.623188406
2.583333333
2.922619048
5.510989011
2.089552239
2.702702703
1.675925926
2.755813953
2.411764706
3.5
3.388888889
1.848837209
4.333333333
2.840375587
0.933333333
1.677083333
3.198198198
1.710594315
1.8671875
1.330708661
1.9
5.58
1.930693069
1.725888325
2.923076923
1.715447154
1.388888889
2.987179487
3.232142857
2.285714286
2.434782609
1.072164948
3.5
2
2
1.857142857
1.92481203
2.339285714
4.1
2.118421053
2.208333333
1.516483516
1.266666667
3.099009901
1.525
0
2.978494624
1.537102473
3.025
2.354906054
3.986486486
1.759124088
2.5625
1.943089431
2.227138643
2
2.393162393
1.75
3.152777778
1.828358209
3.263392857
2.56
1.823529412
2.198250729
0.699186992
1.534482759
196.5
2.182481752
1.448275862
1.856230032
1.357894737
1.220472441
2.013605442
3.5
1.740740741
1.130434783
3.126245847
2.033112583
2.92248062
1.275229358
2.301369863
3.375
1.911111111
2.888059701
1.860606061
2.711442786
1.06779661
1.588888889
1.569230769
1.38
2.27480916
2.363013699
1.564516129
2.283950617
2.45
0.815789474
0.609375
2.093220339
1.625649913
1.110782866
4.285714286
2.670886076
2.699115044
2.333333333
2.172932331
2.277027027
1.719008264
1.217948718
3.537735849
2.09771987
1.608695652
1.791666667
1.91
2.636363636
1.833333333
2.208955224
1.24822695
4.330873309
1.514367816
2.8
2.715277778
4.5
2.80952381
2.930555556
2.362068966
3.322147651
2.057268722
1.392857143
2.367647059
1.980769231
1.510416667
1.451612903
1.242424242
2.131782946
2.5
1.852713178
2.36407767
1.704761905
1.659574468
3.176470588
2.268292683
2.12
1.880681818
1.752688172
2.704225352
1.083333333
1.395973154
1.205479452
2.490196078
1.110169492
3.772151899
2.431761787
1.691176471
1.912280702
1.785714286
1.978165939
0.945652174
2
2.016
1.486199575
2.115384615
2.926136364
1.924137931
4.458333333
1.639130435
1.391025641
2.09623431
3
4.214285714
2.164383562
2.12
2.202531646
3.438596491
3.561111111
1.799065421
2.304347826
2.153409091
1.443037975
1.948837209
1.961538462
3.296296296
1.820512821
0.884210526
2.118181818
1.74789916
1.857142857
3.677083333
2.978723404
1.78817734
2.088235294
2.569620253
1.696078431
2.649681529
0.333333333
2.621890547
2.77486911
1.170731707
1.447761194
1.191489362
1.123595506
0.073529412
1.35
1.89516129
1.693877551
1.52892562
2.128318584
2.238095238
1.410714286
1.955752212
1.80733945
1.956521739
3.848484848
2.040983607
1.7
1.171717172
1.746031746
37
1.878787879
2.988372093
2.676470588
12.33333333
2.778280543
3.616438356
2.211309524
2.597285068
3.738461538
1.904761905
2.619047619
2.372294372
3.875
1.648
2.497512438
1.645390071
2.847953216
1.430875576
3.211538462
1.892
2.609375
2.729166667
2.180327869
1.909090909
1.177664975
1.530612245
1.551282051
1.985507246
2.84375
1.333333333
0.87804878
3.427807487
2.455938697
3.321705426
3.128851541
1.616161616
3.842105263
2.328947368
2.594594595
2.096446701
1.863095238
2.427312775
2.753488372
4.349462366
4.191750279
2.105263158
2.60130719
1.760714286
1.105263158
2.675
3.083333333
1.1
2.068627451
2.47752809
3.481481481
2.333333333
1.595744681
2.907407407
2.407407407
1.181818182
2.959183673
1.512195122
2.394805195
1.44
2.269035533
0.929292929
2.355371901
2.5
1.885106383
1.356913183
3.100628931
1.559633028
1.105263158
3.833333333
2.371428571
2.913461538
1.041139241
3.292857143
2.724137931
2.033613445
3.060185185
1.943965517
1.116666667
2.21291866
4.206349206
2.86259542
2.74251497
1.181818182
2.872763419
1.352941176
2.012987013
1.281690141
2.62745098
2.340807175
0.983050847
1.590425532
1.948529412
0.007092199
0.891304348
2.463636364
1.817391304
2.144067797
4
1.976
1.653846154
3.339506173
1.376470588
1.360465116
1.888888889
0.77173913
2.980392157
1
2.227272727
3.722132472
5.368421053
0.884615385
4.666666667
3.261648746
2.251908397
1.551020408
1.602739726
2.428571429
1.796116505
3.585106383
1.589041096
1.428571429
2.19379845
2.195804196
0.099616858
3.396907216
1.3
3.405405405
2.026845638
2.1
2.146608315
1.857142857
1.2
1.75
1.66025641
1.169491525
2.171232877
3.181818182
0.976744186
1.584337349
1.142011834
2.413461538
2.5
1.527777778
1.744186047
6.266666667
2.891089109
2.527272727
2.400990099
2.419191919
1.888888889
2.228070175
1.653846154
1.285106383
1.487179487
3.085714286
2.423076923
1.427835052
2.5
1.769230769
1.235294118
5
2.467032967
1.433333333
3.182608696
2.036764706
3.060606061
2.606060606
1.693548387
1.041666667
4.181818182
0.666666667
1.625
1
2.514814815
2.041025641
2.388059701
1.618556701
2.61627907
1.668103448
2.385638298
2
2.881578947
1.782608696
2.247058824
2.664473684
1.046666667
1.545454545
1.057142857
4.005714286
2.782608696
2.097130243
2.452054795
2.24822695
2.018867925
1.259259259
2.342105263
1.991596639
2.445434298
2.277777778
1.411764706
2.742138365
3.131034483
2.550561798
3.080924855
1.67826087
1.094117647
1.841025641
1.969230769
3.553191489
2.672413793
2.736842105
2.244827586
1.4
1.333333333
2.337209302
1.751879699
1.720588235
2.654822335
3.409326425
3.339622642
2.474747475
2.3
2.593220339
1.470588235
1.565445026
2.433333333
2.071942446
1.670588235
3.090497738
2.442622951
1.19
1.941176471
4.323943662
1.517241379
3.230769231
2.00952381
3.275862069
2.366834171
2
14.52941176
2.435064935
51.16949153
5.463235294
1.893442623
1.655172414
3.622754491
1.566666667
1.266666667
1.088235294
1.527196653
1.755434783
0.769230769
1.646511628
0.951219512
1.371717172
1.382608696
1.565217391
2.333333333
0.845070423
2.283333333
3.466666667
1.663865546
2.838709677
2.016806723
3.717475728
2.983606557
2.803571429
4.255474453
0
2.092307692
2.051401869
2.151898734
1.979757085
2.333333333
0.758426966
2.030848329
2.304347826
1.723880597
3.6
1.687
1.24691358
1.926229508
1.621761658
2.568965517
3.377777778
2.797101449
1.774193548
1.725274725
0.842105263
2.458064516
2.06547619
0.181818182
0.444444444
3.348993289
1.886666667
1.550632911
2.333333333
1.235955056
1.997630332
1.6
2.636363636
1.38
2.28
2.307692308
1.014423077
3.096774194
0.96875
1.988095238
2.694736842
3.2
2.180412371
1.679411765
1.486891386
2.661157025
1.26119403
2.246153846
1.276190476
3.294117647
3.128205128
2.457886677
1.922746781
1.245762712
1.418604651
0.352941176
0.897435897
2.263322884
1.568965517
1.917355372
1.601078167
1.395348837
3.146596859
2.297619048
1.194805195
2.769230769
1.141509434
1.171487603
1.295081967
3.871794872
2.137640449
3.02189781
1.571428571
0.909090909
2.488888889
3
1.5
2.271794872
1.727272727
2.763157895
1.333333333
2.494252874
3.322147651
3.345070423
2.033057851
2.232294618
2.566820276
1.71875
2.108108108
1.953488372
2.153153153
1.450704225
2.555555556
1.554455446
1.693877551
2.576190476
2.227513228
3.103896104
2.481375358
1.411764706
2.952380952
2.059322034
1.97008547
1.511111111
1.920199501
2.43220339
2.207792208
0.666666667
4.833333333
1.5
1.154761905
2.669811321
1.640350877
1.690909091
0.916666667
1.091722595
2.054794521
3.55078125
3.387096774
1.337837838
1.714285714
1.578199052
1.64893617
2.541315346
1.931372549
1.125
2.960784314
2.415730337
0.881188119
2.430594901
2.886792453
2.590909091
2.244827586
1.597315436
2.08974359
2.683673469
1.012345679
2.239263804
2.455357143
2.066115702
1.921052632
2.008474576
2.252380952
1.884848485
2.970588235
1
1.762195122
1.587412587
2.013888889
1.745945946
0.819767442
2.122881356
1.581081081
19.66666667
2.039647577
1.034090909
3.795266272
2.129770992
2.1
0.842105263
2.294392523
2.884615385
2.972826087
3
1.586021505
1.68
5.449438202
4.555555556
1.41221374
1.714285714
4.727272727
1.784482759
2.859223301
1.882352941
2.896551724
2.204379562
1.613333333
1.296511628
2.0968523
1.504761905
0.936170213
2
2.118811881
2.697183099
2.289156627
1.7
2.582191781
6.666666667
3.164179104
1.238095238
2.4375
2.333333333
3.438356164
1.506493506
1.175438596
1.579365079
1.333333333
1.832167832
1
2.147058824
3
2.490740741
2.289017341
1.214592275
4.738636364
2.15625
2.068459658
2.720930233
4.699029126
2.390909091
2.206896552
2.720930233
1.47761194
2.242647059
1.055865922
1.242857143
1.925925926
1.416
0.590909091
0.916666667
1.996763754
1.963768116
1.720647773
1.416
5.689873418
6.582417582
2.817460317
3.184971098
2.633027523
2.067567568
1.512820513
1.7125
2.77826087
1.461538462
2.195876289
1.266666667
0.697802198
2.761904762
1.885714286
2.485
1.544052863
2.918367347
2.862068966
1.339130435
2
2.219653179
2.18
3.668367347
2.349593496
2.430769231
1.602272727
2.565217391
2.352941176
2.493975904
1.402298851
9.954545455
3.117647059
2.308917197
1.701492537
8.5
1.93
1.603174603
3.220568336
1.641509434
1.539568345
2.297709924
2.497536946
1.310344828
3.1
2.169230769
8.032520325
2.238670695
2.466666667
7.636363636
0.941176471
3
1.807017544
0.946236559
1.830769231
1.626436782
2.282442748
1.205479452
1.720414201
6.832298137
0
2.319444444
1.451612903
1.547120419
1.695652174
2
3.195876289
1.759036145
1.868131868
2.593333333
2.125714286
1.595041322
0.691891892
1.620689655
2.128205128
2.375
2.307692308
0.765873016
2.12037037
1.217391304
1.974358974
4.625
1.743315508
2.450549451
2.37587007
2.3187251
1.981557377
2.063985375
1.48
2.968253968
2.075418994
2.986725664
1.785714286
2.269230769
1.185483871
1.971698113
2.578947368
2.741935484
0.953488372
3.070544554
1.266666667
1.584415584
3.020408163
1.504761905
2.308370044
2.246153846
1.947368421
2.234693878
2.967213115
2.16152019
3.443243243
2.295652174
0.433333333
3.290322581
2.05511811
2.84
2.948717949
2.417553191
2.522772277
2.272727273
3.064102564
1.765625
3.912621359
269
2.968503937
2.146153846
1.9453125
2.673913043
2.243902439
3.145833333
2.739130435
2.575
3.109550562
2.333333333
239
2.493421053
3.787037037
1.25210084
2.849514563
2
2.811111111
2.34
1.406360424
1.230769231
2.543788187
1.892857143
5.916666667
57.25
0.342857143
1.47107438
2.407079646
1.277777778
1.03960396
1.42408377
2.589473684
2.112676056
1.98820059
3.307692308
2.517684887
1.833865815
2.833333333
2.014925373
2.529255319
1.371428571
2.073482428
2.439814815
1.935294118
2.45631068
2.559701493
1.306930693
1.711340206
0.92
1.559405941
4.083333333
0.951219512
3.570093458
2.428571429
1.69047619
2.193548387
1.181818182
2.396946565
3
1.711864407
2.919402985
2.727272727
1.89893617
2.350877193
3.466666667
1.25136612
2.234782609
2.192982456
2.660377358
3.026058632
1.481481481
2.861111111
4.668965517
0.047619048
2.188235294
2.194690265
2.755102041
2.917721519
1.898148148
3.588235294
3.21641791
5.354166667
2.6
1.782608696
0.243902439
2.392523364
3.236842105
2.980582524
2.178861789
1.855769231
1.670616114
2.315789474
2.394736842
1.52972973
1.5
1.983870968
1.931271478
2.198473282
2.894736842
2.213414634
1.529411765
2.527777778
1.714285714
0.144628099
2.369047619
2.142857143
3.060606061
1.702898551
1.837837838
2.889400922
2.06779661
2.27480916
0.758928571
1.286821705
1.659574468
1.010989011
1.859813084
1.550458716
2.257575758
2.157894737
2.285714286
2.820512821
1.807692308
1.867256637
1.582278481
3.662337662
1.377358491
2.172284644
0.825
1.781333333
0.590163934
2.677966102
2.390862944
2.169590643
1.730569948
0.973333333
0.965250965
2.62406015
3.244712991
1.764705882
3.666666667
0.893939394
1.774647887
1.62601626
2.857541899
1.806451613
2.757575758
1.17
3.833333333
1.479166667
1.688172043
0.791976226
3.715686275
2.088235294
1.603960396
2.468085106
1.755905512
1.388489209
1.471698113
1.363636364
1.1
2.016806723
0.946236559
1
3.217391304
1.631578947
2.268292683
1.295454545
2.133333333
1.992366412
1.271676301
1.666666667
2.159090909
1.728813559
2.615384615
18
2.295774648
2.759036145
3.283018868
1.661971831
1.421052632
14.11764706
2.6
1.796934866
2.026666667
2.504504505
1.625
3.31884058
1.509009009
2.066666667
2.110671937
1.462686567
2.666666667
1.918205805
2
2.171122995
1.315789474
2.314009662
2.165957447
1.614197531
3.153374233
2.976377953
1.031055901
2.7
1.48
1.849557522
1.653061224
3.039370079
2.168
1.454545455
2.693548387
3.060836502
1.801587302
2.097222222
2.396341463
1.818181818
2.164383562
2.852678571
3.695652174
2.68
61.83333333
2.100877193
2.243093923
1.798449612
2.976190476
2.459546926
1.268292683
2.618181818
2.355555556
2.051948052
1.766393443
1.183673469
2.411564626
1.695652174
1.576923077
0
1.814516129
1.444444444
1.357142857
1.255813953
1
2.75
1.333333333
2.217391304
1.725239617
2.474860335
0.830188679
2.99
2.009803922
1.597222222
2.290640394
1.316666667
1.743055556
2.864253394
2.530769231
1.3375
2.930769231
1.623076923
1.914141414
2.933333333
1.789772727
1.737226277
2.310580205
1.475
1.714285714
2.9
1.591397849
1.400966184
2.457746479
2.151685393
1.927710843
2.854166667
2.429429429
1.677316294
1.333333333
2.653846154
1.991666667
2
2.615384615
1.291262136
0.712871287
1.774774775
1.719101124
2.059259259
2.333333333
1.873015873
3.286103542
1.868613139
16.6
2.887755102
3.368421053
2.818181818
1.992125984
2.770833333
2.940217391
2.191176471
0.073529412
0.03875969
2.051204819
1.066666667
4.533018868
1.813559322
2.362944162
1.55
7.606060606
1.93877551
1.736842105
2.308370044
2.308333333
0.78
3.565714286
1.729411765
2.306818182
2.621212121
2.097744361
1.171548117
1.86631016
1.800947867
2.520504732
2.7
2.074324324
2.541062802
1.991596639
2.71875
3.045592705
1.927152318
0.777777778
2.352941176
2.421052632
1.4
1.935483871
1.293617021
2.235294118
1.208955224
1.406779661
2.408602151
2.407894737
2.307692308
2.120192308
2.607305936
2.038135593
1.158208955
1.5249501
2.952662722
3.903846154
2.757961783
3.388489209
0.788461538
5.166666667
1.876811594
2.382636656
3.492424242
1.584615385
1.537815126
1.571428571
1.715231788
2.087837838
1.417763158
3.068965517
2.881355932
1.583892617
3.45
1.542168675
1.494382022
1.272727273
2.244117647
0.828282828
0.62244898
1.918367347
2.438559322
1.889724311
1.947368421
1.586206897
2.932692308
1.287234043
5
2.25
2.089285714
1.4375
0.837053571
10.66666667
2.461956522
2.043165468
1.746835443
2.462932455
1.353571429
2.372972973
2.544642857
1.257575758
2.496969697
2.567114094
2.944444444
2.451086957
1.334519573
2.355932203
1.643478261
2.344651952
1.521008403
1.666666667
1.982248521
0
2.823529412
1.789473684
1.4453125
1.022222222
1.817777778
2.428571429
0.34375
2
1.692307692
4.076923077
1.333333333
1.733067729
1.720720721
2.144
2.910404624
2.741007194
1.320754717
1.166666667
1.688679245
2.340740741
2.414285714
1.854237288
1.12962963
3.19047619
1.714285714
1.27027027
2.521367521
2.447761194
2.153846154
2.566666667
2.413793103
1.791208791
2.603603604
3.833333333
5.06557377
2.333333333
2.698630137
2.477272727
3
1.343195266
1.579710145
1.383458647
1.965779468
1.705882353
2.296296296
0.645833333
2.170068027
0
1.648484848
1.805555556
4.654929577
2.288659794
1.667731629
0.808510638
2.101010101
2.142857143
1.916334661
1.523364486
1.942196532
1.764705882
2.333333333
1.048192771
3.597826087
1.930693069
2.033333333
2.555555556
1.257142857
0
0.875
2.876190476
1.727272727
1.966463415
2.490909091
2.255639098
1.375
6.411764706
2.979452055
1.171875
1.644067797
1.453608247
2.083916084
1.68
1.897727273
1.514705882
0.556122449
2.71641791
1.864229765
0.253731343
1.378378378
1.517482517
1.419642857
2.679069767
1.967213115
1.615044248
1.583892617
2.160493827
1.2875
3.885714286
2.078341014
2.919354839
3.244604317
2.225352113
3.333333333
1.846153846
2.295918367
4.593955322
1.916030534
1.923076923
1.15
1.622807018
3.006756757
2.376681614
1.056338028
2.052631579
3.061538462
2.586956522
1.691176471
1.196969697
2.134020619
1.550724638
2.296296296
2.437209302
1.85326087
1.173469388
2.157407407
2.56952381
2.118721461
1.956331878
2.12605042
2.901639344
2.409836066
2.246376812
2.653594771
2.984210526
0.911392405
1.68
1.61971831
2.505263158
1.280991736
2.585903084
1.79787234
1.9375
1.731861199
1.414893617
6
1.097826087
2.279411765
1.167664671
2.159292035
2.45323741
2.406862745
1.586666667
1.840707965
1.866220736
2.111111111
2.75942029
3.674008811
1.361904762
1.949275362
2.049586777
1.788235294
39.5
1.511904762
1.737704918
4.418994413
5
2.391304348
1.4
2.166666667
2.770149254
1.883333333
2.150326797
2.207885305
1.135338346
3.473684211
2.92139738
5.5625
3
1.767123288
3.151515152
1.827956989
0.930232558
3.094117647
2.351758794
1.21799308
2.333333333
1.350649351
1.722222222
1.946153846
2.91875
2.932330827
1.860759494
2.512820513
2.409090909
1.5
2.825
1.260485651
6.468085106
2.979591837
1.294871795
3.080882353
2.236686391
1.5
1.640449438
1.641304348
2.019047619
1.966101695
2.337142857
1.266666667
1.56097561
1.432432432
1.91588785
2.226086957
3.974358974
1
1.803921569
1.888888889
2.5
1.266666667
0
2.3125
3.106666667
1.228571429
0.476190476
1.294117647
1.697297297
1.937007874
2.5
1.077922078
9.75
1.393501805
1.441176471
2.975694444
0.84375
0.435483871
1.567073171
1.8375
2.788300836
1.530612245
1.994778068
2.507772021
2.167938931
1.154761905
0.994623656
1.896174863
2.032786885
1.872727273
2.601398601
2.071428571
2.804347826
2.75
1.556786704
2.171641791
2.507042254
2.18061674
3.179487179
3.223880597
1.6
2.236363636
7.142857143
2.036111111
1.904761905
0.956521739
1.673956262
2.21875
2.222222222
1.604651163
1.134078212
6.428571429
1.233333333
1.915730337
1.158208955
8.095238095
2.692771084
1.404411765
1.06122449
3.855769231
2.167785235
1.530612245
0.848484848
1.911764706
2.785123967
2.458715596
2.035294118
2.727272727
2.212121212
2.082089552
2.141176471
3.093220339
1.675900277
1.881656805
2.322429907
5.875
3.115384615
3.1125
2.094650206
1.38671875
2
2.201680672
2.004807692
2.083333333
4.023255814
1.581395349
1.776923077
2.595238095
1.869047619
0.81443299
1.826530612
1.903225806
1.814516129
2.253623188
3.516483516
1.385542169
2.687763713
1.795180723
1.982178218
3.369791667
5.091397849
0.990243902
2.085365854
0.909090909
0.9
2.280487805
2.832258065
2.161290323
3.969072165
1.908629442
2.409090909
6.136094675
3.734375
1.635416667
2.878612717
1.807531381
2.343434343
1.25
2.260869565
3
2.084033613
1.485981308
2.076530612
1.690095847
2.700680272
1.264150943
1.158208955
1.683206107
3
1.833333333
1.59009009
0.896551724
3.971153846
3.026548673
1.260869565
2.602739726
1.528846154
1.403278689
1.136094675
2.7
2.216783217
2.653846154
0.062606716
1.383333333
2.163398693
6.396551724
1.817204301
2.353383459
1.891156463
1.566666667
1.2
1.146103896
8
3.58490566
2.055555556
0.623529412
2.642857143
2.911111111
2.090909091
1.948453608
3.296296296
1.908163265
1.608433735
1
1.943181818
2.575324675
3.169811321
1.968253968
2.064102564
2.233333333
2.483535529
1.573170732
1.699203187
3.387755102
4.409638554
2.060324826
2.787671233
2.309734513
1.362204724
1.414141414
1.174647887
3.473684211
1.666666667
2.688596491
2.311355311
2.457627119
1.431654676
3.337264151
1.75
1.666666667
0.623529412
6
2.5
2.086956522
1.409836066
0.495049505
3.737623762
1.91588785
2.480662983
3.65648855
1.985549133
1.951219512
1.736434109
2.162601626
1.428571429
0.833333333
2.364583333
3.25
2.400452489
1.915789474
1.456140351
1.978723404
1.714285714
0.801587302
2.661157025
1.958677686
3.093167702
1.362903226
3.096491228
0.810810811
0.097222222
2.779591837
2.098214286
1.594871795
2.879844961
2.134020619
4.404255319
1.520833333
1.661016949
2.547826087
1.931707317
40.33333333
3.164285714
2.53125
2.746666667
2.510416667
2.13253012
1.109090909
2.129834254
1.872727273
1.764150943
1.643678161
2.273684211
2.175792507
2.375757576
1.901639344
1.075
1.65
0.730693069
1.310810811
1.894117647
2
2.981042654
3.954314721
3.490636704
0.84
1.322580645
2.36036036
1.351648352
0.408450704
2.573770492
1.901315789
1.720720721
2.757575758
1.597014925
2.008474576
3.331125828
1.627340824
1.342465753
4.218106996
6
1.751592357
0.285714286
1.506578947
0.051282051
1.5875
1.833333333
2.077142857
3.054545455
2.156739812
2.879699248
0.816326531
1.358695652
1.52173913
0.677419355
2.363636364
1.730290456
2.333333333
2.804878049
1.549295775
2.402750491
2.421348315
2
3.39
0.666666667
2.530232558
1.351851852
1.393617021
2.125
2.01984127
1.746478873
0.924242424
1.625
2.46728972
1.709677419
1.923076923
2.440860215
0.682291667
2.461538462
1.750948167
2.173913043
2.50617284
1.069565217
1.378640777
1.957219251
1.75
1.788546256
2.537037037
2.940397351
0.37398374
2.430861723
1.555555556
0.190140845
2.102439024
1.709677419
2.773584906
0
2.520833333
0.867647059
1.860465116
2.153846154
2.64137931
2.101449275
1.725806452
1.235294118
1.932989691
2.077419355
3.847058824
0.869565217
1.254237288
2.971786834
2.727941176
1.649635036
2.079861111
3.24
2.876447876
2.186440678
3.906542056
3.515151515
2.517857143
2.161490683
2.245283019
2.125
3.133333333
2.2
1.633245383
2.332288401
1.118518519
4.285714286
0.726190476
3.704761905
2.1
2.753424658
3.906542056
1.742496051
2.303030303
2.166666667
1.946808511
3.072192513
1
1.38
0.842105263
2.96875
1.803370787
1.75
1.292517007
1.791855204
1.539772727
2.039473684
1.849315068
3.68627451
2.108843537
2.12244898
2.082191781
2.176470588
6.11452514
1.682619647
1.034883721
3.281767956
1.622137405
1.801652893
1.913312693
1.153061224
1.158208955
4.03030303
2.135135135
4.633333333
1.965986395
1.630841121
2.032786885
2.776315789
2.238095238
1.708609272
0.607692308
2.12295082
0
1.291666667
1.4375
3.127659574
2.316742081
1.0625
2.081632653
2.494382022
2.233009709
0.941176471
3.463855422
1.860215054
2.948863636
1.965065502
1.787128713
1.731343284
2.969924812
2.337398374
2.810185185
1.85915493
1.770491803
2.472891566
3.559210526
1.871165644
2.670634921
2.144736842
1.76433121
2.0591133
2.1875
2.632653061
4.760869565
2.439716312
1.7
2.238636364
2.166666667
1.309782609
2.227138643
1.563549161
1.142222222
1.842105263
2.36
0.653465347
3.38410596
0.956521739
2.542372881
0.631578947
2.317708333
1.6
2.470941884
2.739130435
3.596685083
2.375722543
1.893034826
3.846153846
1.096774194
3.376811594
3.137931034
3.010638298
1.432692308
1.827777778
2.638095238
2.989795918
2.918032787
1.48
2.770114943
1.98
1.458333333
2.160305344
2.277108434
1.064102564
1.86259542
2.871308017
1.564102564
2.224852071
2.620689655
3.424242424
1.652173913
3.333333333
2.4
2.4
2.473684211
0.042857143
2.166666667
0.911764706
2.140243902
1.668470907
2.096551724
2.325757576
2.190839695
1.966666667
3.5
2.75862069
2.53030303
3
1.836065574
1.280701754
1.710691824
3.117647059
2.571428571
1.03030303
1.375
2.731060606
1.505928854
1.816
1.492537313
149
2.925925926
1.666666667
1.21875
2.512820513
1.761904762
1.5625
2.34
1.292857143
1.877828054
2.564935065
1.843478261
2.373626374
2.646341463
2.337209302
4.036697248
1.364238411
2.029411765
1.986928105
1.275280899
2.678899083
1.74137931
2.469565217
0.77027027
1.243386243
3.068627451
2.1
4.275862069
2.080357143
1.682017544
1.68359375
0.4
2.61827957
2.154135338
2.17
3.03125
2.155844156
2.695035461
2
1.725490196
2.402777778
10
4.285714286
1.311258278
2.411149826
1.344262295
1.310344828
1.5
1.733957219
1.227848101
1.593283582
1.03125
2.3
2.357333333
1.975609756
2.076923077
2.240816327
2.131578947
3.734848485
1.733333333
1.774193548
1.386363636
0.423076923
2.666666667
3.372693727
2.258426966
1.968503937
2.06
1.82962963
2.235294118
3.952380952
2.319526627
2.661417323
1.919230769
0.0625
2.094117647
1.617647059
2.43956044
0.670588235
0.971428571
1.830645161
1.616071429
2.255813953
1.126760563
1.555555556
1.3
1.859504132
3.873417722
1.644736842
3.138461538
2.216666667
1.76984127
1.158208955
1.431192661
1.06779661
1.9
2.265151515
2.505494505
1.576
1.527881041
2.815602837
1.955882353
2.450819672
2.527607362
0.379310345
2.772727273
1.9375
2.222222222
2.306501548
3.245762712
1.62585034
3.880597015
2.035714286
1.266666667
3.729641694
3.419047619
1.493775934
1.636363636
1.611111111
3.5
3.119205298
1.1875
2.287128713
1.691056911
1.386597938
1.825
2.774193548
2.244897959
2.06557377
3.031746032
1.857142857
1.714912281
2.720357942
1.898550725
2.20661157
2.026548673
2.388
2.76146789
3.046843177
1.069204152
1.864628821
2.571428571
2.151260504
1.89119171
2.052631579
2.238095238
2.364864865
2.433789954
2.620689655
1.928176796
3.317647059
1.638376384
2.173611111
2.727272727
2.778688525
2.484848485
5.460526316
1.404255319
1.183333333
1.504065041
2.410462777
2.230769231
1.158208955
1.568627451
3
3.465116279
2.75877193
2.259259259
2.335858586
2.561403509
6
2.635220126
1.894736842
2.662650602
2.333333333
2.204081633
1.665254237
4.034482759
2.292753623
1.197530864
4.010869565
2.302631579
2.333333333
2.13559322
1.843137255
5.837837838
2.863013699
1.75
1.222222222
2.21656051
2.212121212
1.986607143
1.76142132
4.235294118
1.533088235
2.362537764
2.388489209
1.697674419
1.611940299
1.30878187
1.533333333
2.5
1.741666667
2.535714286
1.158208955
1.732142857
1.269230769
2.611111111
1.559585492
1.830508475
1.894366197
0.042857143
2.051470588
1.487804878
1.434285714
4.0625
2.401515152
2.183333333
2.058823529
2.504297994
2.1
1.5
3.228782288
2.49137931
3.037313433
3.711340206
1.792592593
2.30625
1.266666667
1.166666667
1.384615385
3.492481203
2.968
2.24
2.5
2.538922156
2.05511811
1.965447154
2.610687023
1.052631579
0.5
3.345833333
1.397435897
1.36746988
1.580645161
1.769230769
2.387351779
3.857142857
1.150326797
2.056603774
2.050691244
1.768060837
1.864864865
1.981220657
3.341772152
2.206521739
2.084337349
2.5
4.850961538
2.569767442
2.591240876
0.851851852
2.055555556
2.382978723
1.142857143
1.954545455
2.666666667
2.198924731
60
0.33908046
1.856382979
3.360465116
1.943231441
2.359649123
2.162011173
1.06557377
2.834138486
1.142180095
3.195121951
1.402173913
2.088888889
3.091666667
1.4
2.14084507
1.037735849
4.66507177
2.64957265
41.98214286
2.25
1.761904762
0.85
2.538461538
2.755434783
2.973451327
2.225225225
2.043478261
2.238095238
1.427272727
3.009345794
1.888030888
2.523809524
2.58974359
1.329411765
1.842342342
2.088235294
12.45263158
2.398467433
1.54109589
1.942307692
1.666666667
3.099236641
1.967032967
1.526946108
2.287234043
1.413612565
2.241935484
1.811764706
3.060240964
0.028571429
2.494117647
2.240310078
1.703125
1.619047619
2.541666667
2.344827586
2.511450382
11.21052632
1.815181518
2.008064516
0.768518519
3.619266055
1.825174825
3.806060606
1.210526316
1.823529412
1.916334661
1.87755102
1.7421875
2.3
2.148760331
2.434782609
2.95
1.936708861
3.238410596
0.571428571
1.855421687
1.409090909
2.523809524
1.858208955
2.11627907
3.295454545
1.535211268
2.28
2.086859688
1.868421053
1.032894737
2.346456693
2.058823529
1.689750693
3.684210526
2.011764706
1.494565217
3.642857143
2.37414966
2.568627451
1.693877551
2.5
1.664
2.107913669
2.189845475
2.835294118
1.181818182
1.993506494
1.461538462
1.220064725
4.597222222
1.677290837
2.233502538
1.611607143
2.246987952
2.067567568
1.956521739
1.87654321
3.75
2.195121951
2.647058824
2.12804878
1.724137931
3.390681004
1.921052632
1.662790698
3.870967742
0.855670103
2.899721448
2.333333333
3.005813953
2.090909091
1.573085847
2.892857143
2.04587156
1.453333333
2.5
2.769230769
3
2.671428571
4.727272727
1.666666667
2.315789474
0.906735751
1.142857143
1.434782609
1.566666667
1.646511628
0.874251497
2.301587302
2.149253731
2.783333333
1.869415808
2.385542169
2.468682505
1.266666667
1.670731707
1.670731707
2.531428571
1.673267327
1.341269841
1
1.344827586
1.634615385
0.8
1.718614719
2.127659574
2.105263158
6.473684211
1.939655172
2.602941176
0.99044586
2.524038462
2.180505415
0.551724138
1.0625
2.326086957
3.485074627
2.713178295
2.333333333
1.646551724
2.016806723
1.722727273
4
2.135338346
2.533333333
2.25203252
2.379032258
2.525
1.333333333
1.663793103
2.338345865
1.185365854
10.6
0.5625
1.717647059
1.525252525
1.148809524
4.117894737
2.902912621
1.746478873
3.060606061
1.950549451
0
1.888888889
1.192307692
1.990654206
1.557017544
2.71559633
2.824742268
2.236363636
2.202205882
2.098726115
1.348837209
1.923076923
3.860869565
1.942748092
1.864583333
4.265017668
1.609625668
0.808510638
3.142857143
1.830508475
2.801136364
4.825814536
2.149019608
3.6
0.956521739
1.950177936
1.551724138
2.166666667
2.801020408
2.065420561
3.943925234
2.666666667
1.868725869
2.339622642
1.848
2.398373984
1.918367347
3.11634349
1.622516556
3.236842105
1.125
1.256410256
1.505050505
1.722891566
1.954861111
1.753205128
1.016666667
14
2.252941176
2.6
1.263157895
2.666666667
1.227272727
1.781690141
2.862318841
1.708609272
2.584269663
1.333333333
1.926829268
1.983286908
3.11827957
3.228070175
2.307479224
2.539325843
2.903225806
2.411214953
3.196261682
2.388888889
2.435897436
0.975609756
3.311111111
2.326388889
2.12244898
1.413654618
2.407114625
2.464788732
2.008403361
1.266666667
6.008695652
6.933333333
1.072796935
1.830188679
14.22222222
2.240740741
1.518181818
1.864864865
1.822695035
3.417061611
1.733333333
1.808333333
0.880952381
4.05
3.588235294
3.103896104
1.041666667
1.952848723
3.097222222
1.31147541
2.700440529
1.915300546
2.004854369
2.603305785
1.646017699
1.752321981
3.148760331
2.034482759
4.285714286
1.974137931
2.43697479
2.461538462
1.858921162
2.684210526
2.24137931
2.658333333
3.1
2.666666667
0.818181818
0.644444444
1.916666667
0.853658537
1.924528302
0.073529412
2.293814433
1.6875
1.466666667
2.8125
1.054285714
3.103333333
1.836206897
2.211382114
3.203883495
2.402777778
3.23364486
3.860465116
2.615384615
2.32195122
2.5
2.015037594
1.880733945
4
2.92481203
3.836538462
1.711340206
3.352459016
1.567639257
1.012658228
2
2.098837209
1.5
1.836864407
1.983443709
2.913043478
2.140939597
4
1.763888889
1.185185185
1.40952381
1.899053628
1.358490566
2.794285714
2.340425532
2.357615894
0.907894737
3.107843137
0.995169082
2.798449612
2.631205674
2.368852459
1.984848485
2.070422535
2.461832061
1.307692308
3.919191919
1.877777778
1.889261745
1.598522167
2.2875
2.394230769
1.353413655
1.671232877
1.266666667
2.060532688
1.735849057
2.580645161
4.486451613
2.188811189
2.3125
2.421875
2.427083333
2.028089888
2.398305085
0.666666667
1.795031056
1.357142857
0.872340426
2.57712766
2.066037736
1.898989899
2.227642276
2.387878788
1.36746988
1.15625
1.449275362
0.5
1.335820896
2.413043478
2.066666667
3.285714286
52.01724138
1.206349206
2.432624113
2.009174312
1.754237288
6.074074074
1.395604396
2.333333333
1.950413223
2.075471698
0.653846154
4.418032787
2.93258427
3.155963303
2.603252033
2.260416667
2.403508772
2.694444444
2.333333333
1.233333333
2.135416667
1.330769231
4.865384615
1.561497326
2.34375
3.37037037
3.335078534
4.217821782
2.731034483
1.040540541
2.428861789
2.411255411
1.266666667
0.711864407
2.87755102
2.084033613
1.76969697
3.010438413
2.919254658
2.523364486
2.209876543
1.238636364
2.49
1.454545455
2.333333333
1.43258427
2.486111111
3.762376238
0.44
1.032051282
2.120689655
2.48447205
2.854508197
3.6
2.357894737
161
3
2.542857143
99
1.524691358
2.739130435
1.158208955
1.90625
3.224137931
2.720930233
2.360824742
2.462962963
1.785992218
2.167832168
2.161987041
2.281954887
2.413654618
2.976190476
2.234449761
2.285714286
1.90625
1.045783133
2.817307692
2.356037152
2.454545455
2.557377049
2.82278481
3.604651163
2.215517241
1.401041667
4.309782609
2.026785714
1.322033898
3.254071661
0.948717949
3.777777778
2.037037037
2.408333333
3.029962547
2.609756098
2.198547215
6
2.079365079
0.746803069
2.748031496
2.525714286
1.62962963
2.056470588
1.74025974
2.720779221
0.964912281
2.303030303
1.865591398
2.746887967
2.369565217
2.195121951
1
1.894736842
2.25862069
2.404761905
0.428571429
1.740625
89
2.5
0.917355372
2.05106383
2.531598513
2
2.323076923
4.677842566
1.115830116
1.89
2.476190476
1.647058824
1.571428571
6.448979592
10.2
0.96
1.205882353
3.107317073
2.536912752
2.397727273
0.285714286
1.539823009
0.135135135
1.994382022
1.596774194
2.025316456
2.144278607
0.84
0.424242424
3.024390244
1.282051282
0.856589147
2.294117647
0.78313253
1.992481203
4.214285714
2.298611111
2.163934426
2.253968254
0.903846154
1.752688172
2.418604651
2.197802198
2.52
1.99009901
2.9
1.528455285
2.109677419
2.805555556
1.401869159
1.84
2.833333333
2.020408163
4.388888889
2.224489796
2.736677116
2
6.025641026
2.557971014
2.143209877
1.4
3.950980392
0.042857143
1.772727273
1.841666667
2.025316456
0.742574257
2.169230769
1.785046729
1.764444444
2.28125
3.173913043
1.545454545
1.732142857
2.181818182
1.619834711
1.664335664
2.385964912
1.933333333
1.866666667
1.467741935
2.898648649
0.920187793
1.719367589
2.333333333
1.551724138
2.040201005
1.897959184
3.115702479
0.825
2.43880597
2.296153846
2.038888889
0
2.91
2.829931973
5.806451613
2.178294574
0.633466135
3.662162162
3.152173913
2.253521127
3.412371134
4.705882353
3.75
95.66666667
2.2
1.777777778
1.147727273
1.745192308
1.791366906
3.766666667
2.78600823
2.739495798
2.441964286
4.142857143
0.454545455
1.580246914
1.582089552
2.875
2.59
1.588095238
1.098901099
2.87250996
1.75
1.862686567
0
2.840909091
2.72972973
1.608247423
1.451612903
2.74025974
1.795180723
1.962962963
3.447257384
2.365517241
1.783783784
2.491803279
1.720338983
2.158730159
2.682291667
1.734375
2.052631579
2.360465116
3.006622517
1.313099042
0.978723404
3.067226891
2.427672956
3.688118812
1.759124088
1.333333333
4.320792475
2.5625
1.953488372
1.666666667
2.313953488
2.578021978
5.012127894
1.125
1.897435897
0.806282723
2.024
1.056782334
1.470588235
2.989010989
2.6
3.926470588
3.349753695
2.043290043
1.625
3.356481481
2.357575758
1.886363636
1.307228916
2.257142857
2.556338028
1.585
4.562790698
1.484076433
1.425
2.337209302
1.918032787
1.151335312
3.215189873
2.062730627
0.615384615
1.695804196
1.20754717
3.208333333
2.53125
2.927083333
2.88028169
1.673796791
1.464285714
1.396946565
2.005555556
2.843137255
2.210144928
2.346456693
1.86259542
2.357575758
1.580645161
2.115384615
3.94
2.863636364
1.731343284
1.931623932
1.882352941
3.374233129
3.153846154
1.973262032
1.338582677
1.583892617
1.090163934
2.032142857
2.894366197
4.513888889
2.325581395
2.986486486
1
1.306010929
1.931034483
2.103896104
1.443514644
3.875
2.517595308
1.90625
2.072727273
2.574468085
1.158208955
2.972222222
1.706586826
1.460526316
3.333333333
2.636363636
1.534482759
1.623931624
3.394285714
1.076923077
0.4
59.33333333
1.673956262
1.291666667
3.034965035
2.302158273
0.959677419
1.25
2.986486486
2.260273973
3.833333333
3.473333333
3.008230453
2
1.615942029
1.725388601
1.404494382
1.426592798
2.049295775
4.25974026
2.203007519
2.110344828
1.810650888
7.933333333
2.139908257
2.238095238
1.8125
1.376344086
1.899521531
1.613259669
2.090909091
2.23655914
1.5
1.24567474
16
2.084033613
2.020114943
2.231552163
2.874125874
6
0
75
2.260606061
1.164285714
2.057692308
0.507462687
1.875379939
0.844660194
1.715025907
1.022222222
0.928571429
1.530864198
1.719298246
1.695652174
3.176470588
2.621052632
1.946428571
2.892950392
3.304812834
2.205128205
2.604166667
1.462184874
2.721052632
2.077586207
1.894736842
2.677655678
0.936288089
3.253968254
1.594339623
0.842105263
2.183486239
2
2.609589041
2.1375
1.492537313
1.008474576
3.400862069
2.995169082
1.931034483
1.519230769
1.63
1.604166667
3.941176471
1.716049383
1.770642202
0.917808219
2
3.055555556
1.947580645
2.188405797
2.751612903
2.970930233
1.68
5.93373494
2.579268293
1.809322034
0.863945578
1.921052632
0.25
1.425
2.125
2.294117647
2.276816609
1.047619048
1.907407407
1.866141732
2.029411765
1.834394904
1.977777778
1.678787879
2.69858156
1.547677262
3.024324324
2.189189189
2.657342657
1.87037037
1.461538462
3.566371681
2.25
2.7375
2.533333333
1.886904762
2.158798283
48.33333333
0.980769231
0.885057471
2.341880342
2.353881279
2.823529412
2.255072464
1.52
1.625
3.149350649
2.204610951
1.019230769
1.971530249
0.083333333
1.692307692
3.215686275
1.849315068
1.951048951
1.917721519
2.186440678
3.919191919
0
2.218328841
2.083333333
44.55405405
1.683937824
2.693069307
0.857142857
1.672131148
3.235294118
1.974789916
1.97
1.926829268
1.342105263
36
2.807692308
1.266666667
1.5
2.704697987
2.644230769
2.132352941
2.129032258
6.289473684
4.586206897
2.5
2.524590164
1.333333333
2.717171717
3.619565217
1.578125
5.308411215
1.583333333
1.52238806
0.566929134
3.487179487
1.523489933
2.084033613
4.214285714
2.833333333
2.539285714
2.607843137
2.871621622
2.387387387
0.923404255
1.76984127
2.153846154
2.519230769
2.483516484
1.092592593
1.818181818
2.014285714
2.041322314
4.628815629
2.715384615
1.308724832
1.443037975
0.939393939
2.816326531
1.935483871
1.421052632
1.744897959
2.028985507
2.359281437
1.435483871
3.695652174
2.594594595
2.435897436
2.565737052
2.92920354
2.239669421
1.946428571
2.113333333
2.8
2.02
1.996904025
2.541223404
1.25
5.155172414
2.274074074
1.702380952
1.412698413
1.491620112
1.273584906
2.472727273
2.333333333
1.56512605
2.338842975
2.614457831
2.076923077
1.925170068
1.280405405
75.63333333
1.827868852
1.506024096
1.458413926
2.833333333
2.52006689
3.386454183
1.903030303
0.0625
2.297709924
1.333333333
1.349206349
0.692307692
2.50330033
1.458333333
1.628318584
1.891304348
2.474137931
1.529411765
2.322463768
1.2
1.036144578
1.780487805
1.829302987
4.204081633
4.586206897
1.994152047
2.727380952
2.291666667
2.016806723
0.732283465
1.530769231
1.743902439
2.625
3.5
0.661538462
1.50862069
3.245810056
2.176056338
2.893617021
2.059782609
2.851851852
2.057971014
2.448087432
0
2.125
2.9375
2.12962963
2.397435897
4.375
1.921875
2.44137931
1.6
1.846335697
2.975845411
2.560606061
2.119402985
1
2.190140845
2.261538462
1.028301887
2.733333333
2.572796935
1.946153846
1.630136986
4.525179856
2.75
2.638888889
1.520325203
1.142857143
1.183333333
1.810810811
2.178010471
1.962962963
2.159722222
4.170454545
1.046875
1.514705882
1.7
4.363636364
1.612244898
1.078947368
1.125
3.263157895
2.675675676
1.929292929
3.48
1.197674419
2.423076923
1.770700637
3.302158273
6.333333333
2.283018868
1.881188119
2.12345679
1.590909091
2.785388128
1.843137255
1.880794702
4.689655172
2.069444444
3.38658147
1.641176471
5.047747748
1.269662921
2.542168675
1.445544554
2.076923077
0.963636364
1.345132743
2.676470588
1.857142857
0.76
3.222972973
0.25
2.116022099
3.47826087
3.41509434
2.352941176
1.907407407
2.782608696
1.168539326
1.903125
1.6
2.012605042
1.779069767
2.541666667
1.805369128
3.2
0.081632653
1.28125
1.472972973
2.096491228
1.447368421
2.294964029
1.906976744
2.19760479
0
1.485
1.222222222
1.647887324
2.052631579
1.229508197
1.677018634
1.495327103
14.75
2.442105263
0.714285714
1.5
7.674698795
2.078431373
1.947169811
2.666666667
3.524822695
2.30259366
1.683333333
2.545454545
2.153594771
1.282828283
2.981927711
2.290540541
1.885167464
1
2.019607843
1.317406143
1.75
2.381538462
2.333333333
1.5625
1.5
2.668639053
2.698863636
2.098654709
2.401197605
0.880434783
2.548780488
2.488095238
2.349593496
10.13333333
1.516666667
2.071428571
2.025423729
3.220385675
3.776699029
1.921052632
2.375745527
2
2.619047619
1.76635514
1.387640449
4.786516854
2.171052632
1.970588235
5.5
0.798076923
2.931818182
4.214285714
2.14957265
1.868421053
2.948717949
2.516304348
0.959302326
1.611111111
1.337662338
2.021505376
1.548387097
2.425438596
1.374125874
1.955882353
1.579908676
1.646341463
1.833333333
2.714285714
1.810457516
1.481818182
2.62745098
1.566176471
2.080645161
1.985074627
2.342281879
1.701612903
3.032467532
2.872340426
1.851851852
2.633027523
2.196721311
1.661016949
1.323232323
1.086956522
4.905084746
2.904761905
3.162790698
0.972375691
1.783018868
15.8
2.028571429
2.052631579
4.214285714
2.40397351
1.654205607
1.076923077
2.1
2.895705521
2.266666667
1.552631579
2.074468085
3.355555556
2.565789474
2.421686747
2.950226244
2
1.26618705
5.148148148
1.568627451
1.666666667
1.355704698
1.492146597
6.5
2.34751773
1.072727273
1.222222222
3.242718447
2.320261438
1.937142857
2.34
1.175895765
1.394957983
1.858490566
0.884615385
0.881516588
2.310344828
1.784313725
1.551724138
2.285714286
2.202898551
3.040951123
2.542253521
3.543668122
2.778584392
2.296
2.708333333
3.43442623
4.740740741
0.429906542
2.090909091
0
2.413333333
0.797927461
2.233830846
1.934782609
1.77173913
2.6
2.552941176
3.23
2.193103448
3.215246637
1
1.80952381
2.060913706
2.11969112
1.046448087
1.6625
2.636363636
2.092592593
1.397849462
1.907216495
1.790794979
4.225321888
2.800904977
2.115384615
2.677966102
0.951048951
2.031161473
1.286245353
1.337837838
2.681481481
2.277777778
1.4
1.75
2.156716418
2.32173913
3.714285714
2.8
2.796992481
1.895140665
4.301724138
3.468085106
1.16091954
0.985221675
2.850806452
0.015151515
1.683229814
1.784810127
1.09375
1.308641975
2.467741935
1.666666667
2.828125
2.076555024
1.083333333
1.294117647
3.377777778
1.676470588
1.452531646
2.105263158
2.768115942
2.075630252
3.172413793
1.027272727
2.95890411
1.96039604
2.021276596
2.333333333
2.147887324
2.130434783
2.62745098
1.719033233
1.682539683
3.734265734
2.936046512
1.360406091
1.266666667
2.023529412
1.357142857
161.5384615
1.451612903
1.117647059
1.207792208
0.796992481
2.321428571
0.961538462
2.289473684
3.01986755
2.479452055
0.944444444
2.353741497
2.603053435
3.398148148
2.104347826
1.885964912
1.380952381
4.833333333
2.6
1.95412844
0.788649706
2.234567901
4.5
2.321518987
3.077777778
1.575879397
4.983739837
1.5375
2.035971223
0.779220779
3.242990654
2.427698574
2.273809524
1.177272727
4.489795918
2.899224806
0.050847458
5.5
4.535211268
3.889502762
1.651685393
3.153846154
2
3.634730539
1.931623932
1.376
1.694444444
1.619318182
2.658119658
1.905511811
1.443820225
2.5
1.977564103
2.02962963
2
1.985981308
3.828571429
2.297619048
1.599369085
2.389380531
1.214285714
2.142857143
3.482758621
2.696078431
2.185393258
2.525773196
4.75
5.25
1.637931034
1.90625
2.255707763
1.797468354
3.382352941
2.576923077
1.048780488
3.353896104
2.016393443
7
2.169354839
2
2.710526316
1.860335196
2.769230769
2.036231884
14
3.473684211
0
1.687861272
1.78807947
1.746031746
2.084033613
2.471264368
2.065217391
1.404761905
1.43902439
1.840909091
1.793814433
2.512605042
1.258333333
3.407407407
2.181818182
1.802197802
3.138539043
1.268292683
2.424836601
1.9625
2.39
2.24516129
2.151260504
2.581967213
2.854545455
2.692307692
2.046511628
2.172932331
1.381333333
2.342857143
4.328671329
1.937062937
2.527173913
2.047272727
2.5875
1.644295302
2.974226804
2.135135135
3.215189873
5.513513514
2.107692308
1.647887324
1.1875
1.22972973
1.711111111
2.287878788
3.245283019
1.747706422
1.068027211
1.585858586
2.666666667
2.24251497
2.277777778
1.031578947
1.941176471
2.885
1.766816143
2.493333333
2
2.385869565
2.652631579
2.673684211
2.239130435
1.271428571
2.452830189
2.114173228
2.079096045
1.483050847
4.157142857
2.179028133
3.23880597
2.502538071
1.740963855
1.21875
2.651785714
2.136363636
2.361111111
1.527272727
1.739837398
2.123655914
2.230769231
2.144444444
1
14.93939394
2.485074627
1.26
2.654135338
4.5
4.287878788
2.080645161
2.140350877
2.831521739
2.526011561
1.224489796
1.619047619
1.803278689
1.457627119
1.576923077
2.292957746
1.874285714
2
2.040740741
1.879478827
1.1
2.146666667
2.223300971
1.689265537
2.504310345
2.26
1.56
2.056910569
1.925925926
3.894736842
2.132352941
3.235294118
2.858156028
1.3878327
1.492753623
2.407407407
2.253846154
2.235294118
2.327586207
2.442307692
1.125
2.084639498
0.855072464
2.272727273
3.105263158
0.436440678
1.420765027
2.208333333
2.145833333
1.879432624
1.653295129
2.5
2.084033613
2.144736842
2.169230769
3.425837321
2.112903226
2.272727273
0.392857143
2.384615385
1.034883721
2.695833333
3.135802469
2.028301887
1.074074074
1.914893617
2.272727273
0
1.8
1.55
3.464285714
1.903614458
2.579234973
3.072625698
3.235576923
1.197860963
1.98245614
3.958549223
8.705882353
2.255696203
2.123076923
1.305555556
3.018292683
1.448529412
2
6.966183575
2.559440559
2.202380952
3.990196078
2.625
0.534883721
2.620253165
1.880952381
1.154761905
2.25
2.173469388
0.308056872
1.893203883
1.4625
1.439393939
1.435244161
2.443708609
1.263456091
1.285714286
1.76091954
2.481543624
1.28125
2.576923077
2
1.487341772
1.37704918
2.1015625
7.368715084
2.233333333
2.652173913
3.860986547
2.736842105
2.706666667
2.084033613
0.710743802
3.048780488
3.914285714
1.963800905
1.739726027
0.152263374
2.038062284
1.181818182
6.893939394
1.185185185
2.581632653
2.426966292
3.451612903
1.911458333
1.849557522
0.847619048
1.1875
2.836477987
2.832
2.613333333
1.836956522
1.68115942
1.989690722
1.266666667
2.042857143
2.038095238
2.260869565
2.424657534
2.185294118
0
2.495107632
3.522222222
2.192307692
1.54
2.872340426
2
1.927536232
4.240506329
1.48245614
2.333333333
0.666666667
2.297124601
2.3
1.107142857
3.875
2.194444444
1.542314335
1.236363636
2.268041237
2.751592357
2.902597403
1.777777778
3.35483871
1.824817518
1.191011236
1.537634409
2.106060606
2.570093458
3.119565217
0.923076923
6.745454545
1.48
2.320652174
1.553968254
1.319767442
2.350364964
0.689655172
2.477272727
2
0.886792453
3.362745098
2.644067797
3.209677419
2
1.924528302
0.927835052
1.714285714
3.045112782
1.222222222
3.666666667
1.408602151
2.164383562
2.76
1.507936508
2.476683938
3.329457364
2.303523035
0.534883721
2.314917127
2.033333333
2.566929134
4.078125
2.584745763
1.642857143
2.268817204
1.158208955
1.071428571
2.062857143
2.744360902
2.311926606
1.918918919
6.15060241
4.6
0.625
1.959677419
2.04536862
1.713178295
3.16
1.25
2.295081967
2.767123288
2.647058824
3.090909091
1.733333333
0.723653396
2.469026549
2.23699422
3.358552632
1.625
2.664122137
1.45045045
1.809128631
2.152542373
1.298701299
0.931818182
1.838095238
1.383783784
3.204545455
1.278688525
1.634408602
4.214285714
2.52027027
3.824074074
2.24497992
3.259259259
2.849514563
3.209606987
1.242424242
2.120171674
1.462365591
3.101449275
0
1.582278481
1.184210526
3.708860759
2.22962963
1.3359375
1.69047619
3.698275862
3.549295775
1.633333333
2.457142857
2.75
3.546296296
5.779661017
1.912621359
0.842975207
1.678474114
2.075117371
1.693877551
1.88372093
1.458333333
2.266903915
4.473684211
1.8
3.323529412
1.558823529
2.545238095
1.652173913
2.181818182
1.666666667
2.536842105
1.079207921
1.871794872
2.361179361
1.66875
2.58125
1.207207207
1.442307692
4.730769231
1.657407407
2.072961373
1.35625
2.117647059
2.150684932
1.571428571
2.268421053
1.314814815
2.177419355
1.479245283
2.261627907
1.127962085
1.730538922
2.735042735
2.751322751
2.9002079
5.963302752
2.435114504
2.115384615
2.32278481
2.171052632
1.953917051
9
2.717557252
1.407079646
2.247787611
2.008474576
4.855345912
2.087431694
2.272727273
2.168571429
1.458333333
2.126530612
2.2890625
2.916666667
1.808219178
1.349030471
4.324675325
3.671641791
1.543859649
2.996168582
1.941176471
0.925531915
1.939393939
1.75
2.094339623
3.333333333
2.716814159
2.392
3.906976744
2.657142857
2.222222222
2.301158301
1.833333333
1
2.461988304
2.636363636
0.938172043
1.536945813
1.88172043
2.515789474
1.337931034
1.258317025
1.880658436
1.415662651
0.8
0.821428571
2.113207547
2.706422018
2.12033195
2.630331754
2.017045455
2.53125
2.224637681
0
1.960629921
1.858208955
1.870967742
1.300970874
1.180722892
2.03652968
2.03125
4.088888889
1.757575758
1.763888889
2.606382979
1.271186441
1.095238095
3.085526316
1.790816327
0.972477064
2.5
1.912
0.566666667
1.826966292
2.27826087
2.566371681
1.784313725
2.381656805
2.575892857
2.467455621
2.069620253
7
2.038461538
0.033816425
1.677824268
1.25
3.370786517
2.65
2.911111111
0.899224806
0.841176471
1.672897196
2.068965517
2.545454545
2.364583333
2.747474747
0.897435897
2.786666667
2.084337349
1.868686869
1.721311475
1.796296296
2
4.435643564
4
1.572368421
0.178571429
4.118012422
2.551401869
2.578475336
1.904761905
1.552941176
2.751256281
2.196721311
1.856
3.417177914
2.609375
2.454976303
2.020242915
1.5875
3.723880597
2.696078431
1.666666667
2.573333333
1.636363636
1.274336283
6.851612903
2.2
3.284210526
2.569892473
3.555256065
2.388324873
3.096385542
2.230569948
2.052478134
1.310344828
2.215488215
2.14213198
1.951219512
5.547945205
1.4
2.284883721
28
1.637362637
2.722772277
1.901098901
1.6
2.454545455
2.355769231
2.169230769
0
1.719745223
2.417085427
1.588235294
1.879227053
2.82421875
0.058823529
2.671378092
3.211267606
2.267605634
1.634259259
1.988372093
0.963636364
2.969512195
1.956521739
4.532871972
1.771604938
1.971428571
2.74375
1.953488372
2.566878981
6
1.6015625
1.925170068
1.523809524
2.311594203
3.374233129
2.19047619
2.815384615
1.848148148
0.796296296
1.133333333
1.761904762
2.463414634
1.6875
3.344827586
2.99695122
1.597222222
1.789473684
1.731707317
1.777777778
2.343373494
1.775330396
1.406570842
2.259259259
3
3.126582278
1.947368421
0.565789474
1.740932642
2.922222222
2.195652174
2.266331658
1.916317992
1.634146341
1.704545455
3.363636364
4.4
2.43866171
1.558441558
1.923076923
1.579881657
0
1.442307692
2.615384615
1.616504854
3.476190476
0.847133758
0.845381526
1.85477707
2.404699739
2.085365854
2.125
1.763157895
1.317460317
1.586956522
5.3125
2.073170732
2.188118812
1.824
3.697916667
1.170212766
1.569620253
2.014492754
1.843137255
0.71875
1.947368421
2.206896552
1.834951456
0.977134146
2
2.417721519
2.427184466
1.603773585
3.486842105
3.203703704
2.274143302
1.666666667
1.93
3.134453782
2.146153846
2.352941176
2.5
2.405405405
3.711864407
2.388888889
0.963636364
2.615384615
1.655405405
1.785425101
1
3.77
0.259109312
6.603773585
1.352941176
2.902985075
2.51
1.904458599
2.300947867
2.692857143
4.214285714
1.847161572
1.72243346
2.267973856
0.428571429
0.513447433
1.5
2.05785124
2.248062016
4.641025641
2.365714286
1.038461538
2.057017544
8.642857143
2.240384615
1.933333333
4.285714286
2.759259259
4.287234043
2.403508772
2.123348018
1.81372549
1.653846154
2.611111111
2.208955224
2.065217391
1.626315789
4.470588235
2.608058608
1.0625
2.558139535
4.130841121
1.950248756
2.734693878
1.670967742
1.230769231
2.537634409
0
2.268292683
1.8
1.867595819
3.289855072
3
1.054545455
2.20703125
1.55
1.538181818
1.476744186
27.875
1.12
2.606060606
1.274576271
1.390728477
1.962962963
4.315789474
2
1.687150838
2.065217391
1.390625
2.561403509
2.818627451
1.823076923
2.425233645
2.802919708
2.022222222
2.093333333
3.056962025
1.555555556
1.627272727
2.033898305
1.475409836
2.823529412
0.925925926
2.761363636
2.74137931
4.258823529
1.181818182
0.888349515
1.564315353
2.006557377
2.101321586
3.032051282
3.104166667
2.06573957
1.194444444
1.465909091
2.008403361
1.307359307
2.149253731
2.918918919
2.052173913
2.851190476
3.029411765
0.653846154
1.415841584
1.835294118
1.209302326
1.364779874
2.8125
2.033057851
2.131147541
2.285714286
1.574324324
1.866246057
1.907142857
1.876033058
3.225806452
1.404411765
2.095477387
0.739130435
1.305263158
3.32
1.982608696
9.909090909
3.75
1.561728395
1.855614973
2.346405229
0.114446529
1.640625
1.621468927
0.614035088
2.058823529
2.636363636
0.894736842
2.454545455
1.978494624
2.051470588
4.463687151
2.408450704
2.16
3.784313725
1.869565217
3.203125
2.478873239
2.536723164
1.85106383
3.031055901
2.805882353
4.966666667
1.958677686
1.93220339
1.620689655
2.198347107
2.917192098
2.576923077
2.390243902
1.650537634
2.422360248
2.251428571
1.75
2.255434783
1.904109589
2.209677419
2.31372549
2.88410596
0.867346939
2.276315789
2.149425287
1.966942149
1.762376238
2.396825397
1.73006135
2.068027211
1.261146497
1.960784314
0.878787879
4.015957447
1.056603774
1
0.23255814
1.818565401
2.984939759
1.722891566
2.134199134
2.457943925
2.2
1.768292683
1.506024096
1.960784314
0.52293578
4.294736842
2.018691589
1.111688312
3.158878505
1.062647754
1.333333333
1.64
1.525806452
2.687861272
1.839622642
2.77027027
1.680693069
3.883495146
0.70212766
1.014705882
1.663013699
1.681818182
2.373702422
1.629032258
4.5
2.619205298
1.795454545
2.213450292
1.675925926
1.705555556
1.310344828
2.079365079
1.790419162
3
2.867346939
1.1453125
1.517857143
1.075757576
1.275
1.920792079
1.567567568
2.092682927
1.819634703
22.66666667
1.589473684
1.532786885
1.977443609
1.3
2
1.6625
2.532846715
2.378151261
2.2
1.139175258
3.165853659
1.435294118
1.691780822
2.063492063
1.920792079
1.75
2.363636364
2.457142857
2.875
2.62962963
2.977443609
2.272727273
117
2.901960784
1.877828054
1.571428571
3.494505495
1.179487179
1.101351351
3.967213115
2.237762238
0.9875
1.109195402
2.222222222
1.704697987
3.411764706
1.505050505
2.016129032
1.358974359
2.085858586
3
5.26
1.989361702
2.093617021
2.163934426
1.728358209
2.692857143
6.954545455
2.248322148
2.643253235
2.084210526
2.489499192
9
1.164383562
2
3.072164948
2.068627451
1
1.530100334
0.975609756
2.316384181
2.007462687
1
2.918032787
1.966887417
1.181818182
4.214285714
1.572413793
3.935613682
1.9765625
1.859649123
1.793103448
1.734042553
2.588235294
0.884210526
2.186885246
1.154761905
2.612903226
2.189516129
2.91011236
1.723880597
1.6625
6.972972973
2.809139785
3.363636364
1.990291262
2.322033898
2.877192982
1.534031414
1.813333333
1.619047619
1.615384615
2.253846154
1.322916667
3.724832215
4.081081081
2.65
2.347305389
2.788968825
2.480263158
2.682926829
1.64
1.612903226
2.371345029
2.033898305
1.496183206
3.154362416
5.327102804
2.963414634
2.078125
3.066666667
2.035971223
2.430463576
2.4
2.565
0.563636364
2.033898305
2.290322581
2.598930481
1.759615385
2.181818182
3.722488038
1.745762712
0.454545455
4.714932127
1.230769231
1.712121212
2.398058252
3.262711864
2.713114754
0.995192308
2.318181818
1.817307692
1.747126437
2.228070175
1.787234043
1.65
2.949640288
2.628571429
6.393939394
2.301204819
2.1875
2.5
3.5
1.465116279
5.384615385
1.419753086
2.285714286
2.32247557
1.545454545
1.706521739
2.489361702
2.24
2.333333333
2.25
3.111111111
2.370229008
1.951923077
0.546218487
0.4
2
4.089385475
0.821917808
1.577689243
1.361111111
0.544117647
2.167825223
1.15248227
2.607142857
1.266666667
2.217391304
1.3
2.248554913
1.883333333
2.165217391
0
2.865116279
3.535714286
2.614583333
2.0875
1.3625
4.945701357
2.547008547
2.630136986
1.590604027
1.345794393
3.244897959
1.2
2.198630137
3.627906977
1.965174129
1.84
2.166666667
1.638888889
4.99382716
2.26
2.097560976
2.435013263
1.765432099
2.272727273
1.476190476
2.47761194
3.03125
2.079207921
1.553968254
4.32972973
1.677966102
1.219178082
1.168367347
2.085774059
2.093333333
1.978494624
7.392156863
1.861788618
2.488752556
2.373134328
1.6
1
5.611570248
1.6875
2.411764706
1.939393939
3.156862745
1.753731343
1.995098039
1
3.010526316
2.208053691
2
1.026315789
1.158208955
