commonlinkratio_4
0.023529412
0.144385027
0.042635659
0
0.043209877
0.018181818
0.043010753
0.015151515
0
0.003067485
0.048469388
0.293333333
0.014705882
0
0.017241379
0
0
0
0.149425287
0.021582734
0.106666667
0
0
0.422044088
0.01754386
0.155172414
0.023255814
0.137931034
0.117647059
0
0.027972028
0.053097345
0
0.03038674
0.037037037
0.046875
0.051490515
0.004975124
0.040609137
0.027624309
0
0.02166065
0.006060606
0
0
0.055172414
0.196721311
0.019444444
0.167883212
0
0
0.003649635
0.041666667
0.029411765
0.015037594
0.02016129
0.225806452
0
0.229007634
0.023809524
0.033613445
0.03030303
0.122580645
0.031476998
0
0.085603113
0.021276596
0.30964467
0.063492063
0.037593985
0.107692308
0.121212121
0
0.075
0.128712871
0
0.005347594
0.173333333
0.170731707
0.0859375
0.06122449
0.012605042
0
0.112676056
0.047169811
0
0
0.067961165
0.021352313
0
0.030927835
0.026666667
0
0
0
0.010416667
0.061538462
0
0.06870229
0.042105263
0.007352941
0.03
0
0
0.388888889
0.028571429
0.007874016
0.020408163
0.074380165
0.169014085
0
0.340686275
0
0.240740741
0
0
0.034013605
0
0
0
0.039274924
0.079822616
0.052132701
0
0.02259887
0.235294118
0
0.025906736
0.006309148
0.103092784
0.018867925
0.015748031
0.032667877
0.005405405
0
0.008403361
0.020576132
0.007633588
0.134259259
0.006097561
0.219512195
0.006410256
0
0
0.025
0.133333333
0.082191781
0
0.229885057
0.005347594
0.093596059
0.046808511
0
0
0.077844311
0.025210084
0
0.107142857
0.017045455
0.088888889
0
0.161290323
0
0.043103448
0.006622517
0
0.052325581
0.049180328
0
0.259109312
0.105263158
0
0.159090909
0.076923077
0.028169014
0.054216867
0.040322581
0.056451613
0
0.019607843
0.030534351
0.077777778
0
0.056451613
0.112582781
0.044444444
0.071428571
0.017857143
0.041237113
0.087890625
0.03030303
0
0.054347826
0
0.038461538
0.027131783
0.016393443
0.01002004
0.074433657
0
0.017241379
0.282608696
0.018867925
0.08313253
0
0.06122449
0.036036036
0.008547009
0.053231939
0
0.095238095
0.068292683
0.005494505
0
0.020725389
0.041666667
0.192771084
0.254545455
0.004716981
0.017391304
0.032258065
0.190163934
0
0.019607843
0
0
0
0
0
0.070093458
0.052980132
0
0
0.067729084
0.109489051
0.023364486
0
0
0.115646259
0.02745098
0
0.04
0
0.067164179
0
0.033519553
0.022123894
0.202312139
0.137157107
0.017142857
0.339393939
0.078431373
0
0.031128405
0
0
0
0
0.202764977
0.023148148
0.016
0.025423729
0.05026455
0.004694836
0
0.0625
0
0.082278481
0.05982906
0.08
0.027322404
0.032
0
0.103448276
0
0.094736842
0.055555556
0.0515625
0.306306306
0.142857143
0.261484099
0.055944056
0.025641026
0.061016949
0
0.017857143
0.04
0
0
0
0.095744681
0.111111111
0
0
0.133333333
0.01010101
0.227027027
0
0
0.01659751
0.150779896
0.07
0.040816327
0.136363636
0
0.078125
0
0
0.083682008
0.06557377
0
0.011299435
0.246753247
0
0.020618557
0.082191781
0
0
0.016260163
0
0.029962547
0
0.220994475
0
0.197368421
0
0.023696682
0.019083969
0
0
0.067092652
0.019230769
0.112149533
0
0.009259259
0
0.023255814
0.118243243
0.102564103
0
0
0.030769231
0.011235955
0.081377152
0.024
0.061797753
0.083333333
0.038251366
0.019230769
0
0.098360656
0
0.058201058
0.01010101
0.021582734
0.172093023
0
0
0.025806452
0.352941176
0.043165468
0.151898734
0.029816514
0
0.049295775
0.108225108
0.041420118
0.090909091
0
0.037542662
0.034482759
0.040462428
0
0
0.027777778
0
0
0.037414966
0.030769231
0
0
0.38
0.003937008
0.016877637
0.048192771
0.048387097
0.175609756
0.051948052
0.079545455
0
0.072847682
0.037974684
0
0.00625
0.057142857
0.064133017
0
0.131782946
0.066666667
0.021505376
0.033232628
0.177536232
0.02020202
0.171052632
0
0.017241379
0.124087591
0.076923077
0.054263566
0.026011561
0.03125
0.015503876
0.168918919
0
0
0.212598425
0.104477612
0.021505376
0.038647343
0.03030303
0
0.125382263
0.039473684
0.03030303
0.022988506
0.11627907
0
0
0.006329114
0.05
0
0.024793388
0.05360134
0.018987342
0.162162162
0.012048193
0
0.033057851
0
0.042857143
0.183544304
0
0
0.021052632
0.055555556
0.01754386
0.029585799
0.05982906
0.008196721
0.03539823
0
0
0.053435115
0.114537445
0
0.087378641
0
0
0.063492063
0
0
0
0.014705882
0.004807692
0.035714286
0.173913043
0.06097561
0.01734104
0
0
0.040935673
0.131147541
0.075471698
0
0.023809524
0.233160622
0.058139535
0
0
0.023076923
0.095238095
0
0
0.064102564
0.27672956
0
0.005235602
0
0
0.010752688
0.06741573
0.026229508
0
0
0
0.038659794
0
0
0
0.016129032
0.087336245
0.07804878
0.091463415
0
0
0.209677419
0.01242236
0
0
0.015936255
0.016393443
0
0
0.097560976
0.016949153
0
0.033333333
0.090277778
0
0.014084507
0.04
0
0
0
0.02173913
0
0.012295082
0.025510204
0.087591241
0.027075812
0.018072289
0
0.013888889
0.021276596
0.063492063
0.02
0.007142857
0.07253886
0.026415094
0
0.025862069
0.117647059
0
0
0.034375
0.029288703
0.048951049
0.017857143
0.102941176
0.015267176
0
0.041237113
0
0.013888889
0.142857143
0
0.053892216
0.034246575
0.140186916
0.06741573
0.042372881
0.027522936
0.021126761
0.014326648
0
0.02484472
0.042654028
0
0.063157895
0.016666667
0
0
0.020833333
0.076388889
0
0.006535948
0.019607843
0
0.00877193
0.106060606
0
0.06779661
0.05893186
0
0
0.336448598
0.023809524
0.074492099
0.003584229
0
0.062937063
0.012224939
0
0
0
0
0.005976096
0
0
0.013392857
0.017283951
0.157142857
0.034722222
0.005891016
0.056603774
0.090225564
0.079545455
0
0.0625
0.115226337
0.019512195
0.028169014
0.013761468
0.0625
0.009345794
0.112781955
0.016129032
0.020833333
0.066666667
0.030612245
0.061538462
0.129251701
0.102689487
0.003787879
0.061946903
0
0
0
0.10952381
0.017241379
0.062962963
0
0
0
0.111111111
0.074766355
0
0.005154639
0
0.058823529
0.005714286
0.004608295
0.073394495
0.002923977
0.022727273
0.038745387
0.011235955
0.21257485
0.094339623
0
0
0.028776978
0.042201835
0.073359073
0.060606061
0.026143791
0.002881844
0.011428571
0.071823204
0.049056604
0
0.131868132
0
0.097122302
0
0.005602241
0
0.037974684
0
0.015748031
0.023255814
0
0.034482759
0
0.013274336
0.12
0.071428571
0
0.033333333
0
0.004761905
0.008547009
0.243589744
0.033816425
0.135345667
0
0.01754386
0
0.065217391
0
0.068181818
0
0.017857143
0.111111111
0.214285714
0
0.055555556
0
0.14084507
0
0.028776978
0.002666667
0
0.026369168
0.116883117
0.027272727
0
0.135371179
0.01980198
0
0.021459227
0.02173913
0
0.157360406
0.183006536
0
0.007832898
0.011363636
0.005
0.009641873
0.076923077
0.06
0
0.035294118
0.008695652
0.047120419
0
0.078787879
0.055762082
0.162601626
0.0234375
0.023809524
0.005586592
0.007117438
0
0.022813688
0.021126761
0.035849057
0.090439276
0.02955665
0.104166667
0
0.024793388
0.033613445
0
0.104477612
0.078947368
0
0.058252427
0
0.016666667
0.076433121
0
0.007722008
0.056122449
0.09039548
0.012345679
0.18018018
0
0.027027027
0.067226891
0.141361257
0.028169014
0.156862745
0
0.042372881
0
0
0.013986014
0.06
0.022857143
0.02173913
0.026315789
0.109540636
0
0.051612903
0.022421525
0
0.124401914
0
0
0.061538462
0
0.032051282
0.04494382
0.016528926
0.007434944
0
0
0.166666667
0.024282561
0.008196721
0.05
0.008379888
0.094594595
0.034722222
0.030534351
0.097560976
0.209302326
0.173333333
0
0.039473684
0.072164948
0
0.024793388
0.018957346
0
0.184890656
0
0
0
0.129032258
0.056410256
0
0.042253521
0
0.029535865
0
0.08815427
0.083892617
0
0
0
0.032258065
0.057692308
0.061320755
0
0.09569378
0.012195122
0
0.220833333
0.244131455
0
0.164021164
0.007246377
0
0.089285714
0.021126761
0.111111111
0
0.097435897
0
0.147113594
0
0
0.22295082
0.088039867
0
0.068126521
0.053497942
0.211009174
0.047244094
0.034722222
0.102564103
0.031948882
0.00591716
0
0.010869565
0.125984252
0
0.338582677
0.055555556
0
0
0.080701754
0
0
0.03030303
0
0.053097345
0.018779343
0.014084507
0.222222222
0
0.170040486
0.008498584
0
0
0.049479167
0.011363636
0.125
0.037037037
0
0
0
0.00621118
0
0.05988024
0.01754386
0
0
0
0.056666667
0
0.031468531
0.057692308
0.105504587
0.051546392
0.055045872
0.012195122
0.018018018
0.015075377
0
0.034246575
0
0.028901734
0
0.025641026
0.051282051
0.124031008
0
0.330798479
0
0
0
0.015625
0
0.085106383
0
0.003759398
0.003558719
0.060185185
0.038251366
0.038461538
0
0.040462428
0.042253521
0
0.01744186
0.077441077
0.02247191
0.02617801
0
0
0.021621622
0
0.076271186
0.094545455
0.017964072
0.05794948
0
0
0.076923077
0.026431718
0.049910873
0.016666667
0.036585366
0
0.279069767
0
0.04290429
0.057142857
0
0.005780347
0.043902439
0.207207207
0
0.012738854
0.173469388
0
0.048780488
0
0
0.003636364
0.020408163
0
0
0
0
0.141078838
0
0.016666667
0.170731707
0
0.116402116
0.087378641
0
0.032
0.06122449
0.134228188
0.068965517
0.025974026
0.111111111
0.022727273
0.045751634
0.111111111
0
0
0
0.017647059
0.093023256
0.008064516
0.157427938
0.02238806
0.065789474
0.044303797
0.055276382
0
0.026315789
0.027237354
0.032258065
0.029126214
0.032520325
0
0.126865672
0.217647059
0.194444444
0
0.171686747
0.008264463
0
0.043360434
0.066115702
0.111111111
0.180722892
0.089285714
0.061538462
0.088888889
0
0
0
0
0.060606061
0.037209302
0.024390244
0.032608696
0.143712575
0
0.007462687
0.521367521
0.037974684
0.060606061
0.051001821
0.044728435
0.068181818
0.028985507
0.026717557
0
0
0.052631579
0
0.209090909
0.039548023
0
0.016666667
0
0.117647059
0.040955631
0.037037037
0
0.113207547
0
0.16969697
0
0
0.057377049
0
0.085714286
0.014084507
0.017948718
0.27184466
0.005889282
0.151658768
0.033898305
0.00862069
0.021447721
0.057971014
0.151020408
0.044897959
0.033018868
0
0
0.00625
0.014084507
0.095490716
0
0.063492063
0.047619048
0.109375
0.057142857
0.035971223
0.027027027
0
0.072033898
0
0.018072289
0
0.060402685
0.19047619
0.043731778
0.031884058
0.113122172
0
0.168807339
0.013986014
0.018867925
0.015151515
0
0.010989011
0.071428571
0.052631579
0
0.227488152
0
0.046511628
0
0
0.059006211
0.076086957
0
0.210843373
0.207171315
0.065637066
0
0.012987013
0
0.01910828
0.073529412
0.017857143
0.087378641
0.2875
0.080701754
0.223880597
0.057142857
0.15942029
0.033333333
0.015625
0.056451613
0.266666667
0
0
0.008695652
0.007142857
0.038961039
0
0.260504202
0.027777778
0.060240964
0
0.023255814
0.062015504
0.037383178
0.00754717
0
0.007936508
0
0
0.027322404
0.1
0.19138756
0.065217391
0.029850746
0
0
0.011111111
0.067264574
0
0.019480519
0
0.00862069
0.029154519
0
0.011857708
0.172727273
0
0.019498607
0.066666667
0
0.127118644
0
0
0.006024096
0.182539683
0.012658228
0
0.040865385
0.040650407
0.027777778
0.015384615
0
0.016853933
0
0.276595745
0.029411765
0.006849315
0
0
0.014450867
0.122807018
0.177419355
0.016574586
0.01459854
0
0
0.140495868
0.154929577
0.009259259
0.026442308
0
0
0
0.003184713
0.104615385
0.092537313
0
0.012987013
0.015936255
0.211538462
0.024509804
0.234375
0.013157895
0.216216216
0.001879699
0
0.100775194
0.079812207
0.041666667
0.026666667
0.054545455
0.131707317
0.080357143
0.044534413
0.044176707
0.016528926
0
0
0
0.207100592
0
0.034129693
0
0
0.069444444
0
0.064935065
0.027422303
0.010752688
0.035353535
0.189189189
0
0
0.071770335
0
0.262672811
0
0.063291139
0.05982906
0
0.008264463
0.023121387
0.028735632
0.014492754
0.023746702
0.019230769
0.038961039
0.084033613
0.008264463
0.127118644
0
0
0.078431373
0.13253012
0
0
0.023584906
0.028776978
0.029850746
0.039215686
0.052959502
0.021126761
0.105263158
0.177777778
0.018292683
0.070175439
0.330882353
0.081395349
0.108159393
0
0.014084507
0
0
0.005555556
0.026548673
0.236907731
0.085551331
0.026819923
0.026315789
0.096
0.027491409
0.03960396
0
0
0
0.137931034
0.068181818
0.022988506
0
0.118421053
0.166666667
0.03030303
0.133333333
0.011363636
0.077669903
0.476730988
0
0.144329897
0.09009009
0.072164948
0.068965517
0
0.034825871
0
0.044609665
0
0.015873016
0.027972028
0.087591241
0.067669173
0.035714286
0.125
0
0
0.134790528
0
0.048387097
0.026548673
0.111111111
0
0.104712042
0.034246575
0.066115702
0.13836478
0
0.005555556
0
0
0.147679325
0.057142857
0.033898305
0.12394958
0.013793103
0
0.038167939
0
0.083870968
0.12849162
0.009852217
0.072992701
0.040322581
0
0.009090909
0
0
0.083333333
0.25502008
0.059210526
0.028806584
0.0625
0.039215686
0
0.285714286
0.039473684
0.008474576
0.002832861
0.010989011
0
0.0256917
0.008547009
0.018957346
0.088560886
0.017167382
0.12
0.010695187
0
0.006849315
0.207792208
0
0.003378378
0.09178744
0.149253731
0
0.031746032
0.009708738
0.051470588
0.127819549
0
0
0.025862069
0.04379562
0.018518519
0.046728972
0.042857143
0.057971014
0.013574661
0
0.037815126
0
0.306240929
0.168421053
0.147465438
0.011538462
0.025
0
0
0.044247788
0.117647059
0.038297872
0.028301887
0.052238806
0.199386503
0
0
0.018867925
0.032085561
0.008163265
0.055214724
0.063218391
0
0.577735125
0.032085561
0.041666667
0
0.003831418
0.010752688
0
0.120300752
0.018018018
0.02173913
0.021052632
0
0.016891892
0.144859813
0
0.079787234
0.052631579
0.00862069
0.064777328
0.0078125
0.014925373
0.064285714
0.095744681
0.118421053
0.019047619
0.015686275
0.02293578
0
0.051282051
0.069767442
0.026022305
0.004329004
0.008287293
0
0.203655352
0.079754601
0
0.01744186
0
0.016393443
0.018656716
0
0
0.017699115
0.247311828
0.0234375
0.185897436
0
0
0.015503876
0
0
0.076923077
0
0.055172414
0
0
0
0.015384615
0
0.159722222
0
0
0.022222222
0
0
0.131147541
0
0
0.125
0.025925926
0
0.012345679
0.155844156
0.077586207
0.01843318
0.237288136
0
0.392
0.116666667
0.06779661
0.256410256
0.015873016
0
0
0
0.054545455
0.166666667
0
0.027108434
0.020304569
0.071038251
0
0.013333333
0
0.012195122
0.02189781
0.044155844
0
0
0.220140515
0.125
0.148571429
0
0.098591549
0
0
0.032258065
0.078947368
0.035714286
0.046783626
0.05
0
0
0
0.030927835
0.514056225
0
0
0
0.029850746
0.056962025
0.285425101
0.233333333
0.059259259
0
0.077731092
0.118110236
0.074380165
0
0.043918919
0.076809453
0.007092199
0.064516129
0
0.080808081
0.038709677
0.016393443
0.110701107
0.130434783
0
0.015151515
0.056818182
0.059210526
0.1
0.031007752
0.036585366
0.48471223
0.083916084
0.06
0.078313253
0.070615034
0.125
0
0.044247788
0.034188034
0.02811245
0
0.054187192
0.102766798
0
0.011494253
0
0.04109589
0
0.016460905
0
0.072463768
0.060070671
0.069444444
0
0.005449591
0
0.040955631
0
0.010582011
0.006493506
0.159090909
0.003115265
0
0.087136929
0.121495327
0
0.097014925
0.035087719
0
0.005405405
0.024291498
0.03030303
0.009708738
0.075757576
0.049180328
0.085470085
0.057142857
0.024
0
0.023255814
0.043478261
0.673611111
0.03030303
0.035211268
0.145658263
0.088036117
0.948717949
0.024691358
0.057692308
0
0
0.027777778
0.094117647
0.011904762
0.034285714
0.019736842
0
0.008064516
0.019230769
0.21875
0
0.029535865
0
0.043327556
0.005797101
0.340659341
0.025423729
0.3203125
0.163265306
0.362416107
0
0.025751073
0.100775194
0.066666667
0.004545455
0
0.036585366
0.171052632
0.016528926
0
0.008241758
0.053398058
0.055555556
0
0.182857143
0
0.008426966
0.10483871
0
0.030985915
0.027210884
0.006711409
0.355555556
0.00877193
0.027431421
0
0.098360656
0.075
0
0.035211268
0
0.081632653
0.027777778
0.011111111
0
0
0.017094017
0.027777778
0
0.065637066
0.080882353
0.090909091
0
0.057471264
0.072580645
0.00625
0
0.056140351
0.044362292
0
0.04516129
0
0.323420074
0.005154639
0.047244094
0.009389671
0.06
0
0.031746032
0.055555556
0.018348624
0.134545455
0.037117904
0.016759777
0
0.061403509
0.032171582
0.129930394
0
0.107526882
0
0.04
0.195945946
0
0.02970297
0
0
0
0.044585987
0
0.027027027
0.011673152
0
0.036764706
0
0.004739336
0.043478261
0.057142857
0
0.060606061
0.049242424
0
0.042145594
0.055813953
0.199453552
0.053658537
0.036809816
0.098591549
0.033333333
0
0
0
0.017094017
0.020833333
0.111111111
0.016666667
0
0
0.131639723
0.005025126
0.082191781
0.071625344
0.009708738
0.2
0.025
0
0.033333333
0.046632124
0.285714286
0.032921811
0.101851852
0.011320755
0
0.019073569
0.115879828
0.052287582
0
0
0
0
0.04587156
0.097560976
0.01459854
0
0
0.037267081
0
0.166666667
0.010362694
0
0.042071197
0.174025974
0.111913357
0.047619048
0.049180328
0.052631579
0.324432577
0.042402827
0.003016591
0.022988506
0
0.003115265
0.00621118
0
0
0.028169014
0
0.330985915
0
0.027522936
0.122969838
0.008928571
0
0
0.075819672
0.136363636
0.059405941
0
0.134545455
0.020689655
0.046728972
0.007352941
0.04
0
0.012048193
0.050847458
0.054635762
0
0
0.014705882
0
0
0.064220183
0.005952381
0.015957447
0.015151515
0.047619048
0.353982301
0.076923077
0
0.015873016
0.004504505
0.037037037
0.074626866
0
0.078313253
0.051094891
0.041666667
0.042288557
0
0.124675325
0.023809524
0.031914894
0.051724138
0.106060606
0.02
0
0.247706422
0
0.054054054
0.106382979
0.008522727
0.087719298
0
0.014925373
0.032967033
0
0
0.032608696
0.008379888
0.125698324
0
0
0.051282051
0
0.064
0.080291971
0.008928571
0
0
0.065088757
0.343558282
0
0
0
0
0.004098361
0.027613412
0.007042254
0.089552239
0.019417476
0.105263158
0
0.042283298
0
0.01396648
0.02247191
0.07239819
0.018181818
0.105504587
0.007874016
0
0
0
0.040540541
0.151960784
0.104674797
0.037527594
0.042424242
0.036585366
0
0.033783784
0
0
0.179310345
0
0
0.052356021
0.016528926
0
0.261796043
0.0625
0.01754386
0
0.00877193
0
0.011406844
0.004149378
0.011152416
0
0.071428571
0.010752688
0.016129032
0
0.174358974
0.003690037
0.004807692
0
0
0.05027933
0.105263158
0.027522936
0.005208333
0.039473684
0.085714286
0.008097166
0.268292683
0.036363636
0.236453202
0.032178218
0.116352201
0.051470588
0.011857708
0.01369863
0
0.131782946
0.085271318
0
0.027777778
0.004385965
0.035532995
0.020710059
0.049723757
0.105263158
0.009803922
0.020408163
0.030927835
0.008547009
0.021582734
0.011363636
0.016759777
0
0.007142857
0
0
0
0
0
0.009569378
0
0.010703364
0.090909091
0.017301038
0.054054054
0
0
0.045703839
0.007614213
0.119469027
0.005882353
0.034883721
0.026490066
0
0.042253521
0.016304348
0
0.019607843
0.087378641
0.109589041
0.008810573
0
0.064724919
0
0.113553114
0.063694268
0.072463768
0.071428571
0.017241379
0.032835821
0.033707865
0.021505376
0.261261261
0
0.105820106
0
0.088050314
0.017241379
0.122743682
0.027210884
0.047445255
0.037735849
0.017391304
0
0.0375
0
0.05952381
0.544354839
0.042016807
0.133333333
0
0.017123288
0.022727273
0.083333333
0.0546875
0.078066914
0
0.029126214
0.010752688
0.35042735
0
0.028409091
0.0625
0.045112782
0.042201835
0.007042254
0
0.07079646
0.235127479
0.490740741
0.059701493
0
0
0
0.159309021
0.031161473
0.022099448
0.017467249
0.204819277
0
0.012820513
0.081395349
0.054263566
0.017021277
0.033898305
0.019230769
0.056872038
0.052631579
0
0.015625
0.014084507
0
0
0.050761421
0.171875
0.008695652
0
0.157575758
0.042857143
0.004464286
0
0
0.00862069
0.164179104
0.130311615
0.064356436
0.014044944
0.181818182
0.072072072
0.008223684
0.01010101
0
0
0
0
0.043478261
0
0
0.062015504
0.024793388
0.295774648
0
0.019047619
0.04494382
0.054644809
0.086956522
0
0.188498403
0.051851852
0.048939641
0.083333333
0.029126214
0.011173184
0
0.040540541
0
0.063694268
0.012269939
0.092682927
0.042735043
0.053497942
0.069565217
0.17380137
0.007462687
0
0.045454545
0.086805556
0.06836248
0.113861386
0.062992126
0.04964539
0
0.052631579
0
0.021156559
0.206349206
0.2
0.009009009
0.036885246
0
0.0375
0
0.034722222
0.030150754
0
0
0.076923077
0.007692308
0.045226131
0
0
0
0
0.024154589
0.077586207
0.086092715
0.063583815
0
0.112299465
0.04964539
0.037815126
0.010638298
0.054597701
0.024282561
0.072072072
0.008064516
0
0
0.111111111
0.153846154
0.01242236
0.08913649
0
0
0.278418451
0
0
0.016216216
0.011764706
0.013888889
0
0.001964637
0
0
0.052631579
0.051020408
0.028846154
0
0.044198895
0.042
0.185185185
0
0
0.058430718
0.107526882
0.004651163
0
0.22459893
0.016129032
0.026315789
0.004901961
0.058823529
0.032679739
0.008130081
0.163934426
0
0.016528926
0.082352941
0.179775281
0
0.016260163
0.049019608
0.034883721
0
0
0.016759777
0.02970297
0.012658228
0.04
0.01875
0.080645161
0.022727273
0
0.073891626
0.008130081
0.029739777
0.026666667
0
0.01010101
0.050847458
0.024390244
0.192771084
0.017857143
0.153061224
0.04
0.036363636
0.156862745
0.028169014
0
0
0
0
0.014388489
0
0
0.012195122
0
0.020833333
0.710482529
0.032258065
0.022727273
0
0.033419023
0
0.043478261
0.019417476
0.04040404
0.046666667
0
0
0
0
0
0.181818182
0.072463768
0
0.041666667
0.132701422
0.016
0.028571429
0.033783784
0.181818182
0
0.065989848
0.155339806
0
0.045045045
0.03343465
0.206521739
0
0.015151515
0
0
0.146341463
0.051470588
0.172839506
0.112149533
0.016949153
0.01
0
0.0625
0.261111111
0
0.074468085
0
0.103825137
0.03030303
0.008810573
0.016460905
0.052083333
0.050675676
0.155279503
0
0.048543689
0.055248619
0.004950495
0
0.0234375
0
0
0
0
0.173267327
0.058823529
0.289473684
0.256756757
0.169491525
0.105263158
0
0.05
0
0.018656716
0
0
0.003496503
0.00952381
0.074534161
0.051094891
0.010282776
0
0.148471616
0.06
0.122222222
0.084690554
0
0.06741573
0
0.06462585
0.074380165
0.014084507
0.076923077
0.022113022
0.012820513
0.289473684
0.054474708
0.3
0
0.045454545
0.153321976
0.025477707
0.027777778
0
0.01754386
0
0.057803468
0.014354067
0.030674847
0.03
0.026548673
0
0
0.116244411
0.032786885
0.0544919
0.204301075
0.167597765
0
0.044585987
0.037878788
0
0.012106538
0
0.057377049
0.015384615
0
0.313043478
0.021428571
0.077235772
0.025477707
0.099415205
0
0.258064516
0.032967033
0
0.225
0
0.068627451
0.03626943
0
0.008547009
0.086363636
0
0.12195122
0.109756098
0.058064516
0.005847953
0
0.003846154
0
0.175757576
0.066666667
0.012875536
0
0.155080214
0
0
0.021126761
0.027295285
0.178343949
0
0.014084507
0.015151515
0.15625
0.012658228
0.03030303
0.158878505
0
0.196261682
0.016129032
0.016528926
0.051282051
0.162280702
0.016806723
0
0.032967033
0.196078431
0.130268199
0
0
0
0.039215686
0
0.00621118
0.055555556
0.05
0
0.015384615
0.012345679
0
0.047619048
0.007263923
0
0
0.011560694
0.128571429
0.008547009
0.025773196
0.058252427
0
0.032258065
0.027667984
0.045977011
0
0.067510549
0.04368932
0
0.025
0
0.125
0
0.041025641
0.0625
0.1
0.004291845
0.011627907
0.211267606
0.035335689
0.100917431
0
0
0.158653846
0.008849558
0.017857143
0.053140097
0.115942029
0.208
0
0.162895928
0.010948905
0
0.011904762
0
0.012244898
0.007662835
0
0
0.004347826
0.036649215
0
0
0.045248869
0
0.013888889
0
0.076433121
0.016528926
0.024691358
0.014619883
0.032608696
0.013157895
0.102678571
0.080769231
0.011111111
0.018867925
0.016806723
0.014084507
0.074074074
0
0.121212121
0
0.026785714
0.015384615
0.22
0.010183299
0.139175258
0.188311688
0
0
0.006802721
0.204379562
0.147239264
0.111940299
0
0.015831135
0.084507042
0.018518519
0
0.029411765
0.007352941
0.080246914
0.054216867
0.054545455
0.014705882
0
0.123893805
0.070422535
0
0.035587189
0.045112782
0.111864407
0.017094017
0.0375
0.016666667
0.096428571
0
0.015151515
0.073529412
0
0
0.044642857
0.068181818
0
0.077669903
0.05704698
0
0
0
0.009259259
0.185185185
0
0.009708738
0.03030303
0.196078431
0
0
0.054794521
0.041025641
0
0.081196581
0.028368794
0
0
0.027149321
0
0
0.041666667
0.016129032
0.021929825
0
0.025
0.031578947
0.027777778
0.028213166
0.031007752
0
0.009090909
0.044609665
0.076452599
0
0.210526316
0
0.113300493
0.133333333
0.139664804
0.074433657
0
0.019047619
0.132596685
0.180412371
0
0
0
0.225225225
0
0
0
0.020618557
0
0.045833333
0
0.04040404
0.025641026
0.201511335
0.072463768
0
0.003333333
0.033898305
0.009803922
0.012605042
0
0.081300813
0.03125
0.109090909
0.06779661
0.119047619
0
0
0
0
0.016129032
0.01459854
0.194029851
0.026455026
0
0
0.091428571
0.00877193
0
0.009615385
0
0
0.137755102
0.076388889
0.027272727
0.072614108
0
0
0
0.022556391
0.021126761
0.009287926
0
0
0
0.059259259
0.052631579
0
0.043209877
0.043367347
0
0.010752688
0.189655172
0.062937063
0
0.156050955
0.235294118
0
0.022099448
0
0.050955414
0
0.094512195
0.006578947
0.056603774
0.024193548
0.020491803
0
0.005524862
0.048951049
0.204819277
0.037815126
0
0
0.055363322
0.012820513
0.020979021
0.039473684
0
0.202380952
0.026923077
0.016574586
0
0.008264463
0.195448461
0.069053708
0
0.072289157
0.00877193
0
0.057553957
0.060402685
0
0
0
0.224806202
0.03030303
0
0
0.037174721
0
0.041322314
0
0.104143337
0.448369565
0.007042254
0.126582278
0
0.057142857
0.336538462
0.08839779
0.011976048
0.021367521
0
0.013986014
0
0
0
0
0.019480519
0
0
0.037037037
0.031042129
0.12244898
0.030120482
0.01242236
0
0.06185567
0.070707071
0.178082192
0
0
0
0.058441558
0.016393443
0.0078125
0.068548387
0.006622517
0.056338028
0.053797468
0.008474576
0
0.016666667
0.007246377
0.054600607
0
0.042713568
0.047619048
0.00896861
0.030172414
0.016853933
0.007380074
0
0
0
0.154471545
0.0375
0.1875
0.147959184
0.1171875
0.043269231
0.00952381
0
0.032258065
0.019047619
0.172413793
0.102564103
0
0
0
0
0.035294118
0.104166667
0.195121951
0.071942446
0.044303797
0.008695652
0.045180723
0
0.008888889
0.029411765
0.012195122
0.006802721
0
0
0
0.010869565
0.11023622
0
0.008196721
0.014164306
0.03875969
0
0.025878004
0.025423729
0.004237288
0
0.016129032
0
0
0.125
0.032258065
0.056338028
0.069306931
0
0.1
0.02238806
0.139534884
0.031976744
0.130630631
0.067226891
0
0.009615385
0.047058824
0.007662835
0.014492754
0.059435364
0.244186047
0.009756098
0.132264529
0.036363636
0.076487252
0.039106145
0.016393443
0.075757576
0
0
0
0
0.157142857
0
0
0
0.090909091
0.040892193
0.173076923
0.09047619
0.008032129
0.27173913
0.058139535
0.105590062
0.1
0.156069364
0.062256809
0.01532567
0.21969697
0.08987701
0
0.126582278
0.04109589
0
0.16
0
0
0.043478261
0.013824885
0.034482759
0
0.021276596
0.055555556
0.071428571
0
0.227642276
0.007653061
0.040920716
0.00990099
0.115942029
0
0.016260163
0
0.014675052
0
0.083832335
0.015384615
0
0.428571429
0.034482759
0.040650407
0.15926893
0.074712644
0.090909091
0.016528926
0.004357298
0.028
0
0.038022814
0.112781955
0.042857143
0.104972376
0
0.099808061
0
0.05
0
0.107843137
0.404444444
0
0.107981221
0.035714286
0
0
0
0.015625
0.025
0
0
0
0.174157303
0.011111111
0
0.127819549
0
0.032258065
0
0.025806452
0.16271722
0
0.060606061
0
0.140522876
0.041958042
0
0
0
0
0.141552511
0.084337349
0.02970297
0.2
0
0
0.100244499
0
0
0.0125
0.019512195
0.026515152
0.08411215
0
0
0
0
0
0
0.007194245
0.085561497
0.029585799
0
0.023411371
0
0
0.055555556
0.048997773
0.071428571
0.053811659
0.055319149
0
0.045977011
0.032786885
0
0
0.111111111
0.028169014
0.037914692
0
0
0
0
0.010152284
0
0.112
0.211267606
0.00877193
0.066115702
0.052208835
0
0.297029703
0
0
0
0.045774648
0.114537445
0.035971223
0.015
0.018691589
0.012552301
0.034300792
0.038461538
0.025641026
0.063829787
0.023255814
0.063291139
0.025316456
0.074468085
0
0.139037433
0.042553191
0.018145161
0.02661597
0.089385475
0.016393443
0
0.051724138
0.06504065
0.046255507
0.011904762
0
0.021505376
0.172619048
0.011235955
0.044692737
0.145299145
0.026239067
0.017857143
0.016736402
0.053571429
0.06779661
0
0.017123288
0
0
0.010752688
0
0.007246377
0.146464646
0.209756098
0.015625
0.057377049
0.053140097
0.048611111
0
0.012931034
0.064516129
0.235632184
0.034883721
0.077220077
0.064516129
0.01980198
0
0.043478261
0
0.074626866
0.05655527
0.09375
0.068627451
0.009852217
0.015267176
0.101910828
0.247058824
0.250883392
0
0.233560091
0.092198582
0.010416667
0
0
0.004132231
0.009389671
0
0.064516129
0
0.054216867
0
0
0.016666667
0
0
0.12962963
0.034482759
0
0.016129032
0.10952381
0.026666667
0.036630037
0.277777778
0
0.014084507
0.425348374
0.024390244
0.065517241
0
0.065326633
0.044289044
0.012820513
0
0.073170732
0.102902375
0
0.12
0
0
0.042553191
0.084507042
0.006622517
0.010204082
0
0.028409091
0.136904762
0
0
0.184782609
0.005747126
0.067073171
0
0
0.025490196
0
0
0
0
0
0
0.057142857
0
0.002967359
0.075630252
0.142857143
0.035242291
0.051679587
0.025362319
0.078740157
0.151578947
0.021126761
0.028571429
0
0.151315789
0.099547511
0.206751055
0.016806723
0
0
0
0.110429448
0
0.097560976
0
0
0.179487179
0
0
0.028776978
0.009174312
0.028865979
0
0.004255319
0.042288557
0.076433121
0
0
0
0.107438017
0
0.027272727
0.140350877
0.035532995
0
0.010638298
0.013071895
0.04137931
0.024390244
0.022099448
0.071428571
0.090909091
0.040540541
0
0.017391304
0
0.058823529
0
0.104347826
0.118483412
0.033980583
0.136363636
0.052054795
0
0
0.016666667
0
0
0.056338028
0.051851852
0.064102564
0
0
0
0
0.049808429
0.008695652
0.018518519
0
0.11013986
0.051383399
0.083333333
0.014285714
0
0.049586777
0.010791367
0.021052632
0.062111801
0.016806723
0.062222222
0.41509434
0.06185567
0
0.055172414
0.140186916
0.021276596
0.017123288
0
0.035714286
0.215517241
0
0.054644809
0.015037594
0.024390244
0.023622047
0.016666667
0.298013245
0.106598985
0.019736842
0
0
0
0.08974359
0.019512195
0
0.016260163
0
0.184210526
0.008450704
0
0.21133412
0.013986014
0.008426966
0
0.066666667
0
0.274774775
0.034482759
0.009302326
0.009708738
0.114503817
0.263157895
0.055555556
0
0.047619048
0.246875
0.023696682
0
0.133333333
0.092857143
0.039735099
0.005617978
0.033557047
0.001818182
0
0
0.009259259
0.170068027
0.1
0.030612245
0.108974359
0.491525424
0.025316456
0
0.125
0.07518797
0.054054054
0
0
0.0625
0.007575758
0.020134228
0
0.025641026
0.072727273
0.038961039
0.028409091
0.012987013
0.125
0.01010101
0.033254157
0.026845638
0.04
0.066666667
0
0.016129032
0.04
0.113553114
0.010869565
0
0.01010101
0.046511628
0.05
0
0.144230769
0.122302158
0.038461538
0
0.173913043
0.162995595
0.099337748
0.138888889
0.091743119
0.015544041
0
0
0.087136929
0.090379009
0.017467249
0
0
0.081761006
0
0.06119403
0.00877193
0.117276166
0.009345794
0
0.026315789
0.065989848
0.012531328
0.0591133
0.211382114
0
0
0.076502732
0.041237113
0.007194245
0.026506024
0.119873817
0
0.063360882
0
0
0
0
0.203125
0
0.004716981
0.027972028
0.02991453
0.135064935
0.125
0.014084507
0.259259259
0.037037037
0.095652174
0.083333333
0
0
0.005291005
0
0
0
0.203007519
0
0.024963289
0.096385542
0
0.054421769
0
0.047732697
0.018518519
0
0
0
0.097297297
0.077380952
0.072916667
0
0
0.020833333
0.031496063
0
0.034722222
0.00248139
0.195652174
0
0
0
0.018181818
0
0.061594203
0.296875
0.103512015
0.032305433
0
0.037974684
0.035422343
0.096774194
0
0.031578947
0
0.025210084
0.071428571
0.139534884
0
0.412195122
0
0
0.056
0
0.055335968
0.021126761
0
0.051020408
0.028901734
0.037735849
0.176165803
0.022792023
0
0.021367521
0.203125
0.061728395
0.012658228
0.047120419
0.048923679
0.020833333
0.102564103
0.122377622
0.015625
0.980392157
0.016393443
0.021126761
0.020408163
0.027681661
0.024
0
0.109195402
0
0.141666667
0
0
0.010152284
0.01119403
0.015625
0.070754717
0
0.130434783
0.134615385
0.021341463
0
0.054817276
0.090225564
0.152941176
0.1
0
0.008130081
0.032727273
0.109090909
0.027522936
0.015625
0.025
0.009708738
0.016620499
0.038461538
0.032448378
0.042079208
0.114285714
0.005681818
0.053078556
0.027777778
0.22361809
0.082191781
0.009259259
0.05511811
0.08
0
0.179487179
0
0.004830918
0
0
0.405882353
0.058823529
0.021108179
0
0
0.022727273
0.041322314
0.144736842
0.077994429
0.047945205
0.026455026
0.013333333
0
0.012396694
0.025641026
0.024590164
0
0.129518072
0.022026432
0.378378378
0.183006536
0
0.046783626
0.197368421
0.117647059
0.13372093
0.017699115
0.052631579
0.037313433
0.017094017
0
0.027777778
0
0.0375
0.204188482
0.095454545
0.0078125
0.057142857
0.021028037
0
0.011904762
0.004926108
0.009708738
0
0
0.035971223
0.095238095
0.014851485
0
0.063235294
0
0
0
0.027027027
0.01754386
0
0.095238095
0.022304833
0.054644809
0.010909091
0.011673152
0.045801527
0.020408163
0.006289308
0
0.04587156
0.037267081
0.026548673
0
0.093023256
0.084337349
0.017391304
0.050632911
0.088607595
0.055737705
0.010869565
0
0.01965602
0.004424779
0.054446461
0.033653846
0.075144509
0.02020202
0.024390244
0.172413793
0.028169014
0.03526971
0
0.152173913
0.125523013
0.003527337
0.007751938
0.073232323
0
0.111111111
0
0.018450185
0
0.010526316
0.008915305
0.139737991
0.019607843
0
0.061538462
0.014285714
0.112627986
0
0
0
0.016129032
0
0.112359551
0
0
0.023255814
0
0
0.013513514
0.129353234
0.037037037
0.010416667
0
0.051020408
0
0
0.058139535
0.040540541
0
0
0.010416667
0.064814815
0.02247191
0.038095238
0.055319149
0
0.107913669
0.017730496
0
0.159533074
0
0
0.176020408
0
0.008368201
0
0.358851675
0.027322404
0.007462687
0.059139785
0.151079137
0
0
0
0.017391304
0.019417476
0.096551724
0.053435115
0
0.082677165
0.104316547
0.045454545
0
0.010362694
0.111111111
0
0.025547445
0.105263158
0
0.297356828
0.050632911
0.027322404
0.110294118
0.042780749
0.050798258
0.005988024
0.138888889
0.009708738
0.011142061
0
0
0.033444816
0.025210084
0.004784689
0
0.034013605
0
0
0
0
0.0875
0
0.02173913
0.157068063
0.015544041
0.015873016
0.00877193
0.019607843
0.055555556
0.026666667
0.015873016
0.134228188
0.047008547
0.193103448
0
0.065789474
0.03030303
0.024752475
0.026422764
0.083333333
0.183908046
0.038461538
0.01
0
0.056234719
0.135416667
0.038535645
0.019230769
0.010989011
0.034090909
0.137254902
0.052493438
0.106699752
0
0
0.03125
0.056074766
0.233333333
0.028571429
0
0.016949153
0
0.047138047
0
0.061068702
0.058285714
0.012987013
0.031914894
0.007751938
0.175438596
0.196078431
0.006666667
0.185430464
0.10326087
0.043478261
0
0
0.034883721
0
0.135658915
0.030555556
0.120300752
0
0
0.044025157
0.063291139
0.01509434
0.040268456
0
0.17679558
0.011235955
0.007220217
0.01369863
0.183823529
8.08E-04
0
0.024291498
0.058309038
0.05785124
0
0.014018692
0.18452381
0
0.16374269
0
0
0.288043478
0
0
0
0
0.013157895
0
0.032258065
0.009433962
0.036144578
0.02006689
0.120930233
0.017064846
0.013774105
0
0.15467075
0.194570136
0.071428571
0.015789474
0.084507042
0.006410256
0.266666667
0.011363636
0.034161491
0.107142857
0
0.007936508
0
0.030120482
0.132450331
0.022292994
0.064377682
0.07751938
0.150326797
0.166666667
0
0.022099448
0
0.026011561
0
0
0
0.054507338
0.02676399
0
0.019607843
0.043103448
0.030612245
0
0
0.053571429
0
0
0
0.067961165
0.121428571
0.101265823
0.051698671
0
0.034666667
0.057971014
0
0.087628866
0.046511628
0.065217391
0.032258065
0.01320132
0
0.016460905
0.105177994
0.111111111
0
0.235294118
0
0.115384615
0
0.007462687
0
0.034782609
0
0
0
0.059782609
0
0
0.069400631
0.026200873
0.015873016
0.043912176
0.020689655
0
0
0.009302326
0.007936508
0.014285714
0.081604426
0.046296296
0
0
0
0
0.12345679
0.025862069
0.037878788
0.088888889
0.012461059
0.036764706
0.065934066
0.21875
0
0.112359551
0.155555556
0.171232877
0.023255814
0.214285714
0
0.162361624
0.063063063
0.036697248
0
0.153333333
0
0
0.006024096
0.331578947
0.026086957
0.129032258
0
0.04587156
0.005464481
0.022304833
0.009345794
0.00921659
0.027272727
0
0
0.196969697
0.04109589
0
0.00621118
0
0
0
0.19047619
0
0.008474576
0
0.027586207
0.047945205
0.111111111
0.119047619
0
0
0.08
0.034013605
0.006944444
0.158730159
0
0
0.225352113
0.143162393
0
0.131578947
0.016304348
0.00921659
0.067567568
0.015748031
0.048034934
0
0.148148148
0
0.291262136
0.015267176
0.007352941
0.018115942
0.011904762
0.049180328
0.035897436
0.116504854
0.118072289
0.01459854
0.057692308
0.021834061
0.008695652
0.112582781
0.25877193
0
0.105263158
0.104265403
0.070652174
0.04379562
0
0.020576132
0
0
0.036613272
0.031088083
0
0.185185185
0.09
0.182572614
0.003952569
0.016
0.046875
0.033783784
0.04109589
0.11038961
0.106334842
0
0
0.018518519
0.029411765
0
0.25751073
0.009009009
0.016304348
0.077639752
0
0
0
0.147058824
0.073684211
0.02259887
0.003952569
0.028571429
0
0.026315789
0.20952381
0.035460993
0.028708134
0.066945607
0.0078125
0.026143791
0.016260163
0.011235955
0
0.1
0
0.165876777
0
0.016
0.013605442
0.026315789
0.044444444
0
0.04288499
0.11627907
0
0.039215686
0.002192982
0
0
0.005952381
0.011494253
0.031088083
0
0.039325843
0.222222222
0
0
0
0.018181818
0.015267176
0.163841808
0.036458333
0.045977011
0.040650407
0.007936508
0.222222222
0.081632653
0.325
0.010416667
0.059701493
0.022727273
0.272251309
0.011560694
0.007692308
0.031914894
0
0.047169811
0.016326531
0.013953488
0
0.014705882
0
0
0.060869565
0.018181818
0
0.047619048
0
0
0
0
0.024390244
0.1125
0
0
0.029411765
0.181818182
0.021582734
0
0
0
0.091463415
0
0.115273775
0
0
0.005649718
0.125
0.038461538
0
0.134615385
0
0.013986014
0
0.005347594
0.021621622
0
0.012121212
0.05988024
0
0.142857143
0.026415094
0.002320186
0.041958042
0.208333333
0.031463748
0.197530864
0.090573013
0
0.221698113
0
0.056701031
0.00913242
0
0.025742574
0.01980198
0.031609195
0
0
0
0
0.016129032
0
0
0.033519553
0.00729927
0
0.257352941
0.121794872
0.009708738
0
0
0.022058824
0.082706767
0.077777778
0.048192771
0.004166667
0.066176471
0.050561798
0.302325581
0.026809651
0.046783626
0.10845987
0
0.010152284
0.104166667
0.211382114
0.03358209
0
0.047945205
0.05106383
0
0.142857143
0.055555556
0.00729927
0.005405405
0.011363636
0
0.111111111
0.01980198
0.015748031
0.020408163
0.109090909
0.003891051
0.081784387
0.047058824
0.210116732
0.114285714
0.270334928
0.147286822
0.076923077
0
0
0.023668639
0.02970297
0.015503876
0.01532567
0.19
0.008474576
0.220994475
0.044334975
0.009615385
0.021164021
0.020325203
0.087719298
0
0
0
0.066115702
0.172661871
0.035175879
0.020289855
0.06097561
0
0
0.236842105
0.117647059
0
0
0
0.033333333
0.007407407
0
0.020618557
0.084375
0.013029316
0.17370892
0.136363636
0.027777778
0.105769231
0
0
0.024096386
0.090909091
0
0.035714286
0.006622517
0.012841091
0.008403361
0
0
0.096491228
0.038461538
0
0.019607843
0.057692308
0.066176471
0.034782609
0
0.01497006
0.02259887
0
0.01980198
0.074968234
0.052631579
0
0.050955414
0
0.064263323
0
0.064453125
0.020408163
0.227722772
0.028462998
0.003134796
0.0234375
0
0.01
0.055710306
0
0.017391304
0.051502146
0.197674419
0
0
0.150943396
0
0
0
0
0.076923077
0
0
0
0.119815668
0.00877193
0.046153846
0.088050314
0.353025937
0
0
0.05511811
0
0.018518519
0
0
0.044642857
0.018518519
0
0.006711409
0
0
0.070866142
0.022222222
0.041176471
0.032154341
0.103174603
0
0
0.173913043
0.017857143
0.256281407
0.010869565
0.2109375
0.0375
0
0.03125
0
0.027777778
0
0.0625
0.008333333
0.020304569
0.018518519
0
0.018181818
0.026595745
0.214285714
0
0.022727273
0
0.02247191
0.023668639
0
0
0
0.125
0
0.17816092
0.070175439
0.10619469
0.129186603
0.069090909
0
0
0.017699115
0.094827586
0.006622517
0.24291498
0.019607843
0.015037594
0.157894737
0
0.016666667
0.046357616
0.041366906
0
0.125423729
0
0.163522013
0
0
0
0
0
0.066312997
0.040983607
0.077639752
0.035211268
0
0.024305556
0.014388489
0
0.064516129
0.029411765
0
0.2625
0
0.038610039
0.021390374
0
0.097087379
0
0.043137255
0
0
0
0.014652015
0
0
0.009090909
0.00729927
0.032258065
0.009569378
0.203252033
0
0.011080332
0.039950062
0.099137931
0.081871345
0.126550868
0
0.046153846
0
0.240174672
0
0.116129032
0
0.04587156
0
0
0.113207547
0
0
0
0.016260163
0
0.149425287
0.03539823
0.167785235
0
0
0
0.009174312
0.048484848
0.052631579
0.00872093
0
0.027848101
0.037288136
0.092198582
0.057831325
0.049180328
0.046931408
0.241935484
0.13803681
0.245508982
0.02919708
0.071216617
0.290816327
0.076190476
0.121212121
0.007604563
0.140997831
0.123076923
0.007042254
0
0.020833333
0.011857708
0.1
0
0.018656716
0.080110497
0
0.013422819
0.071428571
0.228116711
0
0.006369427
0
0.038314176
0.031662269
0.0875
0.118343195
0.004
0.010869565
0.03187251
0.01734104
0.111111111
0.205128205
0.1
0
0
0.354497354
0.141089109
0
0.039408867
0.014492754
0
0.011695906
0.018348624
0
0
0.123893805
0.255263158
0.04
0.055299539
0.014084507
0.096774194
0
0.006410256
0
0.016129032
0
0
0
0.0625
0.18699187
0
0
0
0.1
0
0.065656566
0.035897436
0.079691517
0.239316239
0.088552916
0.014285714
0.099337748
0.039525692
0.040372671
0.08496732
0
0.106770833
0.075
0.016574586
0.128472222
0
0
0
0.044776119
0
0
0.075342466
0
0.051020408
0
0
0.051873199
0.007075472
0.021929825
0.013114754
0
0
0.339055794
0
0.025974026
0
0.030769231
0
0.03343949
0.014084507
0.13
0.023041475
0.029478458
0.026415094
0.010526316
0.086956522
0.017857143
0.066115702
0
0.016393443
0.165137615
0.214046823
0.026785714
0.011494253
0.061643836
0.024630542
0
0.172932331
0.015075377
0.006410256
0.020833333
0.079268293
0
0.040935673
0.005649718
0.113475177
0.012048193
0.024038462
0.018726592
0.044660194
0.15
0
0
0
0
0.173544974
0.184563758
0.02166065
0
0
0.013513514
0.072727273
0.011627907
0
0.016
0
0.018292683
0.1
0
0
0
0.064150943
0.0078125
0
0
0
0.166666667
0
0
0.066115702
0.022653722
0
0.009259259
0
0.022624434
0.041884817
0.017094017
0.016260163
0.014336918
0
0.029411765
0.013157895
0
0.038216561
0
0.098484848
0.059322034
0.05
0.013422819
0.012605042
0.127659574
0
0.068965517
0.07826087
0.070610687
0.027027027
0
0.08040201
0.026548673
0.02
0.153846154
0.053846154
0.02688172
0.070175439
0.00952381
0.026923077
0
0
0.032051282
0.042622951
0.050113895
0
0
0.028683181
0
0.050541516
0.01183432
0.1
0.05511811
0.011764706
0.043010753
0.092356688
0.201298701
0.032894737
0.049180328
0
0
0
0
0.107266436
0.028301887
0.014814815
0.009615385
0.257352941
0
0.114285714
0.104651163
0
0.029739777
0
0
0
0.047619048
0
0
0.175572519
0.245535714
0.006410256
0
0.04040404
0
0.014084507
0.011904762
0
0.069565217
0.077777778
0.09929078
0
0
0
0.12195122
0.010830325
0.021978022
0
0.003460208
0.183673469
0.131386861
0.063492063
0.021201413
0
0.081818182
0.088235294
0.075
0.153374233
0.196078431
0.006134969
0.099099099
0
0
0.194357367
0.025
0
0
0
0
0.150326797
0
0
0.016260163
0.009615385
0.063953488
0.1875
0.091836735
0.060606061
0.094488189
0
0.027083333
0.07456979
0.056338028
0.016260163
0
0.041121495
0.061403509
0.0056926
0.011764706
0.056768559
0.12
0.033057851
0.004347826
0.095238095
0
0
0.027027027
0.05
0.010638298
0.047058824
0.0625
0.019230769
0.089552239
0.037313433
0.092105263
0.125603865
0.03030303
0.04
0.008064516
0.049603175
0
0
0
0
0.1
0.019417476
0
0.058252427
0.265625
0
0.015873016
0
0.021857923
0
0.02
0.066433566
0.333333333
0.022792023
0.016574586
0.118181818
0.075949367
0.040540541
0.020408163
0
0.032258065
0.180722892
0
0
0.108280255
0.012987013
0.053571429
0
0
0.007272727
0.024324324
0.086330935
0.045977011
0
0.060209424
0
0.097667638
0
0.219626168
0
0
0
0.206896552
0.00753012
0
0.031954887
0
0.011173184
0
0
0
0.040145985
0.015384615
0.016574586
0.042959427
0
0
0.122324159
0.048
0.054054054
0.138888889
0.007042254
0.01863354
0
0.024793388
0
0.117647059
0.166666667
0.035842294
0.048780488
0.056818182
0.090909091
0.133858268
0.052631579
0
0
0.029304029
0.134615385
0
0
0
0.03649635
0.034188034
0
0.017857143
0.004504505
0
0.103448276
0.012295082
0.525
0.087719298
0.011904762
0
0.157894737
0
0.056962025
0
0
0.022058824
0
0
0
0
0.06557377
0
0.026315789
0.1414791
0.20083682
0.176870748
0.016666667
0
0.062575211
0.018779343
0.011627907
0.032608696
0.027472527
0.08685446
0
0.1375
0
0.116981132
0.055944056
0.130687318
0
0.031746032
0
0
0.042654028
0.050847458
0.072340426
0.170076726
0
0.077586207
0.055555556
0.087096774
0.104166667
0.049295775
0.005714286
0.021834061
0
0.182320442
0.055350554
0.065359477
0.066037736
0.125
0.097744361
0
0.093023256
0.019607843
0.004830918
0.015873016
0
0.101010101
0
0.065934066
0
0.082191781
0
0
0.142857143
0
0.085526316
0.036184211
0
0
0.393048128
0.076388889
0.086956522
0
0
0
0
0.028169014
0
0.016260163
0.042553191
0
0
0.17218543
0
0
0.017045455
0
0.021428571
0
0.036697248
0.021978022
0.0625
0.015748031
0
0
0.023391813
0.116666667
0.031830239
0.051282051
0
0
0
0.061349693
0.020833333
0
0
0.013888889
0.161971831
0.015873016
0.032967033
0
0
0
0.01875
0.067484663
0.025793651
0.023041475
0.014285714
0.142011834
0.021052632
0.049056604
0.011627907
0.011152416
0
0
0.072222222
0
0.075601375
0.017241379
0
0.038961039
0
0.073972603
0
0.033333333
0
0.006849315
0.096774194
0.024793388
0.013333333
0.061538462
0
0
0
0.25606469
0.025104603
0.267639903
0.123348018
0
0.078947368
0
0.012875536
0
0.015748031
0.044117647
0.215384615
0.218430034
0.016129032
0.040254237
0
0
0.046511628
0.039215686
0.03902439
0
0
0
0.103773585
0
0.012765957
0.051724138
0.181818182
0.3
0
0.017045455
0
0.027522936
0.035587189
0
0
0.07
0.142857143
0.006666667
0
0.02739726
0.032608696
0.009090909
0
0.057553957
0.048387097
0.024
0.023809524
0.012048193
0
0.034013605
0.013605442
0.246041413
0
0
0.022222222
0.072727273
0
0.570019724
0.0390625
0.213286713
0.063829787
0.027322404
0
0
0
0.232394366
0.008032129
0.059701493
0.06504065
0.036363636
0.012738854
0.032934132
0.043478261
0
0
0.063091483
0.00990099
0.352112676
0.025423729
0
0
0.011173184
0.079646018
0.476190476
0.174418605
0
0.038461538
0.066433566
0.022727273
0
0.101426307
0.082644628
0.02238806
0
0.007518797
0.047619048
0.066666667
0.169934641
0
0.21025641
0
0.209302326
0
0.025
0.04040404
0.034883721
0.037162162
0.171974522
0.015503876
0
0.017142857
0.072992701
0
0
0.009803922
0.093896714
0.024691358
0.006535948
0.052083333
0
0.134146341
0.00729927
0.034782609
0.022222222
0.024523161
0.046153846
0.006369427
0.017391304
0.066176471
0.032967033
0.04029304
0.011111111
0.039215686
0.062068966
0.081632653
0
0.057971014
0.02739726
0.016528926
0
0.431818182
0
0.121405751
0.028776978
0
0.028985507
0.009009009
0.11090573
0.014767932
0.047413793
0.017094017
0
0
0.022727273
0.309278351
0.011049724
0
0.097222222
0.048611111
0
0.100806452
0.225543478
0.051643192
0.097472924
0.046511628
0
0.126865672
0
0
0.11965812
0.016129032
0.054945055
0.020325203
0.1
0.018181818
0.15
0
0
0
0
0
0
0.027777778
0
0.138211382
0
0.025316456
0
0
0.019230769
0.235042735
0.024
0.083870968
0.083798883
0.090909091
0.159340659
0
0.230769231
0
0.014388489
0.017391304
0
0.03164557
0.011152416
0.105978261
0.039215686
0.106430155
0
0
0.040462428
0.026666667
0.032193159
0.01242236
0.163934426
0.037735849
0.044444444
0
0
0
0.176646707
0
0.020942408
0
0.016949153
0.012195122
0.063063063
0
0.038461538
0.051282051
0.025477707
0
0.067567568
0.154676259
0
0.011627907
0.039812646
0.084745763
0.102822581
0.178571429
0.016666667
0.154150198
0
0
0.038857143
0
0.117647059
0.114558473
0
0
0
0.026785714
0.038834951
0.2
0
0.012345679
0
0
0.041884817
0.005899705
0.037313433
0.024
0
0
0
0
0
0
0.046052632
0.023529412
0
0.193181818
0
0.011695906
0
0.011494253
0
0
0
0.151515152
0.047619048
0
0.240641711
0.147368421
0.374045802
0.038639876
0.175257732
0.147058824
0.056603774
0
0
0.019417476
0.037878788
0.021008403
0.162303665
0.015625
0
0.063973064
0.122137405
0.053333333
0
0.048327138
0.027681661
0
0
0
0.016528926
0
0.09
0.095723014
0.017391304
0.010638298
0
0.247524752
0
0
0.089330025
0.098837209
0
0
0
0.032786885
0.030120482
0.051324503
0.077170418
0
0.146341463
0
0.015151515
0.016129032
0.03030303
0.045454545
0
0.097222222
0.025641026
0.01980198
0.1
0.034749035
0.253846154
0
0.017509728
0.03539823
0.045955882
0.104651163
0.265116279
0.022222222
0
0
0.034042553
0.141141141
0.18877551
0.183246073
0.17721519
0.095
0.024793388
0.010152284
0.234693878
0.064
0
0.068965517
0
0.040816327
0.032467532
0.049429658
0.067073171
0
0.053639847
0.474137931
0
0.002262443
0.248175182
0.023809524
0
0.057142857
0.01754386
0.069277108
0.121673004
0.058823529
0.020512821
0.03525641
0.053191489
0.011764706
0
0
0.050847458
0
0
0.073446328
0.143835616
0.029411765
0
0.013774105
0.055944056
0.016666667
0.042253521
0.414739884
0.025236593
0.02
0.125
0.02994012
0.016949153
0.075
0
0
0
0.135021097
0.046153846
0.010309278
0
0.048
0
0
0.038961039
0.011111111
0.162393162
0
0.007518797
0
0
0.052447552
0
0
0
0
0.147928994
0
0
0
0.010416667
0.063636364
0.054945055
0.023809524
0.023931624
0
0
0.02247191
0.04
0
0.029090909
0.027027027
0.009803922
0
0.07
0.073359073
0.046153846
0.019607843
0.050955414
0.025641026
0
0.007575758
0
0
0.20661157
0
0
0.014084507
0.04954955
0.003891051
0.059701493
0.074074074
0
0
0
0
0.014893617
0.216783217
0.021052632
0.095238095
0.028169014
0.028571429
0
0.109215017
0
0.088888889
0.081081081
0.134453782
0.131386861
0
0.04719764
0.086834734
0.004694836
0
0.067307692
0.104575163
0
0
0
0
0.1875
0.024691358
0.090909091
0.222222222
0.033707865
0.064
0.352517986
0.012195122
0
0
0.086826347
0.1
0.06
0.048387097
0.061302682
0
0
0.002881844
0.070588235
0.020408163
0.018691589
0.066037736
0
0.068100358
0.076923077
0.037572254
0
0.096969697
0.146341463
0.020408163
0
0.023668639
0.023809524
0.025252525
0.150170648
0.148648649
0.109375
0.112903226
0
0.035897436
0.011673152
0.003861004
0
0
0.196891192
0.03164557
0.199186992
0.176470588
0.040856031
0.088785047
0.027972028
0
0.421853112
0.033898305
0.093023256
0.011904762
0.151162791
0.089955022
0.332997988
0
0.041666667
0.015503876
0.20233463
0
0
0.17699115
0.085526316
0.254901961
0.330049261
0.008196721
0.012658228
0.077868852
0.02247191
0
0.041666667
0.037037037
0.075471698
0.009345794
0.15
0
0
0.021978022
0
0
0.088957055
0.021126761
0
0.012987013
0
0
0.01980198
0.114583333
0.169934641
0.015544041
0
0.051282051
0.041884817
0.010989011
0
0.062015504
0.02027027
0.195121951
0
0
0.018939394
0.133333333
0.014925373
0.008403361
0.030612245
0.152542373
0
0.010638298
0.099236641
0
0
0.016393443
0.006535948
0.293333333
0.017241379
0.187878788
0
0.017699115
0.009090909
0.162790698
0
0.044444444
0.348330914
0.007633588
0.058823529
0.030927835
0
0.073333333
0.111764706
0.05952381
0
0
0
0
0.115384615
0
0
0.060606061
0.025742574
0
0.206666667
0.007142857
0.005167959
0
0.067567568
0.018987342
0.190217391
0.113513514
0.189189189
0.060606061
0.021428571
0.110091743
0.06741573
0.01056338
0
0.148148148
0.020689655
0.01986755
0.094117647
0.125
0.026639344
0
0
0
0.018348624
0.014814815
0.032258065
0.02020202
0
0.017492711
0
0.016528926
0.092896175
0.03271028
0.037735849
0
0
0.034722222
0.109090909
0
0.14556962
0.051282051
0.256797583
0.035714286
0.275510204
0
0.017391304
0.052419355
0.075
0.013157895
0.090361446
0.016806723
0.115942029
0.08411215
0.056521739
0.033254157
0.058823529
0.008196721
0.061538462
0.005571031
0.026415094
0.041811847
0.049868766
0.082568807
0.013100437
0
0.044247788
0.138297872
0.032679739
0.261574074
0.026666667
0.124087591
0.097472924
0.114035088
0.079545455
0.018348624
0.01
0.100917431
0
0.066350711
0.008547009
0.02739726
0.013468013
0.090225564
0.035714286
0.090322581
0.074766355
0.025139665
0.006944444
0.194444444
0.040462428
0.032786885
0.005208333
0.017241379
0
0
0.246153846
0.02238806
0.027303754
0
0.052631579
0.079710145
0.047619048
0.086956522
0.040816327
0.044295302
0.096666667
0.010288066
0.062972292
0.017857143
0.021390374
0
0
0.101214575
0
0.076023392
0.03286385
0.028277635
0.016574586
0
0
0.00990099
0.197278912
0.044859813
0.029411765
0.079096045
0
0.045801527
0.125748503
0.036516854
0.03539823
0.224719101
0
0.0125
0.060869565
0.052631579
0.047297297
0.05
0.016260163
0.138755981
0
0.043269231
0
0.487309645
0.187817259
0.046296296
0
0.026143791
0.058823529
0
0.01
0.13253012
0
0
0.094936709
0
0
0.002212389
0.115384615
0
0.077922078
0
0.015873016
0.094488189
0.151515152
0
0.028776978
0.151785714
0
0.030366934
0
0.038535645
0
0.142857143
0.01242236
0.177743431
0
0.054054054
0.027027027
0
0.248322148
0.016393443
0
0.091603053
0.019354839
0.028985507
0.092436975
0
0
0
0.016260163
0.288194444
0.045801527
0.087248322
0.012345679
0
0.046728972
0.008928571
0
0.02283105
0.014492754
0.071428571
0
0.03125
0.04887218
0.009009009
0.026217228
0.356521739
0.031496063
0.01754386
0.022857143
0.02994012
0.019047619
0.027607362
0.123521682
0
0.00591716
0.05
0.026607539
0
0.020304569
0.009174312
0.05370844
0
0.125
0.016260163
0.052083333
0
0.089820359
0.021447721
0.014115092
0
0.032967033
0.129032258
0
0.053892216
0.108196721
0.028708134
0
0.027972028
0
0
0
0.050295858
0.013888889
0
0.077253219
0.094488189
0
0.031914894
0
0
0
0.043786982
0.095
0.015873016
0.052325581
0.38576349
0.043650794
0.015873016
0
0
0.035294118
0.027272727
0.105263158
0
0
0.069518717
0.006289308
0.018348624
0.009803922
0
0
0.2109375
0
0
0
0.053097345
0
0
0.046875
0.137931034
0
0.022779043
0.069948187
0.102189781
0.049608355
0
0.019480519
0.021126761
0.018796992
0.042735043
0.055472264
0.040816327
0.011494253
0.08852459
0
0
0.007575758
0.019047619
0
0.025641026
0.113989637
0.089709763
0.019230769
0.20441989
0
0
0.009009009
0
0
0
0
0.207100592
0.256637168
0.026548673
0.02
0.010752688
0.03125
0.07012987
0.15625
0
0
0.102362205
0.073170732
0.052631579
0.029962547
0
0.006369427
0.037037037
0.047337278
0.08839779
0.029239766
0.477047705
0
0.020833333
0.017857143
0
0
0.044871795
0.064377682
0.022321429
0
0.009925558
0
0.013888889
0.018867925
0.073446328
0.063829787
0.009090909
0.085714286
0
0.009230769
0
0.055172414
0.011111111
0.053003534
0.026490066
0
0
0
0.025
0.078481013
0
0.157534247
0
0.005617978
0
0.014423077
0
0.099206349
0
0
0
0
0
0.038860104
0
0
0.353932584
0.056994819
0.07545045
0
0.120805369
0.036931818
0
0.076923077
0.233974359
0.028301887
0.271929825
0.070512821
0.009389671
0
0.1875
0
0.130136986
0.027272727
0
0
0.01910828
0.03255814
0.076749436
0.067924528
0.056672761
0.009345794
0.110526316
0
0.016
0
0
0
0.011049724
0.097387173
0.038297872
0.017241379
0.038321168
0
0
0.013824885
0
0.152173913
0
0.028169014
0
0
0.098901099
0
0.019390582
0
0.063063063
0.017793594
0
0.022727273
0
0.03030303
0
0.14559387
0.006920415
0.013157895
0.008403361
0
0
0.117647059
0.019762846
0.008264463
0.117647059
0
0.028125
0.056338028
0
0
0.00621118
0.018348624
0.039215686
0.054054054
0.06557377
0.07421875
0
0
0.186186186
0
0.356687898
0.021052632
0.03539823
0
0.034482759
0.018796992
0
0.064516129
0.009302326
0
0.048076923
0.055865922
0
0.215613383
0
0.020134228
0
0.115606936
0.04743083
0
0.004587156
0.149700599
0.009259259
0.102564103
0
0.034482759
0
0.178082192
0.079019074
0
0.080188679
0.064935065
0
0.023952096
0.068047337
0.008064516
0
0
0.02173913
0
0.097087379
0
0
0.044871795
0.200253485
0.108843537
0.094684385
0.082298137
0.034246575
0.048484848
0.128
0.125
0
0
0
0.064935065
0
0.032110092
0
0
0.067961165
0.045977011
0.00990099
0
0
0
0
0.003952569
0.028070175
0.002688172
0
0.080357143
0.071428571
0
0.037383178
0.182432432
0.15128593
0.033834586
0
0.041666667
0.006756757
0.019774011
0.011152416
0
0.078571429
0
0
0.150289017
0.289377289
0.043165468
0.208029197
0.064516129
0.114285714
0.097107438
0.273127753
0.187192118
0
0.004716981
0.074509804
0
0
0.2875
0
0
0
0
0.015384615
0.004587156
0
0.129310345
0.05
0
0.055137845
0.036764706
0.019230769
0.016260163
0
0
0
0.034188034
0.025641026
0
0.01183432
0.042553191
0.078431373
0.015122873
0
0.144654088
0.046604527
0
0
0.042105263
0
0.199300699
0
0
0
0
0.064516129
0
0
0.019354839
0.013157895
0
0.2
0.027777778
0.10619469
0.02247191
0.017241379
0
0
0
0.025210084
0.001934236
0
0.256410256
0.02905569
0.065217391
0.080414013
0.154471545
0.096774194
0.021276596
0
0.036036036
0.05027933
0.015306122
0.069958848
0.060606061
0.067669173
0
0.117647059
0.152777778
0.129032258
0.010309278
0
0.132653061
0.210169492
0
0.023255814
0
0.067708333
0.055944056
0.006535948
0.046391753
0.074626866
0.081081081
0
0.038095238
0.016393443
0.003745318
0
0.00931677
0.035087719
0
0
0.175675676
0.01910828
0.025
0.109011628
0
0
0.325966851
0.027522936
0.045045045
0
0.114285714
0.111111111
0.012195122
0.009840098
0
0
0.061538462
0
0.045977011
0.039106145
0.068965517
0.021582734
0
0
0
0.005681818
0.064102564
0
0.016528926
0.145833333
0
0.01910828
0.030769231
0.025
0
0.2
0.003257329
0.194214876
0
0.009090909
0.073022312
0.003831418
0.045454545
0.02020202
0.046511628
0.046875
0.016528926
0.067567568
0.056338028
0.016042781
0.010416667
0.013793103
0.015053763
0.015306122
0.222772277
0.211908932
0.045226131
0.180212014
0.055900621
0
0.164251208
0
0.030487805
0.007518797
0.007407407
0.016393443
0
0
0.014492754
0.034722222
0.388888889
0.013761468
0.005154639
0.004784689
0
0.042553191
0.014760148
0
0.040650407
0.079207921
0.058035714
0.168831169
0.142105263
0
0.027027027
0.00990099
0.020408163
0
0.035433071
0.03125
0.033898305
0
0.223076923
0.19
0.137931034
0.195488722
0.035714286
0
0.146551724
0.010526316
0
0.015625
0.095238095
0.051020408
0
0.030612245
0.071428571
0.169934641
0.122302158
0.02484472
0.025316456
0
0.017391304
0.125
0.017094017
0.131979695
0.069148936
0.06
0
0.145728643
0.1
0
0.051980198
0
0
0
0.249190939
0
0
0.019047619
0.010869565
0.048780488
0.124183007
0.030534351
0.051470588
0
0.157894737
0
0
0.368786127
0.022813688
0.027777778
0
0.014084507
0
0.027210884
0.256097561
0.015384615
0.028985507
0
0
0.1
0
0.005464481
0
0
0.00591716
0.170940171
0
0.016129032
0
0.014084507
0.105726872
0
0.032608696
0
0.042372881
0
0.00621118
0.021978022
0.037815126
0
0.04040404
0
0
0.010380623
0.005524862
0.12
0.023529412
0.044247788
0.069892473
0.005208333
0.005102041
0.017094017
0.187192118
0.626865672
0.030232558
0.029411765
0
0.060913706
0.006711409
0
0.324200913
0.192090395
0.077777778
0.026315789
0.117647059
0
0.034313725
0.036231884
0
0.024242424
0
0
0
0
0
0.008385744
0.098684211
0.005319149
0
0.022883295
0.066165414
0
0
0.016129032
0
0
0.017647059
0.340314136
0.016393443
0
0.168032787
0
0.045714286
0.016528926
0.01369863
0.130952381
0.051282051
0.054166667
0
0
0.024793388
0.018987342
0.054166667
0
0.113207547
0.064864865
0
0.024390244
0.017391304
0.011235955
0
0.005263158
0.080536913
0.12
0.084210526
0
0
0
0.02739726
0.0041841
0.0125
0.102564103
0.026011561
0
0.06743738
0.085106383
0.014084507
0
0.163934426
0
0.028169014
0.283950617
0.049180328
0
0
0.002739726
0.014285714
0.0375
0.149253731
0.034934498
0.085621971
0.020408163
0.2421875
0.029239766
0.086538462
0
0
0.073313783
0.032085561
0.010204082
0
0.075471698
0.139303483
0
0.174603175
0
0.054054054
0.260188088
0
0
0
0.026717557
0
0
0.110169492
0.035947712
0.03968254
0.023923445
0.037037037
0
0
0.031847134
0
0.227272727
0.126315789
0.107594937
0.047337278
0.106060606
0.05
0.105769231
0.034666667
0
0.026595745
0.030075188
0
0.172588832
0
0
0.069518717
0
0
0.010638298
0.130434783
0.016
0.06185567
0.2
0
0
0.038461538
0.033070866
0.014388489
0.09
0
0.038043478
0.037453184
0
0.090909091
0
0.004424779
0.206779661
0.022727273
0.121580547
0.078651685
0.045801527
0.061946903
0.036231884
0.033333333
0
0
0
0
0.078534031
0
0.008823529
0
0.121621622
0.025830258
0.047244094
0.032786885
0.069204152
0.106719368
0.085
0.016528926
0.02020202
0.014184397
0
0
0
0.098837209
0.013513514
0.007352941
0
0.169354839
0.12195122
0
0.028
0.223529412
0.007326007
0.327868852
0.085714286
0
0.198391421
0.121621622
0.040322581
0.093247588
0
0.010452962
0.3
0.048780488
0.14084507
0
0.028089888
0.014527845
0
0
0.08411215
0.004950495
0.048780488
0.026829268
0
0.12804878
0
0.017391304
0.045454545
0
0.029288703
0.00617284
0.25388601
0.046511628
0
0.049261084
0.028571429
0.056
0.007462687
0.080188679
0.004
0.018867925
0.098360656
0.075757576
0.076797386
0.502183406
0.04379562
0.011904762
0.00802139
0.012738854
0.120171674
0
0.034285714
0.016806723
0.023255814
0.016666667
0.185628743
0.021857923
0.107142857
0.022284123
0
0.04467354
0.057324841
0.111111111
0.051282051
0.047930283
0.253164557
0.012345679
0
0.003424658
0
0
0.068493151
0
0.12295082
0
0.030534351
0.039370079
0.167741935
0.054054054
0
0.061151079
0
0
0.225988701
0.066225166
0.002493766
0.024154589
0.208333333
0.136842105
0.006535948
8.89E-04
0.008064516
0.011428571
0
0
0.022569444
0.043859649
0.024453024
0.023166023
0.179775281
0.009569378
0
0
0.027559055
0.014388489
0.022556391
0.017857143
0
0.032128514
0
0.041666667
0.014705882
0
0.069306931
0
0.011904762
0.024242424
0.01010101
0.017316017
0.038461538
0.027972028
0
0.006342495
0.022900763
0
0
0.073417722
0.215017065
0.010471204
0.058479532
0
0
0
0.029288703
0.005952381
0.008305648
0.018939394
0.017857143
0
0
0.081818182
0.068965517
0.022346369
0.018518519
0.06557377
0
0.299145299
0.05952381
0.061946903
0.014705882
0.024793388
0
0.132075472
0
0.019607843
0
0.232258065
0.069230769
0.063241107
0
0.01754386
0.033542977
0.0390625
0.005249344
0.079545455
0.221311475
0.051643192
0.028225806
0.15
0.209580838
0.101694915
0.088709677
0.020512821
0
0
0.321637427
0.022988506
0.268115942
0
0.163101604
0.037783375
0.027027027
0.045454545
0.034188034
0
0.084183673
0.009803922
0
0.318493151
0
0.073863636
0
0
0.036809816
0.043478261
0
0.192982456
0.042735043
0.014084507
0
0.007155635
0.009345794
0.164705882
0.171428571
0.150579151
0
0.057627119
0.179775281
0.013333333
0.03125
0
0
0.064864865
0
0.180473373
0.012195122
0
0.072815534
0.022988506
0.043956044
0
0.104938272
0.119205298
0
0.056737589
0.056994819
0.079470199
0.037037037
0.127737226
0
0
0.045977011
0.066666667
0.061983471
0.117857143
0.292576419
0
0.03
0.01010101
0
0.014925373
0.183823529
0.122278057
0
0
0.198757764
0
0.032608696
0.005154639
0.076923077
0
0.016877637
0.10546875
0
0.042105263
0.139784946
0.020408163
0.076115486
0.063291139
0
0.201183432
0
0
0.061349693
0.004672897
0.058139535
0
0
0.082774049
0.048843188
0.00913242
0.183206107
0.098245614
0
0
0.015625
0.016528926
0.052380952
0.022900763
0.101010101
0
0
0.042253521
0.028037383
0
0.232432432
0.03030303
0.027522936
0.08643617
0.042253521
0.040178571
0.037383178
0.014388489
0.043010753
0.073394495
0.063711911
0.010204082
0.016474465
0.081967213
0.16875
0
0
0.01384083
0.009090909
0.106796117
0
0
0
0.050793651
0.072463768
0.007575758
0
0
0
0.079470199
0.072580645
0
0.016393443
0.040816327
0
0.164835165
0.007462687
0.033149171
0
0.026315789
0.063492063
0.016260163
0.021276596
0.113402062
0.054794521
0
0.008426966
0.014492754
0
0.021052632
0
0.095238095
0.45144357
0.064393939
0.011235955
0.038834951
0.101265823
0
0.013333333
0.019512195
0.005208333
0
0.08125
0
0.014285714
0.195876289
0.019047619
0.06
0.088050314
0
0.008474576
0
0.073170732
0
0
0.075117371
0.026086957
0.153614458
0.044827586
0
0.010362694
0
0.00462963
0
0
0.016393443
0.092105263
0.008264463
0.184466019
0
0
0.089285714
0.027027027
0.050359712
0.205882353
0.021276596
0
0.04109589
0.01010101
0.022222222
0.037671233
0.022222222
0.008264463
0.016666667
0.123655914
0
0
0.033333333
0.043478261
0.244186047
0
0.02690583
0.004098361
0
0.030357143
0.06779661
0.042735043
0.036904762
0
0.049723757
0.008064516
0.101123596
0.022058824
0.039473684
0
0.204761905
0.099378882
0
0.067307692
0.045454545
0.078787879
0
0.080357143
0.016260163
0.016129032
0.121212121
0
0.024977155
0.012903226
0.012987013
0.027777778
0
0.081818182
0
0.028571429
0.027777778
0.052173913
0.052631579
0
0.012345679
0
0
0
0.153846154
0.005494505
0
0.294117647
0.063694268
0
0.037037037
0.174887892
0.011173184
0.224489796
0.036363636
0
0.01509434
0
0.013888889
0.029023747
0.025252525
0
0.120481928
0.014705882
0.047619048
0
0.042145594
0.131868132
0.016260163
0.509559435
0.044871795
0.011235955
0
0.070652174
0.016759777
0
0.059459459
0
0.038461538
0.026143791
0.019047619
0
0.083932854
0.010638298
0.015037594
0
0.036363636
0.005988024
0.14
0
0
0
0.066445183
0
0
0
0.032258065
0.070588235
0
0.038297872
0.08411215
0.037037037
0
0
0
0.008
0.144329897
0.04587156
0
0.090909091
0.182994455
0
0.018691589
0.060052219
0.077272727
0.056603774
0.022222222
0.204878049
0.018867925
0
0
0.0614489
0
0.280821918
0.016129032
0
0.053797468
0
0.025862069
0.007874016
0.056994819
0
0.015873016
0.016949153
0.169014085
0.040816327
0.096418733
0
0
0
0.077669903
0.026845638
0.009287926
0.054054054
0
0.004672897
0.056
0.020833333
0
0.121794872
0
0.006060606
0.090225564
0.026086957
0.042183623
0.186602871
0.0625
0.006711409
0.01532567
0.01980198
0.041666667
0.115384615
0
0
0
0.059459459
0
0
0.053571429
0.026548673
0
0.230366492
0.00621118
0
0.422018349
0.265734266
0
0.005025126
0
0
0.025974026
0
0.06122449
0.009259259
0.013761468
0
0.18018018
0.063157895
0.016574586
0.360655738
0.107981221
0.048780488
0.333333333
0.159763314
0.061135371
0.031578947
0.052249637
0
0.014388489
0
0.045045045
0
0
0.011608624
0.021929825
0.021352313
0.009324009
0
0.060240964
0.116129032
0
0
0
0.287937743
0.007633588
0.033942559
0
0.009803922
0
0
0.040123457
0.015384615
0.048387097
0.027888446
0
0.021126761
0.1
0.137614679
0.153034301
0
0.013636364
0.225806452
0.097142857
0.004807692
0
0
0.007575758
0.02919708
0
0.214814815
0.090909091
0.022222222
0.009345794
0.072691552
0.180645161
0.022900763
0.017094017
0
0.344927536
0.016666667
0.015151515
0.053892216
0.198529412
0.084158416
0
0
0.014184397
0.078947368
0.053763441
0.197478992
0
0.016666667
0.1875
0.03286385
0
0.006451613
0.146118721
0
0
0.109022556
0
0
0.009009009
0.057142857
0.152
0.014705882
0.05
0
0.010869565
0.044155844
0
0
0.020408163
0.041666667
0
0.004950495
0
0
0.057692308
0.006944444
0.125
0
0.022727273
0.038147139
0.174528302
0
0.026086957
0.055555556
0.023255814
0
0
0.038596491
0.113207547
0.033333333
0
0.006993007
0.134020619
0
0.177165354
0
0
0.075129534
0.016835017
0.051612903
0.032258065
0.122529644
0
0.028985507
0.015151515
0
0
0.042016807
0.079207921
0.058333333
0
0.010582011
0.151639344
0.042253521
0.100628931
0
0.16955684
0
0
0.204081633
0.494573643
0.028301887
0
0
0
0.274725275
0.034482759
0
0.052219321
0
0.055555556
0
0
0.026315789
0
0.026234568
0.237057221
0
0.013333333
0
0.050104384
0
0.042553191
0.013157895
0.027777778
0.044088176
0.222222222
0
0
0.490654206
0.0625
0.206293706
0.080536913
0.034782609
0
0.018604651
0.017094017
0.191919192
0.026666667
0.052631579
0
0
