commonlinkratio_2
0.205882353
0.288770053
0.321705426
0.1
0.222222222
0.581818182
0.053763441
0.265151515
0.036082474
0.101226994
0.293367347
0.426666667
0.227941176
0
0.206896552
0.108108108
0
0.178947368
0.275862069
0.237410072
0.297777778
0.172043011
0
0.895791583
0.149122807
0.379310345
0.290697674
0.298850575
0.270588235
0.427728614
0.13986014
0.168141593
0.306358382
0.20718232
0.324074074
0.171875
0.33604336
0.114427861
0.23857868
0.149171271
0.092307692
0.202166065
0.181818182
0.071428571
0.428994083
0.2
0.213114754
0.205555556
0.284671533
0.103896104
0
0.03649635
0.302083333
0.316176471
0.255639098
0.266129032
0.370967742
0.063872255
0.41221374
0.180952381
0.084033613
0.075757576
0.258064516
0.191283293
0.048484848
0.389105058
0.244680851
0.385786802
0.253968254
0.210526316
0.261538462
0.404040404
0.046728972
0.266666667
0.217821782
0.403846154
0.106951872
0.32
0.317073171
0.1796875
0.285714286
0.06302521
0.108695652
0.154929577
0.377358491
0.02189781
0.084507042
0.174757282
0.1886121
0.305084746
0.268041237
0.206666667
0.066666667
0.025641026
0.082758621
0.15625
0.107692308
0.163636364
0.197201018
0.205263158
0.272058824
0.21
0.130434783
0.093023256
0.444444444
0.20952381
0.244094488
0.096938776
0.619834711
0.352112676
0.048387097
0.492647059
0.035555556
0.351851852
0
0.125
0.265306122
0.018867925
0.086956522
0.031413613
0.096676737
0.430155211
0.360189573
0.058823529
0.096045198
0.4
0.108108108
0.277202073
0.170347003
0.443298969
0.113207547
0.149606299
0.192377495
0.086486486
0.026666667
0.302521008
0.230452675
0.229007634
0.324074074
0.341463415
0.280487805
0.128205128
0.009259259
0
0.3625
0.133333333
0.465753425
0.031746032
0.528735632
0.112299465
0.295566502
0.170212766
0
0.2
0.311377246
0.210084034
0
0.178571429
0.0625
0.266666667
0.035087719
0.580645161
0.095238095
0.439655172
0.397350993
0.126213592
0.348837209
0.147540984
0
0.425101215
0.267942584
0.081081081
0.375
0.340659341
0.105633803
0.442771084
0.087468983
0.233870968
0.076923077
0.137254902
0.145038168
0.244444444
0
0.217741935
0.589403974
0.185185185
0.357142857
0.232142857
0.381443299
0.2890625
0.196969697
0.104477612
0.184782609
0.090909091
0.115384615
0.096899225
0.06557377
0.172344689
0.200647249
0.10982659
0.318965517
0.597826087
0.150943396
0.278313253
0.037735849
0.25
0.441441441
0.145299145
0.224334601
0
0.152380952
0.268292683
0.195054945
0.140495868
0.139896373
0.37037037
0.265060241
0.263636364
0.056603774
0.32173913
0.282258065
0.298360656
0.153846154
0.470588235
0
0.123626374
0.25984252
0.061403509
0
0.205607477
0.509933775
0.090909091
0.076923077
0.195219124
0.175182482
0.070093458
0
0.081081081
0.197278912
0.282352941
0
0.26
0.081081081
0.276119403
0.1484375
0.301675978
0.079646018
0.300578035
0.633416459
0.222857143
0.533333333
0.411764706
0
0.214007782
0
0.047619048
0.055555556
0.128205128
0.3640553
0.24537037
0.312
0.220338983
0.187830688
0.117370892
0.025270758
0.274038462
0.151515152
0.132911392
0.290598291
0.22
0.262295082
0.144
0
0.663793103
0
0.315789474
0.214285714
0.16875
0.490990991
0.275510204
0.424028269
0.230769231
0.384615385
0.189830508
0
0.220238095
0.12
0.086956522
0
0.409090909
0.64893617
0.240740741
0.115384615
0
0.2
0.282828283
0.302702703
0.03
0.04109589
0.286307054
0.237435009
0.25
0.081632653
0.303030303
0.181818182
0.29296875
0.122807018
0.039473684
0.364016736
0.06557377
0.441176471
0.262711864
0.350649351
0.06185567
0.309278351
0.219178082
0
0.109090909
0.178861789
0.158333333
0.194756554
0.042553191
0.240331492
0
0.328947368
0
0.241706161
0.209923664
0.073170732
0.242424242
0.354632588
0.230769231
0.242990654
0.16
0.138888889
0
0.104651163
0.233108108
0.230769231
0
0
0.261538462
0.466292135
0.266040689
0.472
0.269662921
0.243055556
0.344262295
0.25
0.138297872
0.245901639
0.253968254
0.206349206
0.055555556
0.26618705
0.376744186
0.107142857
0.060606061
0.109677419
0.552941176
0.230215827
0.35443038
0.185779817
0.328703704
0.225352113
0.285714286
0.118343195
0.6
0
0.279863481
0.36453202
0.121387283
0.008493771
0
0.236111111
0.014925373
0.024390244
0.176870748
0.123076923
0.071428571
0.25
0.752631579
0.094488189
0.274261603
0.104417671
0.241935484
0.326829268
0.194805195
0.159090909
0.056451613
0.503311258
0.386075949
0
0.20625
0.057142857
0.204275534
0.714285714
0.217054264
0.257142857
0.172043011
0.069486405
0.315217391
0.373737374
0.230263158
0.201492537
0.206896552
0.291970803
0.269230769
0.15503876
0.393063584
0.290178571
0.170542636
0.236486486
0.027827648
0
0.405511811
0.402985075
0.086021505
0.183574879
0.060606061
0
0.529051988
0.177631579
0.343434343
0.379310345
0.259689922
0.0375
0.021276596
0.202531646
0.233333333
0.022440393
0.201101928
0.231155779
0.14556962
0.594594595
0.128514056
0
0.214876033
0.015151515
0.221428571
0.310126582
0
0.137931034
0.333333333
0.138888889
0.210526316
0.230769231
0.256410256
0.204918033
0.283185841
0.024539877
0.153846154
0.183206107
0.251101322
0
0.213592233
0.350515464
0.104265403
0.234126984
0.092105263
0.025806452
0
0.257352941
0.384615385
0.458333333
0.365217391
0.256097561
0.086705202
0
0.529411765
0.245614035
0.196721311
0.396226415
0
0.101190476
0.606217617
0.234883721
0.045977011
0.063492063
0.371794872
0.352380952
0
0.028169014
0.384615385
0.314465409
0.412698413
0.073298429
0.155737705
0.064748201
0.129032258
0.123595506
0.281967213
0.174193548
0.055944056
0.111111111
0.203608247
0.078125
0.068965517
0.086419753
0.177419355
0.292576419
0.146341463
0.134146341
0
0.304347826
0.408602151
0.037267081
0.035460993
0.128571429
0.346613546
0.475409836
0.170491803
0.060606061
0.451219512
0.209039548
0.133333333
0.183333333
0.180555556
0.37037037
0.267605634
0.12
0
0.134328358
0.063176895
0.130434783
0.006849315
0.245901639
0.178571429
0.554744526
0.133574007
0.102409639
0.321917808
0.055555556
0.156914894
0.246031746
0.125
0.282142857
0.497409326
0.347169811
0
0.232758621
0.235294118
0.418439716
0.136645963
0.115625
0.167364017
0.286713287
0.607142857
0.323529412
0.393129771
0.161290323
0.336769759
0.026785714
0.25462963
0.285714286
0
0.341317365
0.359589041
0.271028037
0.191011236
0.203389831
0.211009174
0.112676056
0.146131805
0.033333333
0.204968944
0.393364929
0.192982456
0.480701754
0.15
0
0.0625
0.177083333
0.229166667
0.115789474
0.098039216
0.156862745
0
0.149122807
0.234848485
0.047619048
0.254237288
0.447513812
0
0
0.378504673
0.238095238
0.121896163
0.476702509
0
0.195804196
0.454767726
0.142857143
0.163265306
0.06
0.084507042
0.599601594
0.15625
0.15
0.25
0.256790123
0.342857143
0.368055556
0.639175258
0.238993711
0.30075188
0.318181818
0.058823529
0.256944444
0.234567901
0.317073171
0.281690141
0.165137615
0.177884615
0.186915888
0.436090226
0.072580645
0.170138889
0.266666667
0.214285714
0.215384615
0.258503401
0.398533007
0.337121212
0.485250737
0.075471698
0.083333333
0.130434783
0.280952381
0.344827586
0.318518519
0.051282051
0.092485549
0
0.111111111
0.224299065
0
0.159793814
0.22
0.490196078
0.108571429
0.179723502
0.211009174
0.128654971
0.364772727
0.219557196
0.217977528
0.308383234
0.320754717
0.20212766
0.248366013
0.201438849
0.297247706
0.108108108
0.212121212
0.078431373
0.175792507
0.171428571
0.38121547
0.447169811
0.021164021
0.175824176
0.233333333
0.183453237
0.01183432
0.182072829
0.428994083
0.132911392
0.070175439
0.133858268
0.060465116
0
0.517241379
0.145299145
0.101769912
0.2
0.321428571
0.026315789
0.233333333
0.022556391
0.033333333
0.085470085
0.602564103
0.246376812
0.632911392
0.666666667
0.175438596
0.016949153
0.231884058
0
0.21969697
0.094650206
0.25
0.222222222
0.357142857
0
0.148148148
0.129032258
0.197183099
0.197368421
0.179856115
0.190666667
0.132911392
0.292089249
0.266233766
0.268181818
0.009345794
0.296943231
0.217821782
0.23880597
0.193133047
0.222826087
0
0.253807107
0.339869281
0.048192771
0.237597911
0.170454545
0.11
0.134986226
0.292307692
0.3
0
0.223529412
0.12173913
0.146596859
0.114754098
0.436363636
0.312267658
0.398373984
0.3671875
0.095238095
0.223463687
0.1886121
0.090909091
0.19391635
0.147887324
0.188679245
0.156330749
0.093596059
0.364583333
0.111111111
0.181818182
0.285714286
0.081081081
0.447761194
0.276315789
0.252873563
0.32038835
0.014563107
0.3
0.171974522
0.122641509
0.177606178
0.178571429
0.299435028
0.074074074
0.463963964
0.217391304
0.42972973
0.277310924
0.303664921
0.230046948
0.248366013
0
0.177966102
0.032894737
0.06185567
0.286713287
0.486666667
0.382857143
0.423913043
0.210526316
0.310954064
0.105263158
0.541935484
0.206278027
0.245283019
0.177033493
0.28
0.154929577
0.28974359
0.107526882
0.115384615
0.140449438
0.314049587
0.200743494
0
0.155737705
0.208333333
0.479028698
0.262295082
0.4
0.170391061
0.162162162
0.361111111
0.259541985
0.195121951
0.279069767
0.346666667
0.085106383
0.078947368
0.402061856
0.127659574
0.32231405
0.123222749
0
0.236580517
0
0.069444444
0.142857143
0.174193548
0.215384615
0
0.063380282
0.03875969
0.122362869
0.033898305
0.203856749
0.261744966
0.032
0
0.103448276
0.193548387
0.245192308
0.127358491
0.096774194
0.272727273
0.399390244
0.121621622
0.2375
0.384976526
0.273333333
0.301587302
0.094202899
0.172727273
0.142857143
0.281690141
0.488888889
0
0.251282051
0.072580645
0.297951583
0.231578947
0.577464789
0.413114754
0.295681063
0.06
0.318734793
0.242798354
0.229357798
0.188976378
0.194444444
0.243589744
0.319488818
0.124260355
0.164021164
0.097826087
0.25984252
0.046511628
0.397637795
0.133333333
0.121212121
0.016949153
0.164912281
0
0
0.075757576
0.125
0.265486726
0.441314554
0.267605634
0.283333333
0.03030303
0.481781377
0.16713881
0
0.08056872
0.341145833
0.045454545
0.151785714
0.333333333
0.021551724
0.013513514
0.034653465
0.01863354
0.403846154
0.179640719
0.421052632
0.210526316
0.056338028
0.046728972
0.203333333
0
0.342657343
0.211538462
0.21559633
0.371134021
0.460550459
0.06097561
0.171171171
0.35678392
0
0.239726027
0.090909091
0.231213873
0
0.128205128
0.102564103
0.205426357
0.009803922
0.395437262
0
0.106666667
0
0.1484375
0.07
0.25106383
0.052631579
0.086466165
0.060498221
0.152777778
0.215846995
0.384615385
0.320754717
0.23699422
0.225352113
0.25477707
0.389534884
0.616161616
0.235955056
0.366492147
0.118110236
0
0.37027027
0.037735849
0.131355932
0.414545455
0.209580838
0.476968796
0.025641026
0.021978022
0.315384615
0.233480176
0.221033868
0.3
0.274390244
0
0.418604651
0
0.181518152
0.395238095
0.289940828
0.202312139
0.151219512
0.357357357
0.126984127
0.146496815
0.275510204
0.0625
0.414634146
0
0
0.054545455
0.020408163
0.028169014
0.128205128
0.1
0
0.307053942
0.488372093
0.316666667
0.336585366
0.066666667
0.28042328
0.203883495
0.348958333
0.312
0.219387755
0.302013423
0.08045977
0.142857143
0.26984127
0.136363636
0.235294118
0.317460317
0.115384615
0.122807018
0.344827586
0.141176471
0.213953488
0.177419355
0.197339246
0.395522388
0.381578947
0.158227848
0.218592965
0
0.394736842
0.178988327
0.080645161
0.203883495
0.300813008
0
0.276119403
0.294117647
0.3125
0
0.274096386
0.231404959
0.12
0.330623306
0.190082645
0.166666667
0.325301205
0.616071429
0.369230769
0.155555556
0.310810811
0.273333333
0.181818182
0.082706767
0.217468806
0.390697674
0.292682927
0.293478261
0.275449102
0.378947368
0.52238806
0.653846154
0.303797468
0.090909091
0.449908925
0.201277955
0.161616162
0.043478261
0.202290076
0
0.152542373
0.223684211
0.170454545
0.309090909
0.129943503
0.103448276
0.272222222
0.146341463
0.235294118
0.221843003
0.092592593
0.070422535
0.471698113
0
0.23030303
0.464285714
0.230215827
0.237704918
0
0.428571429
0.274647887
0.248717949
0.330097087
0.71024735
0.232227488
0.203389831
0.094827586
0.128686327
0.202898551
0.179591837
0.240816327
0.254716981
0.188118812
0.029850746
0.0875
0.267605634
0.25464191
0.407407407
0.436507937
0.266666667
0.40625
0.333333333
0.237410072
0.135135135
0.025641026
0.398305085
0.169491525
0.280120482
0.035087719
0.127516779
0.217687075
0.297376093
0.072463768
0.42081448
0
0.532110092
0.167832168
0.103773585
0.265151515
0.2
0.115384615
0.5
0.373205742
0.288461538
0.336492891
0.026666667
0.38372093
0.148148148
0.083969466
0.204968944
0.297826087
0
0.427710843
0.679282869
0.274131274
0.090909091
0.090909091
0.352941176
0.165605096
0.188235294
0.291666667
0.436893204
0.3375
0.221052632
0.634328358
0.057142857
0.420289855
0.280952381
0.15625
0.298387097
0.333333333
0.142857143
0
0.060869565
0.25
0.220779221
0.03125
0.327731092
0.131944444
0.120481928
0.102564103
0.139534884
0.387596899
0.14953271
0.173584906
0.127388535
0.277777778
0.423076923
0.104166667
0.333333333
0.3
0.253588517
0.152173913
0.186567164
0.75
0.133333333
0.191666667
0.30044843
0.039215686
0.136363636
0
0.284482759
0.195335277
0.529032258
0.252964427
0.436363636
0.033613445
0.17270195
0.355555556
0.193548387
0.338983051
0.503703704
0.040669856
0.06626506
0.484126984
0.094936709
0
0.391826923
0.219512195
0.12037037
0.246153846
0
0.157303371
0.097560976
0.29787234
0.31372549
0.113013699
0.051094891
0
0.274566474
0.421052632
0.5
0.212707182
0.277372263
0.037037037
0.034482759
0.285123967
0.34741784
0.212962963
0.120192308
0.100671141
0.03187251
0.125925926
0.550955414
0.449230769
0.358208955
0
0.194805195
0.163346614
0.278846154
0.161764706
0.322916667
0.171052632
0.382882883
0.062969925
0.076923077
0.759689922
0.338028169
0.283854167
0.106666667
0.072727273
0.241463415
0.392857143
0.228744939
0.184738956
0.32231405
0.4
0.03030303
0.220238095
0.349112426
0
0.228668942
0.204379562
0.041474654
0.243055556
0
0.246753247
0.243144424
0.150537634
0.191919192
0.344594595
0.111111111
0.239130435
0.282296651
0
0.562211982
0.018181818
0.455696203
0.170940171
0.244444444
0.049586777
0.341040462
0.229885057
0.130434783
0.387862797
0.302884615
0.220779221
0.151260504
0.198347107
0.36440678
0.036363636
0.106666667
0.267973856
0.253012048
0.294117647
0.111111111
0.094339623
0.287769784
0.246268657
0.176470588
0.205607477
0.274647887
0.263157895
0.344444444
0.109756098
0.122807018
0.382352941
0.244186047
0.227703985
0.064516129
0.267605634
0.037037037
0.176470588
0.155555556
0.115044248
0.309226933
0.271863118
0.218390805
0.171052632
0.504
0.113402062
0.301980198
0
0.095238095
0
0.344827586
0.272727273
0.103448276
0.106382979
0.322368421
0.222222222
0.313131313
0.133333333
0.079545455
0.213592233
0.796821793
0.162162162
0.701030928
0.234234234
0.432989691
0.212643678
0.0625
0.36318408
0
0.282527881
0.305970149
0.23015873
0.13986014
0.350364964
0.180451128
0.142857143
0.570121951
0.1875
0.107692308
0.262295082
0.089552239
0.096774194
0.230088496
0.301587302
0
0.193717277
0.5
0.272727273
0.433962264
0.206896552
0.116666667
0.011560694
0.081081081
0.367088608
0.171428571
0.06779661
0.243697479
0.24137931
0
0.305343511
0
0.55483871
0.340782123
0.115763547
0.233576642
0.233870968
0.15942029
0.054545455
0.093189964
0.018691589
0.268518519
0.765060241
0.243421053
0.349794239
0.21875
0.078431373
0.170731707
0.337662338
0.105263158
0.076271186
0.141643059
0.032967033
0.064102564
0.292490119
0.239316239
0.123222749
0.188191882
0.270386266
0.36
0.267379679
0.081081081
0.212328767
0.337662338
0.39
0.155405405
0.280193237
0.328358209
0.202453988
0.253968254
0.097087379
0.338235294
0.385964912
0.117154812
0.071428571
0.025862069
0.277372263
0.185185185
0.102803738
0.228571429
0.347826087
0.208144796
0.086294416
0.336134454
0.04950495
0.448476052
0.221052632
0.313364055
0.184615385
0.125
0.123595506
0.081632653
0.178466077
0.529411765
0.089361702
0.301886792
0.231343284
0.349693252
0
0.111111111
0.231132075
0.374331551
0.27755102
0.233128834
0.32183908
0.024875622
0.917466411
0.159358289
0.25
0.208144796
0.183908046
0.048387097
0.225806452
0.218045113
0.261261261
0.413043478
0.305263158
0.097560976
0.070945946
0.485981308
0.033333333
0.388297872
0.171052632
0.206896552
0.55465587
0.3515625
0.119402985
0.342857143
0.195035461
0.184210526
0.095238095
0.309803922
0.28440367
0.160714286
0.58974359
0.674418605
0.171003717
0.294372294
0.17679558
0.142857143
0.389033943
0.220858896
0.126315789
0.096899225
0.136842105
0.237704918
0.123134328
0.088235294
0.111111111
0.150442478
0.333333333
0.3046875
0.320512821
0.177777778
0.0375
0.15503876
0.086956522
0
0.358974359
0.1875
0.117241379
0.3
0
0.034482759
0.230769231
0.06097561
0.378472222
0.348837209
0.034482759
0.122222222
0.035714286
0.137931034
0.278688525
0.020618557
0.121212121
0.355
0.285185185
0.106060606
0.277777778
0.597402597
0.146551724
0.110599078
0.463276836
0.028037383
0.692
0.208333333
0.211864407
0.316239316
0.30952381
0.069565217
0.329365079
0
0.163636364
0.333333333
0
0.105421687
0.279187817
0.169398907
0.169398907
0.24
0.02739726
0.292682927
0.218978102
0.238961039
0.038461538
0.321917808
0.276346604
0.3125
0.382857143
0.044444444
0.492957746
0
0.043103448
0.129032258
0.144736842
0.321428571
0.298245614
0.225
0
0.265625
0
0.35395189
0.582329317
0.009345794
0.2
0.133333333
0.26119403
0.164556962
0.321862348
0.3
0.214814815
0.136363636
0.151260504
0.488188976
0.165289256
0.027522936
0.273648649
0.463810931
0.127659574
0.238709677
0.1875
0.404040404
0.122580645
0.163934426
0.265682657
0.260869565
0
0.265151515
0.193181818
0.513157895
0.213131313
0.178294574
0.268292683
0.826438849
0.132867133
0.21
0.295180723
0.291571754
0.125
0.260869565
0.278761062
0.179487179
0.337349398
0.01369863
0.408866995
0.154150198
0
0.068965517
0.116129032
0.246575342
0.068965517
0.24691358
0
0.246376812
0.310954064
0.513888889
0.085714286
0.204359673
0
0.194539249
0
0.116402116
0.318181818
0.356060606
0.202492212
0.201530612
0.228215768
0.249221184
0.114649682
0.271144279
0.140350877
0.12962963
0.367567568
0.076923077
0.060606061
0.174757282
0.333333333
0.172131148
0.371794872
0.185714286
0.312
0.015748031
0.081395349
0.347826087
0.708333333
0.189393939
0.288732394
0.165266106
0.325056433
0.982905983
0.251028807
0.471153846
0.009708738
0.172932331
0.055555556
0.317647059
0.214285714
0.308571429
0.388157895
0.228310502
0.096774194
0.096153846
0.8125
0
0.17721519
0.212121212
0.199306759
0.315942029
0.472527473
0.309322034
0.39453125
0.401360544
0.476510067
0
0.115879828
0.23255814
0.35
0.354545455
0
0.292682927
0.289473684
0.305785124
0.049079755
0.192307692
0.213592233
0.271604938
0.018518519
0.371428571
0
0.165730337
0.233870968
0.153846154
0.208450704
0.136054422
0.147651007
0.711111111
0.131578947
0.241895262
0.06122449
0.327868852
0.225
0.041666667
0.154929577
0.038461538
0.469387755
0.111111111
0.166666667
0.173076923
0
0.324786325
0.027777778
0.142857143
0.328185328
0.235294118
0.181818182
0
0.235632184
0.197580645
0.13125
0.184466019
0.389473684
0.443622921
0.038461538
0.322580645
0.1
0.442379182
0.237113402
0.165354331
0.34741784
0.2
0
0.126984127
0.236111111
0.211009174
0.334545455
0.163755459
0.159217877
0
0.206140351
0.117962466
0.248259861
0.016393443
0.139784946
0.043478261
0.12
0.331081081
0.181818182
0.128712871
0
0.081081081
0.613636364
0.152866242
0.295454545
0.054054054
0.350194553
0.225609756
0.444852941
0.060606061
0.123222749
0.304347826
0.114285714
0.224242424
0.151515152
0.329545455
0.06185567
0.210727969
0.074418605
0.31147541
0.287804878
0.27607362
0.286384977
0.383333333
0
0.074074074
0
0.316239316
0.09375
0.287037037
0.333333333
0.081081081
0
0.228637413
0.035175879
0.164383562
0.100550964
0.058252427
0.2
0.2375
0.243055556
0.066666667
0.259067358
0.371428571
0.181069959
0.361111111
0.260377358
0.067567568
0.438692098
0.381974249
0.405228758
0.068181818
0.209876543
0
0.136363636
0.220183486
0.204878049
0.700729927
0.107526882
0.15
0.453416149
0.108527132
0.217948718
0.248704663
0
0.297734628
0.197402597
0.223826715
0.285714286
0.114754098
0.177631579
0.512683578
0.187279152
0.030165913
0.068965517
0.428994083
0.052959502
0.155279503
0.066666667
0
0.234741784
0.333333333
0.443661972
0
0.21559633
0.229698376
0.375
0.211895911
0.326203209
0.284836066
0.227272727
0.217821782
0
0.4
0.220689655
0.317757009
0.154411765
0.32
0.152542373
0.168674699
0.118644068
0.245033113
0
0.488372093
0.25
0
0.111111111
0.091743119
0.291666667
0.223404255
0.242424242
0.107142857
0.398230088
0.408653846
0.064516129
0.26984127
0.184684685
0.111111111
0.450746269
0.024193548
0.240963855
0.226277372
0.296296296
0.288557214
0.066666667
0.241558442
0.095238095
0.074468085
0.146551724
0.21969697
0.386666667
0.129411765
0.467889908
0.265486726
0.315315315
0.446808511
0.068181818
0.25
0
0.082089552
0.32967033
0.126984127
0.038461538
0.163043478
0.170391061
0.354748603
0.064102564
0.014814815
0.192307692
0.03030303
0.192
0.175182482
0.294642857
0.133333333
0.063829787
0.319526627
0.421267894
0.471264368
0
0.083333333
0.091603053
0.168032787
0.214990138
0.084507042
0.253731343
0.048543689
0.210526316
0.007936508
0.276955603
0
0.187150838
0.168539326
0.366515837
0.018181818
0.376146789
0.149606299
0
0.056910569
0
0.216216216
0.490196078
0.216463415
0.145695364
0.315151515
0.25
0
0.175675676
0.081081081
0
0.206896552
0.231884058
0
0.371727749
0.32231405
0.222222222
0.490106545
0.354166667
0.280701754
0.157894737
0.078947368
0.057692308
0.357414449
0.161825726
0.371747212
0.20754717
0.571428571
0.172043011
0.532258065
0
0.302564103
0.070110701
0.0625
0.026315789
0.251748252
0.402234637
0.210526316
0.220183486
0.1875
0.171052632
0.257142857
0.356275304
0.512195122
0.163636364
0.325123153
0.304455446
0.185534591
0.323529412
0.18972332
0.04109589
0.10625
0.240310078
0.180878553
0
0.097222222
0.118421053
0.197969543
0.109467456
0.392265193
0.234449761
0.078431373
0.173469388
0.24742268
0.282051282
0.273381295
0.227272727
0.195530726
0
0.435714286
0.060869565
0.024691358
0.038461538
0.08
0.2
0.241626794
0.181818182
0.218654434
0.181818182
0.320069204
0.283783784
0.054263566
0.5
0.241316271
0.634517766
0.542035398
0.607843137
0.127906977
0.07615894
0.391304348
0.11971831
0.336956522
0.040776699
0.362745098
0.174757282
0.239726027
0.325991189
0
0.161812298
0
0.36996337
0.356687898
0.101449275
0.253246753
0.306896552
0.370149254
0.258426966
0.050179211
0.459459459
0.73381295
0.354497354
0.086956522
0.238993711
0.192528736
0.267148014
0.231292517
0.255474453
0.433962264
0.113043478
0
0.1125
0.02739726
0.142857143
0.842741935
0.117647059
0.333333333
0.218309859
0.493150685
0.153409091
0.101851852
0.3828125
0.275092937
0
0.208737864
0.134408602
0.487179487
0
0.369318182
0.1375
0.218045113
0.436697248
0.258215962
0.11971831
0.513274336
0.413597734
0.527777778
0.223880597
0.243421053
0
0.14
0.186180422
0.385269122
0.44198895
0.15720524
0.394578313
0.103896104
0.166666667
0.220930233
0.186046512
0.323404255
0.203389831
0.141025641
0.222748815
0.249122807
0.035714286
0.34375
0.267605634
0
0.040816327
0.218274112
0.270833333
0.217391304
0.055555556
0.254545455
0.175
0.227678571
0.122580645
0.184782609
0.189655172
0.298507463
0.424929178
0.257425743
0.174157303
0.363636364
0.072072072
0.069078947
0.101010101
0
0.016666667
0
0.142857143
0.217391304
0.032967033
0.040201005
0.201550388
0.190082645
0.338028169
0.08
0.133333333
0.258426966
0.284153005
0.326086957
0.282178218
0.415335463
0.237037037
0.28548124
0.324074074
0.116504854
0.05027933
0.202898551
0.148648649
0.125786164
0.350318471
0.190184049
0.443902439
0.230769231
0.275720165
0.460869565
0.196061644
0.149253731
0.08
0.253588517
0.211805556
0.499205087
0.252475248
0.173228346
0.326241135
0.025862069
0.118421053
0.053571429
0.087447109
0.322751323
0.224242424
0.22972973
0.282786885
0.05
0.3875
0.132075472
0.291666667
0.291457286
0.428994083
0.008333333
0.211538462
0.092307692
0.201005025
0
0.228070175
0.010869565
0.32
0.241545894
0.25862069
0.516556291
0.248554913
0.032258065
0.203208556
0.290780142
0.235294118
0.265957447
0.481321839
0.207505519
0.279279279
0.209677419
0.2
0.051282051
0.222222222
0.153846154
0.099378882
0.331476323
0.089285714
0.028070175
0.438220758
0
0.111111111
0.421621622
0.129411765
0.111111111
0.14084507
0.223968566
0.241830065
0.131386861
0.456842105
0.142857143
0.096153846
0
0.281767956
0.478
0.24691358
0.15
0
0.487479132
0.41218638
0.28372093
0.066666667
0.465240642
0.314516129
0.201754386
0.057189542
0.058823529
0.248366013
0.154471545
0.37704918
0
0.285123967
0.217647059
0.348314607
0.204379562
0.365853659
0.117647059
0.430232558
0
0
0.245810056
0.297029703
0.088607595
0.18
0.1375
0.379032258
0.196969697
0.1875
0.216748768
0.195121951
0.204460967
0.46
0.140186916
0.151515152
0.242937853
0.097560976
0.698795181
0.053571429
0.459183673
0.376
0.23030303
0.261437908
0.230046948
0
0.083333333
0.164893617
0.106382979
0.071942446
0
0.036144578
0.036585366
0.071428571
0.15625
0.722129784
0.220430108
0.159090909
0.030769231
0.380462725
0.070588235
0.420289855
0.111650485
0.434343434
0.193333333
0
0.013888889
0
0
0.021052632
0.363636364
0.130434783
0.034482759
0.516666667
0.246445498
0.12
0.295238095
0.22972973
0.454545455
0.02173913
0.218274112
0.349514563
0.039215686
0.144144144
0.306990881
0.413043478
0
0.303030303
0.235294118
0.463414634
0.243902439
0.125
0.358024691
0.46728972
0.197740113
0.25
0.045751634
0.5015625
0.288888889
0.117647059
0.212765957
0
0.199453552
0.083333333
0.083700441
0.193415638
0.239583333
0.194256757
0.422360248
0.470588235
0.203883495
0.223756906
0.099009901
0
0.1796875
0.108433735
0
0.063829787
0
0.326732673
0.224264706
0.543859649
0.351351351
0.220338983
0.201754386
0
0.283333333
0.14084507
0.108208955
0.261363636
0.264864865
0.012237762
0.142857143
0.453416149
0.284671533
0.051413882
0.214285714
0.310043668
0.56
0.3
0.361563518
0.210526316
0.258426966
0
0.346938776
0.404958678
0.281690141
0.41025641
0.233415233
0.096153846
0.412280702
0.291828794
0.366666667
0.24691358
0.25
0.345826235
0.21656051
0.25
0.064220183
0.105263158
0.102564103
0.132947977
0.296650718
0.214723926
0.19
0.132743363
0.060606061
0.185185185
0.338301043
0.505854801
0.446244477
0.268817204
0.357541899
0.085714286
0.324840764
0.237373737
0.023255814
0.435835351
0.053333333
0.131147541
0.284615385
0.138528139
0.373913043
0.135714286
0.264227642
0.222929936
0.245614035
0.197368421
0.620967742
0.362637363
0
0.225
0.056179775
0.31372549
0.24611399
0
0.273504274
0.145454545
0.09375
0.219512195
0.37804878
0.219354839
0.070175439
0.145922747
0.188461538
0
0.206060606
0.341333333
0.068669528
0.042553191
0.280748663
0
0
0.295774648
0.071960298
0.305732484
0.035087719
0.183098592
0.28030303
0.325
0.158227848
0.2
0.261682243
0.129032258
0.355140187
0.322580645
0.330578512
0.179487179
0.192982456
0.075630252
0
0.087912088
0.431372549
0.32183908
0.214814815
0
0.06185567
0.470588235
0
0.149068323
0.273504274
0.15
0.045454545
0.076923077
0.12345679
0
0.537414966
0.167070218
0.048192771
0.108108108
0.092485549
0.221428571
0.371794872
0.335051546
0.184466019
0.05
0.122580645
0.169960474
0.264367816
0.047619048
0.185654008
0.213592233
0
0.0375
0
0.625
0.076923077
0.194871795
0.125
0.15
0.128755365
0.279069767
0.253521127
0.187279152
0.224770642
0.096774194
0
0.278846154
0.10619469
0.205357143
0.231884058
0.371980676
0.252
0.298387097
0.180995475
0.631386861
0
0.303571429
0.125
0.151020408
0.187739464
0.088888889
0.030769231
0.157971014
0.167539267
0.057377049
0
0.357466063
0.021390374
0.222222222
0
0.388535032
0.314049587
0.12345679
0.070175439
0.217391304
0.118421053
0.303571429
0.192307692
0.15
0.066037736
0.31092437
0.267605634
0.407407407
0
0.484848485
0.182254197
0.089285714
0.107692308
0.48
0.185336049
0.335051546
0.344155844
0.147540984
0.252124646
0.224489796
0.503649635
0.331288344
0.350746269
0.023255814
0.232189974
0.159624413
0.222222222
0.153846154
0.110294118
0.345588235
0.203703704
0.228915663
0.272727273
0.183823529
0.153846154
0.168141593
0.154929577
0
0.192170819
0.255639098
0.33559322
0.11965812
0.2
0.15
0.232142857
0.096774194
0.265151515
0.147058824
0.117117117
0
0.285714286
0.181818182
0
0.330097087
0.33557047
0.090909091
0.25
0.104972376
0.263888889
0.444444444
0
0.160194175
0.121212121
0.274509804
0.409090909
0
0.267123288
0.158974359
0.068181818
0.299145299
0.404255319
0
0.051886792
0.176470588
0.233870968
0.060606061
0.339285714
0.322580645
0.25877193
0
0.305
0.157894737
0.208333333
0.476489028
0.310077519
0.347150259
0.272727273
0.167286245
0.241590214
0
0.228070175
0
0.270935961
0.2
0.38547486
0.139158576
0.112676056
0.20952381
0.364640884
0.350515464
0.052631579
0.081081081
0.423423423
0.315315315
0
0.052631579
0.044444444
0.092783505
0
0.233333333
0.047058824
0.202020202
0.243589744
0.423173804
0.18115942
0.325581395
0.183333333
0.203389831
0.088235294
0.113445378
0.175
0.154471545
0.140625
0.357575758
0.322033898
0.488095238
0.163934426
0.070707071
0
0
0.314516129
0.116788321
0.328358209
0.132275132
0.02189781
0.203883495
0.194285714
0.061403509
0.081081081
0.173076923
0.152173913
0
0.219387755
0.152777778
0.118181818
0.27593361
0.376623377
0.220779221
0.388888889
0.248120301
0.262910798
0.083591331
0.196172249
0
0.215053763
0.237037037
0.340080972
0.52
0.172839506
0.308673469
0.013986014
0.26344086
0.75
0.202797203
0.054054054
0.353503185
0.264705882
0.100775194
0.127071823
0
0.095541401
0
0.353658537
0.197368421
0.308176101
0.112903226
0.348360656
0
0.298342541
0.265734266
0.277108434
0.130252101
0.203389831
0.100529101
0.134948097
0.211538462
0.286713287
0.276315789
0.142857143
0.321428571
0.361538462
0.038674033
0.006944444
0.223140496
0.219544846
0.200767263
0
0.397590361
0.236842105
0
0.244604317
0.503355705
0.12
0.048484848
0.164794007
0.276485788
0.206060606
0.060344828
0.145631068
0.427509294
0
0.210743802
0.077464789
0.569988802
0.570652174
0.211267606
0.335443038
0
0.157142857
0.365384615
0.270718232
0.22754491
0.141025641
0
0.165501166
0.081967213
0.262626263
0.060606061
0.025641026
0.123376623
0
0.097744361
0.267489712
0.374722838
0.234693878
0.289156627
0.086956522
0.125
0.226804124
0.191919192
0.349315068
0
0.190789474
0
0.24025974
0.385245902
0.09375
0.306451613
0.185430464
0.14084507
0.329113924
0.266949153
0.00877193
0.325
0.137681159
0.173913043
0.288461538
0.331658291
0.292517007
0.103139013
0.081896552
0.078651685
0.273062731
0
0.075471698
0.125786164
0.349593496
0.125
0.3625
0.326530612
0.244140625
0.240384615
0.285714286
0.074074074
0.267281106
0.342857143
0.310344828
0.205128205
0.029411765
0.2
0.213114754
0.276595745
0.160784314
0.5625
0.23902439
0.201438849
0.291139241
0.07826087
0.093373494
0
0.328888889
0.181372549
0.146341463
0.129251701
0
0.070707071
0
0.10326087
0.228346457
0.081632653
0.270491803
0.203966006
0.302325581
0.21875
0.195933457
0.127118644
0.300847458
0.131578947
0.330645161
0.115384615
0.297979798
0.25
0.306451613
0.070422535
0.178217822
0.447368421
0.25
0.391791045
0.674418605
0.35755814
0.387387387
0.285714286
0.095238095
0.192307692
0.2
0.199233716
0.195652174
0.47102526
0.43255814
0.195121951
0.214428858
0.127272727
0.158640227
0.251396648
0.163934426
0.212121212
0.238095238
0.299492386
0.065359477
0.086021505
0.314285714
0
0.213114754
0.102272727
0.297979798
0.237918216
0.757692308
0.378571429
0.228915663
0.456521739
0.168604651
0.347826087
0.265
0.277456647
0.206225681
0.379310345
0.265151515
0.488174078
0.157894737
0.240506329
0.321917808
0
0.288
0.230769231
0.104895105
0.444444444
0.276497696
0.068965517
0.222222222
0.319148936
0.314814815
0.428571429
0.076923077
0.495934959
0.198979592
0.41943734
0.138613861
0.193236715
0.128440367
0.365853659
0.155172414
0.459119497
0.195783133
0.317365269
0.084615385
0.157894737
0.714285714
0.176724138
0.130081301
0.190600522
0.183908046
0.272727273
0.32231405
0.603485839
0.18
0.015384615
0.216730038
0.22556391
0.235714286
0.414364641
0.076923077
0.347408829
0.073394495
0.175
0
0.617647059
0.488888889
0.071428571
0.211267606
0.242857143
0.362416107
0.090909091
0.137566138
0.15625
0.341666667
0.685714286
0.294964029
0.109756098
0.359550562
0.066666667
0.090909091
0.353383459
0.065217391
0.516129032
0
0.490322581
0.374407583
0.027777778
0.090909091
0
0.369281046
0.293706294
0.141414141
0.139534884
0.166666667
0.103448276
0.255707763
0.13253012
0.089108911
0.282352941
0.122580645
0.004944376
0.435207824
0.081081081
0.142857143
0.1
0.175609756
0.403409091
0.177570093
0
0
0.221518987
0
0.126582278
0.310344828
0.086330935
0.14973262
0.213017751
0.107142857
0.127090301
0.157894737
0.163265306
0.388888889
0.285077951
0.410714286
0.32735426
0.221276596
0.259259259
0.586206897
0.049180328
0.091666667
0.074074074
0.222222222
0.302816901
0.118483412
0
0.088888889
0.059139785
0
0.345177665
0.028985507
0.248
0.232394366
0.175438596
0.26446281
0.309236948
0.054794521
0.603960396
0
0.277777778
0
0.225352113
0.303964758
0.136690647
0.105
0.205607477
0.251046025
0.385224274
0.269230769
0.128205128
0.276595745
0.313953488
0.278481013
0.056962025
0.159574468
0.164383562
0.267379679
0.304964539
0.433467742
0.368821293
0.240223464
0.163934426
0.0625
0.293103448
0.203252033
0.471365639
0.273809524
0.066666667
0.112903226
0.267857143
0.606741573
0.335195531
0.247863248
0.510204082
0.160714286
0.167364017
0.107142857
0.491525424
0.307692308
0.47260274
0.081081081
0.081081081
0.096774194
0.173913043
0.108695652
0.404040404
0.575609756
0.140625
0.254098361
0.207729469
0.243055556
0.036363636
0.112068966
0.172043011
0.270114943
0.11627907
0.28957529
0.225806452
0.277227723
0
0.217391304
0.119496855
0.402985075
0.257069409
0.4375
0.284313725
0.330049261
0.618320611
0.261146497
0.696470588
0.424028269
0.288888889
0.43537415
0.54964539
0.197916667
0.081081081
0.018181818
0.152892562
0.286384977
0
0.170506912
0
0.269076305
0.025
0.056603774
0.208333333
0.048951049
0.264367816
0.194444444
0.124137931
0.091346154
0.314516129
0.576190476
0.173333333
0.245421245
0.469135802
0
0.281690141
0.461844725
0.207317073
0.310344828
0
0.08040201
0.198135198
0.102564103
0.279411765
0.326829268
0.248900616
0
0.248
0.106976744
0.096385542
0.265957447
0.295774648
0.145695364
0.204081633
0.105263158
0.170454545
0.303571429
0
0
0.429347826
0.24137931
0.170731707
0
0.460674157
0.182352941
0.3
0.181818182
0.032786885
0.444444444
0.107692308
0.110599078
0.171428571
0.153846154
0.216617211
0.243697479
0.333333333
0.242290749
0.235142119
0.184782609
0.196850394
0.237894737
0.288732394
0.095238095
0.117647059
0.503289474
0.532428356
0.272151899
0.294117647
0.094936709
0
0
0.343558282
0.166666667
0.25203252
0.152849741
0.063157895
0.323076923
0.063829787
0.090909091
0.201438849
0.091743119
0.121649485
0.028985507
0.131914894
0.194029851
0.343949045
0
0.048780488
0.064935065
0.231404959
0
0.331818182
0.210526316
0.162436548
0.081081081
0.138297872
0.163398693
0.206896552
0.341463415
0.367403315
0.182539683
0.151515152
0.243243243
0.284615385
0.165217391
0.054794521
0.205882353
0.04
0.147826087
0.374407583
0.509708738
0.266233766
0.287671233
0.097087379
0.112068966
0.333333333
0.205020921
0.155555556
0.286384977
0.251851852
0.58974359
0
0
0.04950495
0.428994083
0.337164751
0.304347826
0.305555556
0
0.18006993
0.14229249
0.42816092
0.1
0.141935484
0.132231405
0.064748201
0.1
0.49689441
0.193277311
0.146666667
0.509433962
0.144329897
0.037383178
0.268965517
0.411214953
0.361702128
0.47260274
0.246753247
0.261904762
0.387931034
0.010204082
0.106557377
0.255639098
0.317073171
0.157480315
0.316666667
0.407284768
0.401015228
0.256578947
0
0.49112426
0.140127389
0.179487179
0.307317073
0.014150943
0.178861789
0.151162791
0.342105263
0.166197183
0.033707865
0.551357733
0.272727273
0.179775281
0.105263158
0.288888889
0
0.396396396
0.655172414
0.102325581
0.126213592
0.13740458
0.473684211
0.145833333
0
0.238095238
0.278125
0.336492891
0
0.283333333
0.257142857
0.350993377
0.06741573
0.185682327
0.123636364
0
0.050847458
0.148148148
0.333333333
0.17
0.142857143
0.256410256
0.694915254
0.101265823
0.063157895
0.25
0.398496241
0.351351351
0.144329897
0
0.1640625
0.310606061
0.201342282
0
0.134615385
0.472727273
0.188311688
0.295454545
0.048701299
0.307692308
0.111111111
0.187648456
0.288590604
0.496
0.207407407
0.314285714
0.290322581
0.156
0.564102564
0.217391304
0
0.212121212
0.11627907
0.075
0
0.240384615
0.251798561
0.173076923
0.023622047
0.429347826
0.563876652
0.271523179
0.272222222
0.311926606
0.222797927
0.179487179
0.301587302
0.477178423
0.186588921
0.19650655
0.081081081
0.196721311
0.421383648
0
0.474626866
0.203947368
0.383354351
0.196261682
0.1640625
0.085526316
0.162436548
0.112781955
0.399014778
0.37398374
0.275700935
0.18
0.174863388
0.216494845
0.100719424
0.120481928
0.375394322
0.35
0.327823691
0.351351351
0.047619048
0.294642857
0.184615385
0.419270833
0.111111111
0.044811321
0.286713287
0.239316239
0.223376623
0.227941176
0.267605634
0.414814815
0.298941799
0.269565217
0.166666667
0
0
0.105820106
0.026315789
0.030769231
0.149038462
0.293233083
0
0.113069016
0.353413655
0
0.238095238
0
0.155131265
0.135802469
0
0.166666667
0.156862745
0.286486486
0.494047619
0.213541667
0.071428571
0.182795699
0.076388889
0.070866142
0.1
0.305555556
0.037220844
0.239130435
0
0.280898876
0.04
0.227272727
0.077669903
0.253623188
0.48828125
0.243992606
0.224669604
0.12195122
0.151898734
0.376021798
0.298387097
0.034482759
0.342105263
0.17037037
0.12605042
0.25
0.302325581
0.02173913
0.5
0.081081081
0.085365854
0.256
0.218181818
0.256916996
0.281690141
0.215909091
0.25170068
0.312138728
0.213836478
0.284974093
0.376068376
0.068181818
0.247863248
0.2421875
0.265432099
0.379746835
0.397905759
0.487279843
0.284722222
0.384615385
0.255244755
0.18359375
0.980392157
0.322404372
0.281690141
0.142857143
0.124567474
0.312
0.153846154
0.316091954
0.218978102
0.366666667
0
0.387096774
0.157360406
0.190298507
0.328125
0.278301887
0.058823529
0.391304348
0.326923077
0.112804878
0
0.239202658
0.421052632
0.352941176
0.291666667
0.033057851
0.219512195
0.170909091
0.145454545
0.064220183
0.385416667
0.291666667
0.145631068
0.418282548
0.115384615
0.359882006
0.227722772
0.471428571
0.079545455
0.303609342
0.157407407
0.278894472
0.525114155
0.185185185
0.236220472
0.286666667
0.111111111
0.292307692
0.024691358
0.120772947
0.333333333
0
0.452941176
0.168067227
0.17414248
0.121212121
0.076923077
0.401515152
0.26446281
0.210526316
0.281337047
0.308219178
0.17989418
0.106666667
0.048780488
0.107438017
0.384615385
0.237704918
0.362204724
0.421686747
0.220264317
0.405405405
0.464052288
0
0.614035088
0.315789474
0.333333333
0.36627907
0.212389381
0.315789474
0.358208955
0.290598291
0.15625
0.1875
0
0.129166667
0.403141361
0.309090909
0.765625
0.438095238
0.16588785
0.157894737
0.107142857
0.113300493
0.126213592
0.178082192
0.19205298
0.489208633
0.285714286
0.143564356
0.043478261
0.475
0.388429752
0.04
0.574712644
0.5
0.32748538
0.186046512
0.380952381
0.36802974
0.18579235
0.436363636
0.097276265
0.167938931
0.12755102
0.054507338
0.070175439
0.119266055
0.198757764
0.283185841
0
0.15503876
0.204819277
0.32173913
0.113924051
0.164556962
0.2
0.398550725
0.191666667
0.208845209
0.030973451
0.326678766
0.09375
0.300578035
0.207070707
0.024390244
0.184952978
0.35915493
0.302904564
0.086956522
0.309782609
0.142259414
0.061728395
0.23255814
0.419191919
0.131868132
0.26984127
0.53
0.20295203
0
0.294736842
0.188707281
0.305676856
0.294117647
0.048780488
0.21025641
0.128571429
0.180887372
0
0.055555556
0.039215686
0.314516129
0.01754386
0.123595506
0.180722892
0
0.302325581
0.045454545
0.042553191
0.094594595
0.186567164
0.111111111
0.197916667
0.049180328
0.214285714
0
0.323943662
0.127906977
0.148648649
0.096153846
0.010638298
0.677083333
0.152777778
0.202247191
0.247619048
0.391489362
0
0.237410072
0.109929078
0
0.463035019
0.054347826
0
0.352040816
0.043333333
0.158995816
0.086956522
0.397129187
0.183060109
0.067164179
0.204301075
0.273381295
0.073170732
0.1
0.056179775
0.32173913
0.106796117
0.213793103
0.244274809
0.133333333
0.200787402
0.356115108
0.204545455
0.236842105
0.176165803
0.135802469
0.183908046
0.372262774
0.201754386
0.08
0.735682819
0.261603376
0.327868852
0.382352941
0.347593583
0.460087083
0.065868263
0.277777778
0.13592233
0.181058496
0.141129032
0
0.45819398
0.352941176
0.119617225
0
0.12244898
0.18
0.085714286
0.204545455
0
0.3625
0.081081081
0.195652174
0.243455497
0.165803109
0.015873016
0.280701754
0.196078431
0.180555556
0.244444444
0.087301587
0.228187919
0.175213675
0.489655172
0.421686747
0.230263158
0.1
0.207920792
0.432926829
0.233333333
0.24137931
0.381410256
0.115
0
0.239608802
0.208333333
0.167630058
0.33974359
0.384615385
0.409090909
0.235294118
0.149606299
0.186104218
0.027777778
0.272727273
0.1015625
0.242990654
0.328571429
0.361904762
0.019047619
0.161016949
0.152173913
0.228956229
0
0.152671756
0.124571429
0.188311688
0.20212766
0.178294574
0.385964912
0.421568627
0.266666667
0.324503311
0.260869565
0.161490683
0
0
0.293604651
0
0.236434109
0.122222222
0.398496241
0
0.120967742
0.245283019
0.189873418
0.332075472
0.161073826
0.041322314
0.745856354
0.146067416
0.429602888
0.178082192
0.227941176
0.370250606
0.144278607
0.153846154
0.352769679
0.140495868
0.1875
0.098130841
0.208333333
0.151603499
0.463450292
0.155778894
0.020833333
0.375
0
0
0.157894737
0.100401606
0.078947368
0.06405694
0.032258065
0.066037736
0.13253012
0.190635452
0.288372093
0.33447099
0.181818182
0.428994083
0.19754977
0.307692308
0.25
0.221052632
0.302816901
0.179487179
0.333333333
0.227272727
0.409937888
0.25
0.097222222
0.095238095
0.078571429
0.108433735
0.238410596
0.261146497
0.206008584
0.379844961
0.22875817
0.262626263
0.209195402
0.182320442
0
0.38150289
0.032258065
0.05
0.096153846
0.48427673
0.177615572
0.079365079
0.235294118
0.439655172
0.071428571
0
0
0.178571429
0.117647059
0.040254237
0.111111111
0.189320388
0.242857143
0.215189873
0.453471196
0.109929078
0.394666667
0.246376812
0
0.335051546
0.279069767
0.347826087
0.262672811
0.04620462
0.260869565
0.164609053
0.53236246
0.140740741
0.079545455
0.276470588
0
0.5
0.3
0.037313433
0.044444444
0.1
0
0.052631579
0
0.130434783
0.037037037
0
0.179810726
0.301310044
0.119047619
0.405189621
0.317241379
0.075
0.018181818
0.195348837
0.05952381
0.328571429
0.105117566
0.157407407
0.090909091
0.285714286
0.036363636
0.155963303
0.222222222
0.206896552
0.204545455
0.511111111
0.177570093
0.220588235
0.186813187
0.328125
0
0.235955056
0.388888889
0.417808219
0.058139535
0.257142857
0.145985401
0.47601476
0.315315315
0.348623853
0
0.353333333
0
0.119318182
0.144578313
0.478947368
0.286956522
0.223325062
0.033613445
0.146788991
0.295081967
0.271375465
0.205607477
0.175115207
0.118181818
0
0.139150943
0.323232323
0.089041096
0.117647059
0.142857143
0
0
0.037735849
0.495238095
0.038461538
0.231638418
0.090909091
0.296551724
0.239726027
0.222222222
0.363095238
0.076923077
0.078740157
0.1
0.170068027
0.076388889
0.28042328
0.144927536
0.099137931
0.309859155
0.288461538
0
0.157894737
0.086956522
0.041474654
0.387387387
0.244094488
0.15720524
0.227272727
0.345679012
0.046511628
0.378640777
0.213740458
0.198529412
0.253623188
0.19047619
0.349726776
0.251282051
0.365695793
0.613253012
0.233576642
0.173076923
0.209606987
0.286956522
0.430463576
0.333333333
0.125
0.263157895
0.218009479
0.168478261
0.145985401
0
0.111111111
0.050632911
0.150943396
0.482837529
0.284974093
0.058252427
0.244444444
0.301666667
0.319502075
0.23715415
0.328
0.265625
0.27027027
0.226027397
0.545454545
0.319004525
0.05
0.096153846
0.171296296
0.068627451
0.229508197
0.373390558
0.081081081
0.184782609
0.341614907
0.164490862
0.285714286
0.034146341
0.294117647
0.136842105
0.192090395
0.52173913
0.346938776
0.272727273
0.192982456
0.279365079
0.14893617
0.244019139
0.372384937
0.234375
0.267973856
0.300813008
0.213483146
0
0.122222222
0.129251701
0.260663507
0
0.264
0.428571429
0.052631579
0.308333333
0.063492063
0.216374269
0.182724252
0.164383562
0.196078431
0.563596491
0.013157895
0
0.202380952
0.195402299
0.119170984
0.077586207
0.353932584
0.486419753
0.342281879
0
0.142857143
0.1
0.236641221
0.344632768
0.322916667
0.126436782
0.504065041
0.071428571
0.333333333
0.275510204
0.370588235
0.15625
0.432835821
0.113636364
0.492146597
0.265895954
0.207692308
0.159574468
0.112149533
0.160377358
0.212244898
0.265116279
0.081081081
0.073529412
0.035087719
0.12037037
0.313043478
0.218181818
0
0.438095238
0
0
0
0
0.134146341
0.4
0.037974684
0
0.088235294
0.310160428
0.223021583
0
0.00990099
0.185185185
0.125
0.01754386
0.374639769
0.041666667
0.046511628
0.152542373
0.175
0.226244344
0.153846154
0.344017094
0.561357702
0.272727273
0.428994083
0.106951872
0.291891892
0.090909091
0.157575758
0.275449102
0.096774194
0.252747253
0.339622642
0.199535963
0.258741259
0.375
0.426812585
0.37654321
0.295748614
0.044444444
0.264150943
0.129032258
0.301546392
0.273972603
0.08
0.293069307
0.316831683
0.379310345
0.101123596
0.045918367
0
0.081081081
0.209677419
0.428994083
0.198412698
0.189944134
0.379562044
0.102040816
0.360294118
0.442307692
0.194174757
0.181818182
0.00877193
0.235294118
0.218045113
0.211111111
0.361445783
0.279166667
0.242647059
0.134831461
0.511627907
0.195710456
0.105263158
0.240780911
0.120567376
0.664974619
0.197916667
0.353658537
0.208955224
0.063829787
0.130136986
0.314893617
0.27972028
0.37755102
0.211111111
0.277372263
0.162162162
0.227272727
0.026785714
0.242424242
0.242574257
0.212598425
0.265306122
0.345454545
0.116731518
0.342007435
0.152941176
0.285992218
0.395238095
0.421052632
0.151162791
0.241758242
0
0.16
0.272189349
0.133663366
0.430232558
0.206896552
0.285
0.118644068
0.331491713
0.305418719
0.057692308
0.19047619
0.276422764
0.271929825
0
0.060240964
0
0.41322314
0.258992806
0.32160804
0.289855072
0.292682927
0.105263158
0.428994083
0.289473684
0.117647059
0.153846154
0.293103448
0.033018868
0.214814815
0.303703704
0
0.216494845
0.25625
0.244299674
0.314553991
0.136363636
0.506944444
0.586538462
0.017035775
0.079365079
0.102409639
0.333333333
0.170731707
0.273809524
0.072847682
0.181380417
0.067226891
0.037578288
0
0.236842105
0.163461538
0.02
0.117647059
0.461538462
0.345588235
0.156521739
0.053333333
0.380239521
0.124293785
0.037037037
0.227722772
0.284625159
0.263157895
0.111111111
0.305732484
0.014563107
0.479623824
0.10989011
0.265625
0.408163265
0.366336634
0.212523719
0.595611285
0.140625
0.083333333
0.15
0.155988858
0.019323671
0.104347826
0.180257511
0.279069767
0.181434599
0.3
0.502358491
0
0.2
0.043010753
0
0.256410256
0.148648649
0.102941176
0
0.294930876
0.157894737
0.235897436
0.182389937
0.410662824
0
0.168918919
0.42519685
0.206349206
0.111111111
0.083333333
0
0.484375
0.166666667
0.152542373
0.208053691
0.325581395
0.031746032
0.204724409
0.096296296
0.382352941
0.1414791
0.305555556
0
0
0.397993311
0.214285714
0.296482412
0.160326087
0.2421875
0.4125
0.148148148
0.109375
0.113333333
0.226851852
0.091954023
0.26875
0.25
0.157360406
0.166666667
0.055555556
0.072727273
0.170212766
0.25
0.076923077
0.25
0.473684211
0.359550562
0.24260355
0.163934426
0.073170732
0.1125
0.184121622
0.086419753
0.32183908
0.087719298
0.225663717
0.320574163
0.48
0
0.078947368
0.575221239
0.126436782
0.099337748
0.376518219
0.225490196
0.090225564
0.315789474
0.093333333
0.35
0.456953642
0.143884892
0.06097561
0.233898305
0
0.295597484
0
0.109756098
0
0.157303371
0.040816327
0.307692308
0.18852459
0.229813665
0.218309859
0.033898305
0.138888889
0.115107914
0.187165775
0.55483871
0.172794118
0
0.3125
0.040816327
0.488416988
0.219251337
0.026315789
0.145631068
0
0.337254902
0.158333333
0.069565217
0.079365079
0.311355311
0.054054054
0
0.136363636
0.153284672
0.096774194
0.480861244
0.276422764
0.18134715
0.20498615
0.38576779
0.271551724
0.269005848
0.171215881
0.145299145
0.225641026
0
0.375545852
0.242424242
0.258064516
0.013888889
0.453211009
0.111111111
0
0.283018868
0.131578947
0.068965517
0
0.203252033
0.028571429
0.298850575
0.283185841
0.322147651
0.306666667
0
0.019230769
0.119266055
0.181818182
0.178947368
0.049418605
0.153846154
0.265822785
0.206779661
0.156028369
0.320481928
0.284153005
0.180505415
0.403225806
0.435582822
0.335329341
0.218978102
0.388724036
0.31292517
0.171428571
0.393939394
0.243346008
0.25813449
0.241025641
0.197183099
0
0.067708333
0.181818182
0.3
0.253968254
0.208955224
0.330110497
0.235294118
0.073825503
0.275510204
0.559681698
0
0.140127389
0.105263158
0.444444444
0.250659631
0.2125
0.189349112
0.1
0.114130435
0.362549801
0.36416185
0.259259259
0.314102564
0.38
0.14953271
0
0.492063492
0.398514851
0.034090909
0.354679803
0.144927536
0.131944444
0.388888889
0.073394495
0.428994083
0.15
0.371681416
0.426315789
0.233333333
0.147465438
0.14084507
0.11827957
0.142857143
0.25
0.019480519
0.338709677
0
0
0
0.4375
0.268292683
0
0.396551724
0.086538462
0.216666667
0.039215686
0.202020202
0.287179487
0.406169666
0.303418803
0.207343413
0.128571429
0.337748344
0.450592885
0.220496894
0.450980392
0.111111111
0.25
0.275
0.082872928
0.25
0.076923077
0.254807692
0.315352697
0.089552239
0.163265306
0.090425532
0.253424658
0
0.214285714
0.125
0.052083333
0.342939481
0.181603774
0.100877193
0.386885246
0.28125
0
0.394849785
0.166666667
0.142857143
0
0.407692308
0.131578947
0.203821656
0.309859155
0.245
0.188940092
0.287981859
0.188679245
0.063157895
0.376811594
0.1875
0.231404959
0.152380952
0.31147541
0.403669725
0.377926421
0.089285714
0.114942529
0.136986301
0.24137931
0.096774194
0.270676692
0.27638191
0.173076923
0.097222222
0.402439024
0.122222222
0.222222222
0.209039548
0.283687943
0.168674699
0.216346154
0.262172285
0.45631068
0.35
0
0
0.047486034
0.055970149
0.252910053
0.322147651
0.411552347
0.172413793
0.0625
0.121621622
0.263636364
0.174418605
0
0.208
0.033333333
0.164634146
0.2
0
0
0
0.339622642
0.13671875
0.267716535
0.072289157
0.4
0.611111111
0.00877193
0.181818182
0.79338843
0.090614887
0
0.375
0.044585987
0.628959276
0.157068063
0.324786325
0.195121951
0.157706093
0.169491525
0.213235294
0.177631579
0.023255814
0.23566879
0.05027933
0.333333333
0.279661017
0.271428571
0.040268456
0.113445378
0.29787234
0
0.413793103
0.252173913
0.209923664
0.181467181
0
0.24120603
0.16519174
0.15
0.323076923
0.419230769
0.215053763
0.087719298
0.295238095
0.334615385
0.2
0
0.08974359
0.157377049
0.150341686
0
0
0.471968709
0.011494253
0.36101083
0.088757396
0.233333333
0.412073491
0.352941176
0.23655914
0.207006369
0.272727273
0.148026316
0.385245902
0.064516129
0.107142857
0
0
0.432525952
0.188679245
0.222222222
0.182692308
0.294117647
0.048780488
0.266666667
0.279069767
0.134615385
0.345724907
0
0.163793103
0.019417476
0.222222222
0
0.218487395
0.198473282
0.321428571
0.179487179
0.109589041
0.101010101
0.081081081
0.098591549
0.345238095
0.220779221
0.165217391
0.422222222
0.19858156
0.428994083
0.260869565
0
0.12195122
0.433212996
0.516483516
0.102362205
0.12283737
0.333333333
0.218978102
0.23015873
0.116607774
0
0.418181818
0.176470588
0.275
0.294478528
0.346405229
0.165644172
0.234234234
0.032258065
0.081081081
0.432601881
0.291666667
0.174904943
0
0.03515625
0.266666667
0.326797386
0.063492063
0.062015504
0.170731707
0.063106796
0.162790698
0.56875
0.316326531
0.181818182
0.354330709
0
0.225
0.325047801
0.112676056
0.308943089
0.147887324
0.448598131
0.271929825
0.289373814
0.067647059
0.310043668
0.56
0.338842975
0.182608696
0.238095238
0.285714286
0.103448276
0.355212355
0.683333333
0.154255319
0.247058824
0.279411765
0.147435897
0.253731343
0.171641791
0.243421053
0.178743961
0.090909091
0.093333333
0.266129032
0.464285714
0.25
0.428994083
0.031746032
0.133333333
0.2
0.336569579
0.043010753
0.300970874
0.28125
0
0.153439153
0.105263158
0.256830601
0
0.18
0.199300699
0.376344086
0.387464387
0.20441989
0.336363636
0.164556962
0.108108108
0.142857143
0.177419355
0.193548387
0.301204819
0.135135135
0
0.592356688
0.12987013
0.258928571
0.322709163
0.3
0.16
0.210810811
0.496402878
0.137931034
0.059701493
0.128272251
0.043478261
0.596209913
0.10483871
0.317757009
0.428994083
0.169565217
0.066666667
0.275862069
0.207831325
0.281690141
0.238721805
0
0.145251397
0.18699187
0.088541667
0.315789474
0.178832117
0.169230769
0.220994475
0.229116945
0
0
0.556574924
0.288
0.222972973
0.300925926
0.295774648
0.273291925
0.081081081
0.123966942
0.076923077
0.290657439
0.289855072
0.35483871
0.262195122
0.295454545
0.41958042
0.364173228
0.278195489
0
0
0.238095238
0.423076923
0.072289157
0
0.23364486
0.317518248
0.11965812
0.398734177
0.107142857
0.310810811
0.224615385
0.356321839
0.25
0.5375
0.201754386
0.047619048
0
0.530701754
0.209424084
0.537974684
0.125
0.052631579
0.125
0
0.045454545
0.096774194
0.410138249
0.18579235
0.020512821
0.321052632
0.382636656
0.305439331
0.261904762
0.077777778
0.048387097
0.221419976
0.14084507
0.331395349
0.195652174
0.153846154
0.302816901
0.018867925
0.225
0
0.252830189
0.237762238
0.621490803
0.166666667
0.174603175
0.033898305
0
0.236966825
0.194915254
0.336170213
0.29028133
0.238095238
0.120689655
0.231481481
0.196774194
0.291666667
0.211267606
0.205714286
0.152838428
0.097222222
0.281767956
0.232472325
0.117647059
0.20754717
0.182692308
0.338345865
0.380434783
0.302325581
0.303921569
0.077294686
0.317460317
0.126436782
0.161616162
0
0.164835165
0.447761194
0.123287671
0.128571429
0
0.354679803
0.158940397
0.453947368
0.315789474
0.145985401
0.009009009
0.598930481
0.284722222
0.244565217
0.215189873
0.040650407
0.196153846
0.169811321
0.204225352
0.090909091
0.325203252
0.234042553
0.363636364
0.504672897
0.582781457
0
0.102272727
0.113636364
0.545454545
0.242857143
0.203883495
0.110091743
0.032967033
0.21875
0.397637795
0.102564103
0.00621118
0.140350877
0.216666667
0.302387268
0.179487179
0.348837209
0.12371134
0
0.282208589
0.1171875
0.088495575
0
0.083333333
0.253521127
0.432539683
0.164835165
0
0.097701149
0.076923077
0.1125
0.233128834
0.293650794
0.179723502
0.157142857
0.343195266
0.284210526
0.173584906
0.186046512
0.178438662
0.078651685
0.647058824
0.294444444
0.064896755
0.240549828
0.318965517
0.401960784
0.155844156
0.010204082
0.356164384
0
0.394444444
0.030769231
0.173515982
0.35483871
0.20661157
0.173333333
0.169230769
0
0
0.047297297
0.393530997
0.112970711
0.338199513
0.140969163
0.210227273
0.171052632
0.064516129
0.30472103
0.056179775
0.118110236
0.220588235
0.335384615
0.324232082
0.266129032
0.502118644
0.081081081
0.068181818
0.127906977
0.25
0.165853659
0.092307692
0.02173913
0.152542373
0.216981132
0
0.153191489
0.198275862
0.363636364
0.4
0.099502488
0.170454545
0.033333333
0.220183486
0.352313167
0
0.037037037
0.19
0.285714286
0.113333333
0
0.116438356
0.201086957
0.290909091
0
0.251798561
0.322580645
0.365333333
0.380952381
0.168674699
0.081081081
0.095238095
0.333333333
0.31546894
0.272727273
0.042553191
0.1
0.090909091
0.191860465
0.777120316
0.1484375
0.321678322
0.234042553
0.098360656
0
0
0.185185185
0.246478873
0.192771084
0.28358209
0.227642276
0.327272727
0.286624204
0.188622754
0.108695652
0.052631579
0.098039216
0.223974763
0.099009901
0.737089202
0.088983051
0.018018018
0.045454545
0.251396648
0.243362832
0.863408521
0.507751938
0
0.076923077
0.335664336
0.113636364
0.121794872
0.299524564
0.214876033
0.212686567
0.263157895
0.221804511
0.349206349
0.235294118
0.267973856
0.129032258
0.438461538
0.237179487
0.209302326
0
0.075
0.313131313
0.081395349
0.290540541
0.350318471
0.093023256
0.117647059
0.262857143
0.262773723
0
0.145833333
0.039215686
0.246478873
0.240740741
0.22875817
0.177083333
0.081081081
0.304878049
0.182481752
0.173913043
0.088888889
0.36239782
0.138461538
0.318471338
0.182608696
0.161764706
0.395604396
0.194139194
0.1
0.294117647
0.496551724
0.408163265
0.130952381
0.454710145
0.383561644
0.32231405
0.081081081
0.625
0.3125
0.182108626
0.064748201
0.133333333
0.251207729
0.234234234
0.449168207
0.198312236
0.439655172
0.273504274
0.055350554
0
0.193181818
0.412371134
0.215469613
0.0625
0.291666667
0.266203704
0
0.286290323
0.285326087
0.230046948
0.252707581
0.550387597
0.168168168
0.231343284
0.098360656
0.227272727
0.188034188
0.185483871
0.186813187
0.178861789
0.4
0.151515152
0.675
0.393939394
0
0
0.116788321
0.184210526
0
0.361111111
0
0.272357724
0.0875
0.075949367
0.1875
0.122850123
0.085470085
0.269230769
0.368
0.332258065
0.229050279
0.340909091
0.302197802
0.384615385
0.596153846
0.166666667
0.18705036
0.243478261
0.25
0.221518987
0.204460967
0.20923913
0.239215686
0.243902439
0.278688525
0
0.184971098
0.106666667
0.299798793
0.270186335
0.163934426
0.465408805
0.2
0.026666667
0
0.299065421
0.347305389
0.008064516
0.183246073
0.129032258
0.13559322
0.097560976
0.18018018
0.111111111
0.346153846
0.346153846
0.152866242
0.147435897
0.263513514
0.352517986
0.230769231
0.189922481
0.096018735
0.200564972
0.213709677
0.25974026
0.075
0.233201581
0.179775281
0.081081081
0.364571429
0.052631579
0.176470588
0.609785203
0.122580645
0.025
0.054054054
0.169642857
0.169902913
0.44
0
0.092592593
0.085714286
0.042553191
0.395287958
0.17699115
0.194029851
0.312
0.291666667
0.072289157
0.043478261
0.011111111
0
0.011976048
0.256578947
0.058823529
0.071428571
0.593181818
0.015384615
0.16374269
0.181034483
0.270114943
0.083969466
0.412371134
0
0.257575758
0.136904762
0.045454545
0.454545455
0.273684211
0.427480916
0.42812983
0.257731959
0.264705882
0.373584906
0
0.081081081
0.13592233
0.136363636
0.172268908
0.240837696
0.421875
0
0.168350168
0.229007634
0.2
0.054945055
0.446096654
0.055363322
0.1
0.031746032
0.145454545
0.305785124
0.09
0.255
0.323828921
0.147826087
0.212765957
0.032258065
0.435643564
0.046296296
0
0.146401985
0.284883721
0.180076628
0
0.027932961
0.31147541
0.391566265
0.245033113
0.167202572
0.132653061
0.219512195
1
0.282828283
0.487903226
0.212121212
0.295454545
0.428994083
0.152777778
0.264957265
0.128712871
0.245454545
0.359073359
0.323076923
0.122580645
0.431906615
0.144542773
0.450367647
0.441860465
0.488372093
0.235555556
0.060606061
0.044247788
0.182978723
0.258258258
0.280612245
0.345549738
0.417721519
0.355
0.198347107
0.187817259
0.454081633
0.24
0.029411765
0.354022989
0.135802469
0.408163265
0.253246753
0.450570342
0.262195122
0.081632653
0.250957854
0.568965517
0.138461538
0.036199095
0.357664234
0.195238095
0.239726027
0.378021978
0.081871345
0.668674699
0.205323194
0.294117647
0.271794872
0.253205128
0.29787234
0.082352941
0.025974026
0.166666667
0.559322034
0.257425743
0
0.290960452
0.595890411
0.147058824
0.03030303
0.187327824
0.174825175
0.325
0.422535211
0.830924855
0.056782334
0.37
0.233974359
0.137724551
0.220338983
0.341666667
0.344827586
0
0.093023256
0.29535865
0.158974359
0.082474227
0
0.136
0
0.245989305
0.12987013
0.094444444
0.209401709
0
0.052631579
0.111111111
0.088888889
0.083916084
0
0.047619048
0.14375
0.075471698
0.266272189
0.109375
0.18705036
0
0.0625
0.245454545
0.32967033
0.154761905
0.112820513
0.181818182
0.053030303
0.157303371
0.333333333
0.495575221
0.330909091
0.243243243
0.235294118
0.131578947
0.48
0.451737452
0.061538462
0.245098039
0.318471338
0.224852071
0
0.196969697
0
0
0.297520661
0.108433735
0.039215686
0.267605634
0.351351351
0.315175097
0.388059701
0.111111111
0.102941176
0.273504274
0.078947368
0.109489051
0.082978723
0.27972028
0.305263158
0.238095238
0.117370892
0.188571429
0.213235294
0.221843003
0
0.177777778
0.305613306
0.193277311
0.354014599
0.071428571
0.277286136
0.176470588
0.178403756
0
0.264423077
0.320261438
0.122302158
0.574626866
0.020942408
0.122727273
0.25
0.098765432
0.143939394
0.222222222
0.337078652
0.312
0.399280576
0.085365854
0.130434783
0.037914692
0.167664671
0.866666667
0.272
0.153225806
0.229885057
0
0
0.152737752
0.141176471
0.244897959
0.196261682
0.238207547
0.064516129
0.272401434
0.153846154
0.268786127
0
0.345454545
0.170731707
0.102040816
0.072164948
0.213017751
0.166666667
0.159090909
0.56996587
0.337837838
0.2109375
0.161290323
0.125874126
0.241025641
0.245136187
0.196911197
0.122807018
0.052631579
0.227979275
0.259493671
0.239837398
0.504201681
0.459143969
0.280373832
0.153846154
0
0.895337202
0.228813559
0.11627907
0.19047619
0.476744186
0.412293853
0.70221328
0.100775194
0.0625
0.054263566
0.284046693
0.025236593
0.033333333
0.292035398
0.342105263
0.745098039
0.768472906
0.139344262
0.17721519
0.413934426
0.264044944
0.111111111
0.255208333
0.160493827
0.238993711
0.065420561
0.242307692
0.049382716
0.024390244
0.373626374
0.12295082
0.427728614
0.423312883
0.376760563
0
0.249350649
0.086206897
0.146341463
0.356435644
0.572916667
0.320261438
0.103626943
0.085714286
0.201923077
0.240837696
0.142857143
0.176100629
0.240310078
0.202702703
0.595121951
0.055944056
0.288461538
0.200757576
0.2
0.194029851
0.25210084
0.290816327
0.508474576
0.388888889
0.058510638
0.20610687
0.227272727
0.056910569
0.219672131
0.235294118
0.413333333
0.189655172
0.327272727
0.041958042
0.061946903
0.136363636
0.348837209
0.166666667
0.244444444
0.429608128
0.671755725
0.218487395
0.18556701
0.428994083
0.193333333
0.205882353
0.202380952
0.666666667
0.227272727
0.057377049
0.02739726
0.370192308
0
0
0.303030303
0.293069307
0
0.346666667
0.457142857
0.051679587
0.153846154
0.648648649
0.126582278
0.298913043
0.275675676
0.471042471
0.121212121
0.107142857
0.21559633
0.213483146
0.066901408
0.098765432
0.308641975
0.282758621
0.324503311
0.205882353
0.25
0.415983607
0.082089552
0.207100592
0.020408163
0.275229358
0.081481481
0.212903226
0.232323232
0
0.160349854
0
0.314049587
0.25136612
0.492990654
0.194968553
0.066666667
0
0.416666667
0.260606061
0.083333333
0.303797468
0.064102564
0.302114804
0.049107143
0.31122449
0.106382979
0.034782609
0.201612903
0.166666667
0.131578947
0.289156627
0.268907563
0.173913043
0.387850467
0.204347826
0.244655582
0.191176471
0.540983607
0.251282051
0.189415042
0.252830189
0.243902439
0.11023622
0.165137615
0.104803493
0.105263158
0.168141593
0.234042553
0.444444444
0.298611111
0.086666667
0.165450122
0.299638989
0.478070175
0.238636364
0.100917431
0.26
0.183486239
0.176470588
0.163507109
0.162393162
0.068493151
0.235690236
0.270676692
0.207142857
0.303225806
0.404984424
0.206703911
0.076388889
0.322222222
0.369942197
0.204918033
0.041666667
0.318965517
0
0
0.4
0.149253731
0.348122867
0
0.157894737
0.231884058
0.171428571
0.291925466
0.224489796
0.194630872
0.506666667
0.181069959
0.307304786
0.1875
0.165775401
0.196428571
0.189781022
0.267206478
0.140127389
0.30994152
0.258215962
0.259640103
0.201657459
0.116666667
0
0.04950495
0.455782313
0.229906542
0.632352941
0.449152542
0.307692308
0.091603053
0.365269461
0.379213483
0.088495575
0.264044944
0
0.1375
0.295652174
0.171052632
0.243243243
0.26875
0.333333333
0.311004785
0
0.271634615
0.153846154
0.756345178
0.23857868
0.203703704
0.08
0.058823529
0.235294118
0.121794872
0.14
0.313253012
0
0.421052632
0.246835443
0.081081081
0
0.088495575
0.634615385
0.159574468
0.285714286
0.237623762
0.253968254
0.196850394
0.28030303
0.081081081
0.172661871
0.339285714
0.101449275
0.109236609
0.080645161
0.215799615
0.033333333
0.708074534
0.124223602
0.255023184
0.075471698
0.243243243
0.168918919
0.151515152
0.395973154
0.31147541
0.102040816
0.20610687
0.141935484
0.072463768
0.142857143
0.330275229
0
0.205479452
0.317073171
0.604166667
0.603053435
0.429530201
0.086419753
0
0.242990654
0.080357143
0.054245283
0.118721461
0.347826087
0.267857143
0.045454545
0.09375
0.342105263
0.108108108
0.411985019
0.513043478
0.358267717
0.087719298
0.188571429
0.293413174
0.238095238
0.349693252
0.541392904
0
0.136094675
0.35
0.365853659
0.101910828
0.345177665
0.28440367
0.411764706
0
0.225352113
0.37398374
0.1875
0.149253731
0.215568862
0.096514745
0.515743757
0.185483871
0.032967033
0.212903226
0
0.480538922
0.396721311
0.306220096
0
0.286713287
0.081081081
0.038961039
0.025
0.48816568
0.222222222
0.217391304
0.184549356
0.377952756
0.04587156
0.25177305
0.032258065
0.023529412
0
0.159763314
0.26
0.253968254
0.26744186
0.493685419
0.23015873
0.301587302
0.04
0.111111111
0.164705882
0.109090909
0.219298246
0.013071895
0.170542636
0.331550802
0.13836478
0.321100917
0.333333333
0.448275862
0.376811594
0.325520833
0
0.138211382
0.210526316
0.345132743
0.053763441
0.1
0.296875
0.427586207
0
0.259681093
0.191709845
0.262773723
0.169712794
0
0.142857143
0.267605634
0.041353383
0.230769231
0.211394303
0.210884354
0.183908046
0.33442623
0.137254902
0.154761905
0.037878788
0.39047619
0.047619048
0.448717949
0.502590674
0.34828496
0.134615385
0.723756906
0.039473684
0.027027027
0.315315315
0.192307692
0.081632653
0.034482759
0
0.372781065
0.477876106
0.185840708
0.04
0.064516129
0.25
0.192207792
0.29375
0.117647059
0.111801242
0.204724409
0.406504065
0.189473684
0.411985019
0.039473684
0.108280255
0.074074074
0.183431953
0.198895028
0.18128655
0.824482448
0.04494382
0.177083333
0.267857143
0.348484848
0.035087719
0.102564103
0.21888412
0.625
0
0.672456576
0
0.291666667
0.060377358
0.242937853
0.106382979
0.227272727
0.264285714
0
0.224615385
0.048387097
0.206896552
0.211111111
0.482332155
0.311258278
0
0.016129032
0.0625
0.075
0.326582278
0.09375
0.287671233
0.046511628
0.129213483
0
0.25
0.084745763
0.242063492
0.05
0
0.198795181
0.007936508
0.038461538
0.388601036
0
0
0.573033708
0.28238342
0.263513514
0
0.228187919
0.383522727
0.045454545
0.362637363
0.362179487
0.150943396
0.328947368
0.243589744
0.34741784
0
0.234375
0.026315789
0.171232877
0.23030303
0.066666667
0.373134328
0.178343949
0.172093023
0.270880361
0.233962264
0.449725777
0.046728972
0.352631579
0.140186916
0.36
0.227272727
0.196969697
0.208955224
0.182320442
0.280285036
0.306382979
0.318965517
0.452554745
0.013824885
0.142857143
0.276497696
0.488038278
0.369565217
0.076923077
0.225352113
0
0.09009009
0.274725275
0.075471698
0.1966759
0.131578947
0.373873874
0.078291815
0.027173913
0.21969697
0.058139535
0.191919192
0.057692308
0.295019157
0.134948097
0.059210526
0.113445378
0.182926829
0
0.176470588
0.079051383
0.05785124
0.598039216
0.232394366
0.284375
0.225352113
0.129411765
0.075862069
0.248447205
0.311926606
0.401960784
0.216216216
0.081967213
0.1953125
0.046296296
0.011904762
0.453453453
0.260869565
0.433121019
0.052631579
0.168141593
0.041666667
0.379310345
0.240601504
0.075471698
0.529032258
0.390697674
0.235632184
0.115384615
0.195530726
0.526315789
0.24535316
0.365079365
0.228187919
0.184782609
0.260115607
0.343873518
0.181818182
0.027522936
0.335329341
0.027777778
0.230769231
0.166666667
0.177339901
0
0.308219178
0.166212534
0
0.405660377
0.493506494
0.181818182
0.191616766
0.24852071
0.217741935
0.094017094
0
0.065217391
0.333333333
0.203883495
0
0.333333333
0.153846154
0.363751584
0.306122449
0.220930233
0.263975155
0.150684932
0.296969697
0.448
0.465909091
0.01754386
0
0
0.272727273
0.023529412
0.137614679
0.125
0.178947368
0.427184466
0.206896552
0.108910891
0.121019108
0.669950739
0
0.047619048
0.197628458
0.371929825
0.188172043
0.022727273
0.25
0.25
0.408163265
0.093457944
0.22972973
0.335854766
0.240601504
0.125
0.25
0.195945946
0.548022599
0.171003717
0
0.635714286
0.111111111
0.170940171
0.213872832
0.391941392
0.215827338
0.441605839
0.139784946
0.332142857
0.320247934
0.330396476
0.270935961
0.597701149
0.070754717
0.266666667
0
0.210843373
0.3125
0.058823529
0.042105263
0.082191781
0
0.338461538
0.197247706
0.06185567
0.189655172
0.189285714
0
0.15037594
0.154411765
0.185897436
0.333333333
0.137254902
0.021276596
0.093333333
0.222222222
0.25
0
0.136094675
0.159574468
0.137254902
0.064272212
0.246575342
0.41509434
0.349533955
0.070422535
0.081081081
0.063157895
0.090909091
0.262237762
0
0.08045977
0.092307692
0.263157895
0.096774194
0
0.088888889
0.129032258
0.065789474
0
0.333333333
0.15
0.451327434
0.207865169
0.318965517
0.161904762
0
0
0.176470588
0.081237911
0.107526882
0.487179487
0.581113801
0.402173913
0.201433121
0.341463415
0.150537634
0.184397163
0.020997375
0.144144144
0.454376164
0.290816327
0.131687243
0.242424242
0.270676692
0
0.176470588
0.583333333
0.248847926
0.092783505
0
0.244897959
0.437288136
0.299145299
0.062015504
0.055555556
0.229166667
0.258741259
0.098039216
0.309278351
0.179104478
0.216216216
0.422535211
0.180952381
0.245901639
0.194756554
0.26035503
0.180124224
0.140350877
0.035242291
0
0.202702703
0.350318471
0.1
0.547965116
0.142857143
0
0.370165746
0.128440367
0.472972973
0.136929461
0.228571429
0.345679012
0.109756098
0.658056581
0.106060606
0
0.330769231
0
0.218390805
0.312849162
0.344827586
0.158273381
0
0.096774194
0
0.517045455
0.237179487
0.142857143
0.305785124
0.291666667
0.03030303
0.082802548
0.084615385
0.195833333
0.059405941
0.35
0.061889251
0.390495868
0.256097561
0.118181818
0.271805274
0.222222222
0.272727273
0.212121212
0.263565891
0.151041667
0.330578512
0.345945946
0.197183099
0.128342246
0.65625
0.262068966
0.090322581
0.117346939
0.752475248
0.281961471
0.170854271
0.32155477
0.310559006
0.234567901
0.352657005
0
0.353658537
0.278195489
0.214814815
0.114754098
0.053191489
0
0.123188406
0.291666667
0.546296296
0.172018349
0.051546392
0.315789474
0
0.279255319
0.166051661
0.03125
0.284552846
0.287128713
0.294642857
0.357142857
0.3
0.326633166
0.135135135
0.059405941
0.297959184
0
0.358267717
0.40625
0.675141243
0.080291971
0.392307692
0.3
0.433497537
0.531328321
0.220238095
0
0.405172414
0.052631579
0.373333333
0.078125
0.150793651
0.183673469
0
0.193877551
0.142857143
0.352941176
0.647482014
0.136645963
0.196202532
0
0.339130435
0.328125
0.188034188
0.324873096
0.281914894
0.06
0.215686275
0.216080402
0.216666667
0.093220339
0.232673267
0.146788991
0
0.131313131
0.30420712
0
0.172839506
0.361904762
0.114130435
0.341463415
0.339869281
0.091603053
0.294117647
0.107142857
0.210526316
0.174418605
0.3
0.390751445
0.091254753
0.111111111
0.111111111
0.26056338
0
0.299319728
0.480487805
0.061538462
0.142028986
0.052941176
0.208791209
0.305714286
0.025210084
0.049180328
0.115384615
0.191860465
0.159763314
0.319088319
0
0.314516129
0.125
0.267605634
0.334801762
0.253968254
0.152173913
0
0.161016949
0.021978022
0.542443064
0.087912088
0.365546218
0.137931034
0.131313131
0
0
0.242214533
0.143646409
0.424
0.094117647
0.194690265
0.295698925
0.377604167
0.030612245
0.316239316
0.384236453
0.686567164
0.518604651
0.176470588
0.066666667
0.253807107
0.154362416
0.12745098
0.506849315
0.519774011
0.211111111
0.210526316
0.294117647
0
0.181372549
0.173913043
0.428994083
0.321212121
0.285714286
0.074235808
0.115044248
0.024390244
0.086956522
0.182389937
0.513157895
0.196808511
0
0.130434783
0.45112782
0.048780488
0.112582781
0.314516129
0.329268293
0.099337748
0.164705882
0.560209424
0.180327869
0.032258065
0.43852459
0.1875
0.24
0.330578512
0.061643836
0.202380952
0.307692308
0.179166667
0.224719101
0
0.137741047
0.088607595
0.295833333
0.148148148
0.339622642
0.156756757
0.222222222
0.248780488
0.32173913
0.141853933
0
0.168421053
0.33557047
0.293333333
0.305263158
0.202531646
0.141732283
0.081081081
0.328767123
0.192468619
0.1375
0.525641026
0.387283237
0
0.516377649
0.542553191
0.274647887
0.180952381
0.229508197
0
0.253521127
0.691358025
0.163934426
0
0
0.276712329
0.171428571
0.14375
0.253731343
0.349344978
0.261712439
0.21574344
0.28125
0.321637427
0.192307692
0.104166667
0.114285714
0.234604106
0.07486631
0.255102041
0.137142857
0.241509434
0.263681592
0
0.333333333
0.064102564
0.27027027
0.412225705
0.052023121
0.286713287
0
0.358778626
0.4
0.01754386
0.237288136
0.31372549
0.238095238
0.244019139
0.185185185
0.040983607
0
0.242038217
0
0.454545455
0.2
0.297468354
0.24852071
0.136363636
0.245
0.352564103
0.378666667
0
0.212765957
0.097744361
0.108843537
0.314720812
0.051912568
0.045454545
0.28342246
0.428994083
0
0.340425532
0.246376812
0.152
0.175257732
0.327777778
0.037037037
0
0.2
0.188976378
0.129496403
0.48
0
0.179347826
0.235955056
0.277777778
0.090909091
0.117647059
0.103982301
0.315254237
0.369318182
0.392097264
0.224719101
0.152671756
0.203539823
0.257246377
0.341666667
0.025974026
0.011111111
0.123076923
0.086294416
0.267015707
0
0.208823529
0.075471698
0.743243243
0.21402214
0.322834646
0.254098361
0.23183391
0.328063241
0.175
0.201101928
0.131313131
0.361702128
0
0.144444444
0
0.244186047
0.155405405
0.117647059
0.015384615
0.274193548
0.25
0.131578947
0.348
0.4
0.172161172
0.491803279
0.380952381
0.071428571
0.434316354
0.337837838
0.149193548
0.254019293
0.096774194
0.222996516
0.3
0.170731707
0.183098592
0.083333333
0.185393258
0.261501211
0.139303483
0
0.242990654
0.148514851
0.203252033
0.219512195
0.305389222
0.289634146
0.034246575
0.069565217
0.172727273
0.208695652
0.192468619
0.179012346
0.367875648
0.23255814
0.285714286
0.133004926
0.089795918
0.168
0.152985075
0.41509434
0.048
0.278301887
0.31147541
0.313131313
0.236928105
0.515283843
0.255474453
0.428571429
0.272727273
0.242038217
0.321888412
0.0625
0.165714286
0.117647059
0.178294574
0.325
0.401197605
0.218579235
0.25
0.367688022
0.096774194
0.223367698
0.222929936
0.333333333
0.282051282
0.145969499
0.592405063
0.234567901
0.016129032
0.61130137
0.105263158
0.026086957
0.191780822
0.102564103
0.262295082
0.16
0.282442748
0.354330709
0.45483871
0.324324324
0.203883495
0.309352518
0.181818182
0
0.338983051
0.225165563
0.10723192
0.101449275
0.260416667
0.326315789
0.098039216
0.176
0.233870968
0.371428571
0.056603774
0.040268456
0.189236111
0.078947368
0.410553411
0.28957529
0.252808989
0.196172249
0.123287671
0
0.24015748
0.273381295
0.142857143
0.071428571
0.050847458
0.192771084
0.03030303
0.25
0.147058824
0.026666667
0.356435644
0.203252033
0.071428571
0.266666667
0.237373737
0.069264069
0.615384615
0.199300699
0
0.177589852
0.244274809
0.194656489
0.137254902
0.344303797
0.324232082
0.267015707
0.456140351
0
0.077586207
0
0.271966527
0.136904762
0.636212625
0.106060606
0.196428571
0.010989011
0.016949153
0.154545455
0.068965517
0.290502793
0.12962963
0.278688525
0.099173554
0.615384615
0.202380952
0.123893805
0.117647059
0.107438017
0
0.254716981
0
0.352941176
0
0.416129032
0.269230769
0.280632411
0.095238095
0.298245614
0.213836478
0.1796875
0.107611549
0.238636364
0.286885246
0.438967136
0.217741935
0.2125
0.335329341
0.262711864
0.290322581
0.194871795
0.035714286
0.298245614
0.520467836
0.353448276
0.362318841
0.084745763
0.403743316
0.392947103
0.172972973
0.310606061
0.319088319
0
0.204081633
0.18627451
0.310344828
0.534246575
0
0.136363636
0.047619048
0.028037383
0.279141104
0.27173913
0.310810811
0.228070175
0.316239316
0.267605634
0
0.186046512
0.289719626
0.223529412
0.523809524
0.285714286
0
0.277966102
0.247191011
0.133333333
0.263392857
0.12173913
0.035087719
0.248648649
0.024390244
0.233727811
0.317073171
0.271028037
0.199029126
0.379310345
0.318681319
0
0.234567901
0.258278146
0.0546875
0.226950355
0.264248705
0.280353201
0.172839506
0.244525547
0.0625
0
0.16091954
0.278787879
0.119834711
0.389285714
0.388646288
0.013333333
0.13
0.121212121
0
0.278606965
0.235294118
0.185929648
0.1
0
0.658385093
0
0.086956522
0.216494845
0.307692308
0.14
0.244725738
0.23046875
0
0.421052632
0.301075269
0.346938776
0.220472441
0.164556962
0.069767442
0.526627219
0
0.469026549
0.417177914
0.056074766
0.360465116
0.043478261
0.005964215
0.255033557
0.40874036
0.301369863
0.229007634
0.287719298
0.060606061
0.065217391
0.15625
0.256198347
0.280952381
0.221374046
0.636363636
0
0.168674699
0.253521127
0.186915888
0
0.254054054
0.181818182
0.165137615
0.164893617
0.225352113
0.272321429
0.214953271
0.115107914
0.322580645
0.495412844
0.199445983
0.06122449
0.197693575
0.459016393
0.2625
0.117647059
0
0.114186851
0.372727273
0.281553398
0.035087719
0.081481481
0.206666667
0.174603175
0.101449275
0.162878788
0.0078125
0.050373134
0.114285714
0.337748344
0.217741935
0.140540541
0.199063232
0.299319728
0.142857143
0.201465201
0.164179104
0.149171271
0
0.074162679
0.317460317
0.333333333
0.29787234
0.587628866
0.173515982
0.031746032
0.176966292
0.115942029
0.651376147
0.305263158
0
0.46031746
0.69816273
0.346590909
0.176966292
0.116504854
0.202531646
0.210526316
0.04
0.156097561
0.21875
0.268292683
0.33125
0.024390244
0.228571429
0.309278351
0.228571429
0.2
0.232704403
0.019230769
0.203389831
0
0.573170732
0.103448276
0.138613861
0.417840376
0.243478261
0.186746988
0.275862069
0.16
0.098445596
0.076086957
0.069444444
0
0.235294118
0.073770492
0.164473684
0.107438017
0.339805825
0.117647059
0.168478261
0.321428571
0.094594595
0.258992806
0.328431373
0.163120567
0.473684211
0.246575342
0.121212121
0.177777778
0.258561644
0.111111111
0.123966942
0.341666667
0.193548387
0
0
0.377777778
0.267080745
0.61627907
0.076923077
0.067264574
0.155737705
0.493506494
0.1875
0.271186441
0.205128205
0.364285714
0.105263158
0.160220994
0.25
0.217228464
0.117647059
0.197368421
0.180555556
0.295238095
0.273291925
0.019607843
0.125
0.443181818
0.248484848
0.106918239
0.464285714
0.325203252
0.322580645
0.262626263
0.235294118
0.452330186
0.232258065
0.266233766
0.305555556
0.09352518
0.218181818
0.019607843
0.095238095
0.458333333
0.12173913
0.078947368
0.181818182
0.067901235
0.276497696
0.272151899
0
0.453846154
0.126373626
0.086956522
0.294117647
0.267515924
0.032894737
0.185185185
0.242152466
0.12849162
0.637755102
0.187878788
0.16
0.181132075
0.043478261
0.25
0.26121372
0.287878788
0.031746032
0.210843373
0.18627451
0.238095238
0.104477612
0.318007663
0.153846154
0.308943089
0.740232751
0.192307692
0.134831461
0.197916667
0.350543478
0.312849162
0.051282051
0.254054054
0.255813953
0.207692308
0.241830065
0.450793651
0.03
0.333333333
0.095744681
0.263157895
0.235294118
0.44
0.167664671
0.353333333
0.105263158
0.25
0.054054054
0.355481728
0.079365079
0
0
0.258064516
0.344117647
0.227777778
0.123404255
0.373831776
0.37037037
0.177165354
0.154761905
0
0.032
0.701030928
0.137614679
0.1367713
0.2
0.192236599
0.047619048
0.140186916
0.146214099
0.268181818
0.25
0.388888889
0.431707317
0.181132075
0
0.070422535
0.179818887
0.272727273
0.369863014
0.112903226
0.133333333
0.275316456
0.066666667
0.379310345
0.25984252
0.196891192
0
0.444444444
0.152542373
0.309859155
0.37755102
0.190082645
0.116666667
0.084507042
0.023255814
0.13592233
0.33557047
0.173374613
0.682432432
0.085714286
0.102803738
0.24
0.111111111
0.081081081
0.310897436
0.176470588
0.175757576
0.338345865
0.443478261
0.151364764
0.502392344
0.166666667
0.147651007
0.279693487
0.198019802
0.208333333
0.115384615
0.132743363
0.470588235
0.064748201
0.351351351
0.00877193
0.218181818
0.089285714
0.154867257
0.034482759
0.617801047
0.118012422
0.006535948
0.449541284
0.398601399
0.212121212
0.040201005
0
0.177631579
0.545454545
0.110552764
0.06122449
0.037037037
0.206422018
0
0.342342342
0.242105263
0.196132597
0.409836066
0.166666667
0.280487805
0.577777778
0.295857988
0.213973799
0.136842105
0.471698113
0
0.035971223
0
0.27027027
0.172131148
0.081632653
0.190713101
0.052631579
0.120996441
0.314685315
0
0.337349398
0.348387097
0.076923077
0.075471698
0.123287671
0.480544747
0.221374046
0.201044386
0.183908046
0.254901961
0.3
0.029850746
0.12345679
0.120879121
0.306451613
0.486055777
0.125
0.288732394
0.2625
0.330275229
0.2823219
0
0.390909091
0.274193548
0.542857143
0.105769231
0.086419753
0
0.265151515
0.160583942
0.11
0.403703704
0.227272727
0.088888889
0.238317757
0.294695481
0.35483871
0.190839695
0.102564103
0.104712042
0.411594203
0.325
0.053030303
0.299401198
0.330882353
0.311881188
0.119402985
0.235294118
0.177304965
0.513157895
0.198924731
0.340336134
0
0.341666667
0.4296875
0.300469484
0.111111111
0.122580645
0.410958904
0.123076923
0.058823529
0.22556391
0
0.154929577
0.153153153
0.25
0.336
0.080882353
0.2
0.180327869
0.130434783
0.296103896
0.115384615
0.130434783
0.340136054
0.35
0.066666667
0.247524752
0.2
0
0.283653846
0.111111111
0.125
0.054945055
0.204545455
0.326975477
0.476415094
0.08411215
0.226086957
0.203703704
0.16744186
0.5
0.25
0.41754386
0.216981132
0.041666667
0
0.118881119
0.422680412
0.021978022
0.267716535
0.129411765
0.024096386
0.208117444
0.107744108
0.348387097
0.193548387
0.395256917
0.081081081
0.285024155
0.265151515
0.163434903
0
0.382352941
0.405940594
0.258333333
0.10982659
0.185185185
0.553278689
0.23943662
0.352201258
0.246753247
0.225433526
0.118055556
0.008333333
0.340136054
0.973643411
0.226415094
0.060606061
0
0.147435897
0.67032967
0.068965517
0.133858268
0.409921671
0.13253012
0.333333333
0.098591549
0.137362637
0.092105263
0.109090909
0.217592593
0.414168937
0.135135135
0.066666667
0.301020408
0.488517745
0.150943396
0.308510638
0.460526316
0.104166667
0.509018036
0.277777778
0.266666667
0
0.579439252
0.0625
0.325174825
0.255033557
0.313043478
0.251798561
0.213953488
0.068376068
0.222222222
0.246666667
0.171052632
0.052631579
0.428994083
