commonlinkratio_3
0.047058824
0.213903743
0.120155039
0.016666667
0.12345679
0.290909091
0.043010753
0.113636364
0
0.018404908
0.091836735
0.32
0.044117647
0
0.056034483
0.009009009
0
0.042105263
0.172413793
0.064748201
0.186666667
0.043010753
0
0.669138277
0.052631579
0.24137931
0.081395349
0.183908046
0.176470588
0.02359882
0.055944056
0.10619469
0.011560694
0.074585635
0.12962963
0.0625
0.119241192
0.004975124
0.106598985
0.055248619
0.015384615
0.028880866
0.048484848
0.014285714
0.023668639
0.072413793
0.196721311
0.061111111
0.211678832
0.038961039
0
0.00729927
0.09375
0.044117647
0.037593985
0.052419355
0.279569892
0.003992016
0.297709924
0.047619048
0.033613445
0.050505051
0.161290323
0.065375303
0
0.19844358
0.042553191
0.329949239
0.142857143
0.090225564
0.179487179
0.262626263
0.009345794
0.133333333
0.158415842
0.365384615
0.032085561
0.186666667
0.243902439
0.109375
0.183673469
0.016806723
0.010869565
0.126760563
0.094339623
0.02189781
0
0.155339806
0.03202847
0.016949153
0.077319588
0.066666667
0
0
0.006896552
0.083333333
0.092307692
0
0.077608142
0.110526316
0.051470588
0.07
0.043478261
0.046511628
0.388888889
0.076190476
0.023622047
0.035714286
0.32231405
0.253521127
0
0.370098039
0.008888889
0.287037037
0
0.015625
0.088435374
0
0
0.005235602
0.057401813
0.168514412
0.109004739
0
0.039548023
0.282352941
0.009009009
0.054404145
0.031545741
0.195876289
0.028301887
0.039370079
0.068965517
0.037837838
0
0.075630252
0.057613169
0.083969466
0.166666667
0.094512195
0.237804878
0.032051282
0
0
0.0375
0.133333333
0.159817352
0
0.333333333
0.021390374
0.21182266
0.068085106
0
0
0.161676647
0.058823529
0
0.142857143
0.028409091
0.148148148
0
0.290322581
0.005291005
0.155172414
0.218543046
0.038834951
0.069767442
0.06557377
0
0.303643725
0.200956938
0.027027027
0.227272727
0.186813187
0.042253521
0.228915663
0.07133995
0.129032258
0.025641026
0.039215686
0.061068702
0.114814815
0
0.112903226
0.304635762
0.066666667
0.25
0.053571429
0.072164948
0.125
0.090909091
0.082089552
0.086956522
0.048128342
0.057692308
0.042635659
0.049180328
0.03006012
0.113268608
0.023121387
0.120689655
0.434782609
0.056603774
0.128915663
0.018867925
0.112244898
0.09009009
0.051282051
0.091254753
0
0.104761905
0.117073171
0.049450549
0.049586777
0.031088083
0.138888889
0.21686747
0.259090909
0.009433962
0.12173913
0.14516129
0.22295082
0.010989011
0.078431373
0
0.002747253
0.039370079
0.026315789
0
0.088785047
0.119205298
0
0.025641026
0.115537849
0.124087591
0.03271028
0
0.027027027
0.129251701
0.074509804
0
0.06
0.027027027
0.141791045
0.0078125
0.100558659
0.030973451
0.213872832
0.351620948
0.045714286
0.4
0.274509804
0
0.073929961
0
0
0.055555556
0
0.230414747
0.055555556
0.112
0.101694915
0.08994709
0.018779343
0.007220217
0.091346154
0.060606061
0.094936709
0.179487179
0.15
0.087431694
0.064
0
0.293103448
0
0.189473684
0.111111111
0.0875
0.364864865
0.142857143
0.265017668
0.094405594
0.07977208
0.074576271
0
0.06547619
0.06
0
0
0
0.244680851
0.166666667
0.038461538
0
0.133333333
0.070707071
0.259459459
0.02
0.02739726
0.112033195
0.185441941
0.1
0.040816327
0.166666667
0.090909091
0.115234375
0
0.013157895
0.188284519
0.06557377
0.117647059
0.050847458
0.264069264
0
0.082474227
0.150684932
0
0.027272727
0.048780488
0
0.06741573
0
0.226519337
0
0.223684211
0
0.033175355
0.06870229
0
0.03030303
0.159744409
0.038461538
0.121495327
0.06
0.046296296
0
0.034883721
0.148648649
0.117948718
0
0
0.111538462
0.320224719
0.117370892
0.072
0.123595506
0.128472222
0.109289617
0.096153846
0.021276596
0.114754098
0.031746032
0.079365079
0.02020202
0.122302158
0.23255814
0
0.015151515
0.058064516
0.388235294
0.107913669
0.202531646
0.073394495
0.023148148
0.105633803
0.177489177
0.059171598
0.490909091
0
0.105802048
0.147783251
0.057803468
0.001132503
0
0.069444444
0
0
0.06122449
0.030769231
0.030612245
0
0.537894737
0.039370079
0.084388186
0.068273092
0.112903226
0.204878049
0.077922078
0.113636364
0.02016129
0.145695364
0.151898734
0
0.05
0.057142857
0.116389549
0.321428571
0.15503876
0.114285714
0.086021505
0.039274924
0.195652174
0.03030303
0.223684211
0.037313433
0.043103448
0.211678832
0.076923077
0.085271318
0.075144509
0.049107143
0.069767442
0.195945946
0.009874327
0
0.346456693
0.119402985
0.021505376
0.101449275
0.045454545
0
0.28440367
0.072368421
0.161616162
0.077586207
0.143410853
0.025
0.021276596
0.056962025
0.1
0.007012623
0.055096419
0.092127303
0.037974684
0.337837838
0.032128514
0
0.05785124
0.015151515
0.1
0.215189873
0
0.034482759
0.112280702
0.12037037
0.070175439
0.177514793
0.136752137
0.032786885
0.092920354
0
0
0.080152672
0.18061674
0
0.106796117
0.030927835
0.028436019
0.119047619
0.013157895
0.012903226
0
0.110294118
0.033653846
0.166666667
0.260869565
0.12804878
0.052023121
0
0
0.128654971
0.158469945
0.113207547
0
0.053571429
0.414507772
0.104651163
0.022988506
0.015873016
0.079487179
0.219047619
0
0
0.128205128
0.289308176
0.142857143
0.020942408
0.024590164
0.028776978
0.053763441
0.06741573
0.08852459
0
0
0
0.046391753
0.015625
0.011494253
0.037037037
0.032258065
0.170305677
0.102439024
0.109756098
0
0.017391304
0.306451613
0.01863354
0
0.057142857
0.067729084
0.06557377
0.009836066
0
0.268292683
0.04519774
0.016666667
0.091666667
0.125
0
0.11971831
0.08
0
0
0.023465704
0.043478261
0
0.06147541
0.040816327
0.226277372
0.061371841
0.036144578
0.054794521
0.027777778
0.053191489
0.079365079
0.055
0.060714286
0.191709845
0.094339623
0
0.103448276
0.117647059
0.063829787
0
0.05
0.050209205
0.090909091
0.196428571
0.117647059
0.13740458
0.021505376
0.072164948
0
0.074074074
0.142857143
0
0.155688623
0.130136986
0.172897196
0.112359551
0.059322034
0.110091743
0.063380282
0.028653295
0
0.049689441
0.156398104
0.01754386
0.192982456
0.033333333
0
0
0.03125
0.131944444
0.010526316
0.039215686
0.058823529
0
0.035087719
0.136363636
0
0.152542373
0.162062615
0
0
0.359813084
0.089285714
0.088036117
0.387096774
0
0.111888112
0.095354523
0
0.010204082
0
0
0.519920319
0.0625
0.03
0.066964286
0.083950617
0.195238095
0.131944444
0.590574374
0.106918239
0.157894737
0.136363636
0
0.138888889
0.156378601
0.082926829
0.133802817
0.027522936
0.125
0.065420561
0.221804511
0.024193548
0.069444444
0.114285714
0.102040816
0.117948718
0.19047619
0.224938875
0.079545455
0.169616519
0
0.027777778
0.130434783
0.161904762
0.034482759
0.162962963
0
0
0
0.111111111
0.112149533
0
0.041237113
0.085
0.176470588
0.034285714
0.050691244
0.091743119
0.020467836
0.107954545
0.070110701
0.029213483
0.248502994
0.20754717
0.095744681
0
0.09352518
0.067889908
0.081081081
0.060606061
0.039215686
0.066282421
0.017142857
0.187845304
0.160377358
0
0.164835165
0
0.133093525
0
0.042016807
0.023668639
0.082278481
0
0.023622047
0.027906977
0
0.137931034
0.05982906
0.026548673
0.16
0.089285714
0
0.066666667
0.007518797
0.004761905
0.034188034
0.320512821
0.053140097
0.342745862
0
0.087719298
0
0.101449275
0
0.121212121
0
0.035714286
0.222222222
0.285714286
0
0.092592593
0.032258065
0.169014085
0.013157895
0.071942446
0.053333333
0.025316456
0.081135903
0.207792208
0.140909091
0
0.15720524
0.059405941
0.044776119
0.068669528
0.054347826
0
0.203045685
0.215686275
0
0.052219321
0.056818182
0.015
0.027548209
0.092307692
0.16
0
0.105882353
0.039130435
0.083769634
0.008196721
0.127272727
0.081784387
0.260162602
0.1484375
0.029761905
0.027932961
0.007117438
0
0.053231939
0.042253521
0.083018868
0.118863049
0.0591133
0.260416667
0.047619048
0.082644628
0.134453782
0.027027027
0.164179104
0.157894737
0
0.058252427
0.004854369
0.033333333
0.165605096
0
0.034749035
0.117346939
0.15819209
0.024691358
0.315315315
0.043478261
0.121621622
0.117647059
0.19895288
0.03286385
0.202614379
0
0.084745763
0.019736842
0
0.104895105
0.133333333
0.088571429
0.108695652
0.052631579
0.155477032
0.052631579
0.212903226
0.040358744
0
0.159489633
0.024
0.009389671
0.1
0
0.044871795
0.08988764
0.115702479
0.048327138
0
0.008196721
0.173611111
0.145695364
0.016393443
0.1
0.047486034
0.135135135
0.055555556
0.038167939
0.146341463
0.209302326
0.186666667
0.021276596
0.052631579
0.175257732
0.021276596
0.123966942
0.052132701
0
0.188866799
0
0.013888889
0
0.148387097
0.102564103
0
0.049295775
0
0.054852321
0
0.123966942
0.117449664
0
0
0
0.086021505
0.081730769
0.070754717
0.032258065
0.129186603
0.091463415
0.02027027
0.2375
0.281690141
0.02
0.195767196
0.007246377
0.054545455
0.107142857
0.11971831
0.2
0
0.133333333
0.016129032
0.212290503
0.010526316
0
0.281967213
0.129568106
0.02
0.114355231
0.094650206
0.220183486
0.11023622
0.055555556
0.153846154
0.095846645
0.029585799
0.021164021
0.043478261
0.173228346
0.046511628
0.358267717
0.066666667
0.04040404
0
0.126315789
0
0
0.060606061
0.048611111
0.150442478
0.126760563
0.11971831
0.238888889
0
0.352226721
0.045325779
0
0.009478673
0.1015625
0.011363636
0.133928571
0.111111111
0.012931034
0
0.004950495
0.01242236
0.201923077
0.107784431
0.087719298
0
0
0.009345794
0.113333333
0
0.083916084
0.166666667
0.123853211
0.164948454
0.155963303
0.024390244
0.045045045
0.115577889
0
0.123287671
0.018181818
0.040462428
0
0.041025641
0.102564103
0.151162791
0.009803922
0.338403042
0
0
0
0.046875
0.01
0.127659574
0
0.007518797
0.010676157
0.078703704
0.071038251
0.269230769
0.047169811
0.12716763
0.084507042
0.012738854
0.203488372
0.326599327
0.056179775
0.167539267
0.019685039
0
0.078378378
0.009433962
0.097457627
0.130909091
0.071856287
0.18127786
0
0
0.130769231
0.066079295
0.108734403
0.05
0.091463415
0
0.348837209
0
0.082508251
0.214285714
0.071005917
0.046242775
0.07804878
0.258258258
0
0.025477707
0.204081633
0.013888889
0.170731707
0
0
0.003636364
0.020408163
0.007042254
0
0
0
0.221991701
0.07751938
0.116666667
0.243902439
0
0.169312169
0.145631068
0
0.096
0.091836735
0.154362416
0.068965517
0.038961039
0.158730159
0.034090909
0.130718954
0.19047619
0
0.035087719
0.068965517
0.023529412
0.125581395
0.040322581
0.172949002
0.059701493
0.092105263
0.094936709
0.105527638
0
0.061403509
0.058365759
0.032258065
0.121359223
0.260162602
0
0.149253731
0.241176471
0.229166667
0
0.207831325
0.049586777
0
0.094850949
0.082644628
0.12962963
0.204819277
0.107142857
0.092307692
0.127777778
0
0.053333333
0.018181818
0.037593985
0.094474153
0.111627907
0.12195122
0.097826087
0.215568862
0.021052632
0.074626866
0.594017094
0.113924051
0.072727273
0.151183971
0.073482428
0.083333333
0.043478261
0.076335878
0
0.016949153
0.171052632
0
0.227272727
0.096045198
0.034482759
0.1
0
0.168067227
0.105802048
0.092592593
0.007042254
0.245283019
0
0.187878788
0.107142857
0.035971223
0.114754098
0
0.142857143
0.112676056
0.043589744
0.300970874
0.657243816
0.170616114
0.06779661
0.025862069
0.056300268
0.086956522
0.151020408
0.081632653
0.037735849
0.059405941
0
0.03125
0.063380282
0.111405836
0.037037037
0.095238095
0.085714286
0.34375
0.171428571
0.107913669
0.072072072
0
0.186440678
0
0.024096386
0
0.120805369
0.204081633
0.102040816
0.043478261
0.221719457
0
0.256880734
0.055944056
0.028301887
0.113636364
0.111111111
0.027472527
0.236607143
0.177033493
0.019230769
0.255924171
0.026666667
0.081395349
0.018518519
0
0.080745342
0.12826087
0
0.301204819
0.354581673
0.142857143
0.022727273
0.019480519
0.029411765
0.038216561
0.108823529
0.107142857
0.174757282
0.3125
0.122807018
0.276119403
0.057142857
0.202898551
0.095238095
0.015625
0.165322581
0.333333333
0.031055901
0
0.026086957
0.078571429
0.12987013
0
0.268907563
0.069444444
0.084337349
0.01025641
0.03875969
0.271317829
0.046728972
0.033962264
0.01910828
0.079365079
0.023668639
0
0.12568306
0.133333333
0.229665072
0.086956522
0.067164179
0
0
0.044444444
0.143497758
0
0.038961039
0
0.086206897
0.06122449
0.012903226
0.063241107
0.245454545
0
0.036211699
0.155555556
0.043010753
0.211864407
0.044444444
0.007177033
0.018072289
0.30952381
0.012658228
0
0.096153846
0.113821138
0.046296296
0.097435897
0
0.04494382
0.032520325
0.29787234
0.098039216
0.020547945
0
0
0.031791908
0.210526316
0.306451613
0.049723757
0.065693431
0.037037037
0
0.157024793
0.253521127
0.037037037
0.045673077
0.046979866
0
0.044444444
0.47133758
0.172307692
0.2
0
0.064935065
0.067729084
0.240384615
0.049019608
0.270833333
0.032894737
0.247747748
0.028195489
0
0.457364341
0.164319249
0.098958333
0.08
0.054545455
0.170731707
0.223214286
0.091093117
0.068273092
0.115702479
0.4
0
0.011904762
0.278106509
0
0.102389078
0.153284672
0.013824885
0.152777778
0
0.090909091
0.043875686
0.064516129
0.080808081
0.202702703
0.111111111
0.02173913
0.138755981
0
0.405529954
0
0.113924051
0.111111111
0.014814815
0.008264463
0.12716763
0.057471264
0.072463768
0.081794195
0.115384615
0.077922078
0.092436975
0.045454545
0.271186441
0.036363636
0
0.111111111
0.180722892
0.058823529
0
0.023584906
0.035971223
0.104477612
0.058823529
0.115264798
0.063380282
0.105263158
0.233333333
0.030487805
0.078947368
0.330882353
0.122093023
0.161290323
0
0.11971831
0.012345679
0.044117647
0.025
0.053097345
0.266832918
0.140684411
0.076628352
0.039473684
0.168
0.048109966
0.084158416
0
0.047619048
0
0.213793103
0.136363636
0.034482759
0
0.171052632
0.166666667
0.095959596
0.133333333
0.056818182
0.155339806
0.658342792
0.054054054
0.324742268
0.117117117
0.172680412
0.132183908
0
0.094527363
0
0.089219331
0
0.03968254
0.034965035
0.262773723
0.082706767
0.0625
0.225609756
0.0375
0.030769231
0.142076503
0.014925373
0.056451613
0.053097345
0.19047619
0
0.109947644
0.130136986
0.128099174
0.201257862
0.00862069
0.022222222
0
0.027027027
0.240506329
0.057142857
0.033898305
0.159663866
0.048275862
0
0.167938931
0
0.187096774
0.206703911
0.041871921
0.116788321
0.120967742
0.028985507
0.027272727
0
0.009345794
0.12037037
0.5
0.105263158
0.0781893
0.09375
0.058823529
0.024390244
0.298701299
0.092105263
0.033898305
0.025495751
0.010989011
0.025641026
0.116600791
0.068376068
0.052132701
0.118081181
0.051502146
0.12
0.176470588
0.027027027
0.01369863
0.220779221
0
0.030405405
0.154589372
0.179104478
0.17791411
0.063492063
0.038834951
0.110294118
0.147869674
0.029288703
0
0.025862069
0.153284672
0.092592593
0.056074766
0.121428571
0.072463768
0.040723982
0.005076142
0.06302521
0.02970297
0.326560232
0.210526316
0.225806452
0.034615385
0.0625
0.011235955
0.040816327
0.051622419
0.294117647
0.068085106
0.113207547
0.111940299
0.205521472
0
0.041666667
0.033018868
0.093582888
0.085714286
0.141104294
0.143678161
0
0.8243762
0.049197861
0.125
0.022624434
0.038314176
0.032258065
0.129032258
0.15037594
0.099099099
0.195652174
0.105263158
0.073170732
0.033783784
0.238317757
0
0.095744681
0.078947368
0.034482759
0.269230769
0.0390625
0.029850746
0.178571429
0.124113475
0.135964912
0.057142857
0.105882353
0.114678899
0.03125
0.333333333
0.108527132
0.063197026
0.082251082
0.046961326
0.142857143
0.25848564
0.147239264
0.010526316
0.040697674
0
0.040983607
0.052238806
0
0
0.053097345
0.265232975
0.1171875
0.198717949
0.011111111
0.025
0.062015504
0.02173913
0
0.205128205
0.125
0.055172414
0.2
0
0
0.030769231
0
0.263888889
0.003322259
0
0.022222222
0
0.120689655
0.180327869
0
0
0.2
0.081481481
0.03030303
0.067901235
0.246753247
0.094827586
0.041474654
0.265536723
0
0.52
0.158333333
0.06779661
0.273504274
0.111111111
0.017391304
0.055555556
0
0.081818182
0.166666667
0
0.045180723
0.055837563
0.076502732
0.027322404
0.093333333
0.00456621
0.073170732
0.080291971
0.062337662
0
0.123287671
0.238875878
0.196428571
0.234285714
0.022222222
0.154929577
0
0
0.048387097
0.078947368
0.107142857
0.122807018
0.175
0
0.03125
0
0.147766323
0.542168675
0
0.04
0.013333333
0.052238806
0.094936709
0.291497976
0.255555556
0.103703704
0.019480519
0.119747899
0.149606299
0.107438017
0.009174312
0.087837838
0.17872969
0.028368794
0.129032258
0
0.202020202
0.051612903
0.049180328
0.173431734
0.188405797
0
0.113636364
0.079545455
0.151315789
0.139393939
0.100775194
0.077235772
0.67176259
0.090909091
0.12
0.114457831
0.143507973
0.125
0
0.088495575
0.064102564
0.076305221
0
0.123152709
0.134387352
0
0.057471264
0.019354839
0.095890411
0.011494253
0.065843621
0
0.144927536
0.109540636
0.125
0.028571429
0.054495913
0
0.112627986
0
0.031746032
0.084415584
0.227272727
0.012461059
0.025510204
0.116182573
0.168224299
0.01910828
0.156716418
0.052631579
0.037037037
0.059459459
0.044534413
0.060606061
0.009708738
0.090909091
0.106557377
0.170940171
0.114285714
0.12
0
0.034883721
0.069565217
0.673611111
0.075757576
0.14084507
0.151260504
0.124153499
0.948717949
0.119341564
0.153846154
0
0.007518797
0.041666667
0.188235294
0.095238095
0.12
0.118421053
0
0.024193548
0.076923077
0.46875
0
0.071729958
0.060606061
0.083188908
0.182608696
0.373626374
0.063559322
0.33203125
0.265306122
0.375838926
0
0.060085837
0.124031008
0.1
0.009090909
0
0.12195122
0.197368421
0.115702479
0
0.049450549
0.082524272
0.12962963
0
0.251428571
0
0.039325843
0.173387097
0
0.056338028
0.034013605
0.013422819
0.533333333
0.065789474
0.052369077
0.06122449
0.180327869
0.1
0.020833333
0.091549296
0
0.142857143
0.069444444
0.048148148
0.016025641
0
0.11965812
0.027777778
0.142857143
0.138996139
0.169117647
0.149350649
0
0.097701149
0.14516129
0.0375
0.13592233
0.147368421
0.149722736
0
0.083870968
0.033333333
0.371747212
0.051546392
0.094488189
0.136150235
0.12
0
0.031746032
0.159722222
0.055045872
0.152727273
0.065502183
0.033519553
0
0.087719298
0.067024129
0.183294664
0.016393443
0.107526882
0.043478261
0.08
0.209459459
0.070707071
0.04950495
0
0.027027027
0.022727273
0.076433121
0.045454545
0.040540541
0.120622568
0.030487805
0.139705882
0
0.004739336
0.065217391
0.057142857
0
0.090909091
0.136363636
0.005154639
0.084291188
0.055813953
0.221311475
0.07804878
0.104294479
0.187793427
0.083333333
0
0
0
0.11965812
0.020833333
0.138888889
0.125
0.027027027
0
0.161662818
0.015075377
0.095890411
0.082644628
0.029126214
0.2
0.0875
0.006944444
0.066666667
0.098445596
0.371428571
0.069958848
0.212962963
0.083018868
0.013513514
0.119891008
0.227467811
0.202614379
0
0
0
0
0.091743119
0.112195122
0.080291971
0.021505376
0
0.149068323
0.015503876
0.198717949
0.046632124
0
0.100323625
0.184415584
0.14801444
0.115646259
0.081967213
0.092105263
0.373831776
0.106007067
0.010558069
0.045977011
0.023668639
0.012461059
0.043478261
0
0
0.03286385
0.277777778
0.38028169
0
0.050458716
0.162412993
0.026785714
0.003717472
0.016042781
0.108606557
0.136363636
0.089108911
0
0.232727273
0.048275862
0.093457944
0.014705882
0.16
0.050847458
0.096385542
0.06779661
0.097682119
0
0
0.095588235
0
0.027777778
0.064220183
0.05952381
0.026595745
0.045454545
0.083333333
0.398230088
0.173076923
0
0.079365079
0.045045045
0.037037037
0.143283582
0
0.144578313
0.065693431
0.106481481
0.131840796
0
0.166233766
0.095238095
0.031914894
0.068965517
0.113636364
0.213333333
0.02745098
0.376146789
0.053097345
0.09009009
0.170212766
0.019886364
0.131578947
0
0.026119403
0.131868132
0.031746032
0
0.086956522
0.027932961
0.173184358
0.012820513
0.014814815
0.102564103
0
0.08
0.116788321
0.107142857
0
0
0.147928994
0.347648262
0
0
0
0
0.06147541
0.055226824
0.007042254
0.134328358
0.029126214
0.210526316
0
0.095137421
0
0.05027933
0.04494382
0.194570136
0.018181818
0.151376147
0.070866142
0
0
0
0.067567568
0.333333333
0.141260163
0.086092715
0.096969697
0.115853659
0
0.054054054
0.027027027
0
0.186206897
0.028985507
0
0.146596859
0.115702479
0
0.392694064
0.145833333
0.087719298
0
0.043859649
0.057692308
0.125475285
0.045643154
0.133828996
0
0.071428571
0.043010753
0.064516129
0
0.21025641
0.014760148
0.038461538
0
0
0.167597765
0.136842105
0.110091743
0.015625
0.131578947
0.112244898
0.020242915
0.329268293
0.109090909
0.275862069
0.086633663
0.147798742
0.139705882
0.027667984
0.01369863
0
0.158914729
0.111111111
0
0.0625
0.057017544
0.086294416
0.047337278
0.08839779
0.14354067
0.029411765
0.081632653
0.046391753
0.085470085
0.050359712
0.113636364
0.058659218
0
0.15
0.017391304
0
0
0
0.057142857
0.031100478
0
0.099388379
0.090909091
0.08650519
0.108108108
0
0.25
0.067641682
0.535532995
0.283185841
0.488235294
0.058139535
0.052980132
0.15942029
0.049295775
0.086956522
0.009708738
0.235294118
0.106796117
0.143835616
0.110132159
0
0.110032362
0
0.146520147
0.121019108
0.086956522
0.168831169
0.075862069
0.143283582
0.084269663
0.025089606
0.333333333
0.050359712
0.19047619
0
0.160377358
0.037356322
0.176895307
0.095238095
0.091240876
0.135849057
0.069565217
0
0.05
0
0.083333333
0.719086022
0.084033613
0.173333333
0.035211268
0.136986301
0.045454545
0.083333333
0.1015625
0.141263941
0
0.058252427
0.043010753
0.401709402
0
0.073863636
0.075
0.086466165
0.135779817
0.061032864
0.007042254
0.221238938
0.368271955
0.518518519
0.164179104
0
0
0.02
0.180422265
0.087818697
0.08839779
0.048034934
0.259036145
0.006493506
0.032051282
0.151162791
0.131782946
0.09787234
0.06779661
0.038461538
0.118483412
0.112280702
0
0.125
0.112676056
0
0.030612245
0.137055838
0.208333333
0.060869565
0
0.157575758
0.103571429
0.008928571
0.032258065
0.065217391
0.051724138
0.208955224
0.209631728
0.128712871
0.050561798
0.181818182
0.072072072
0.026315789
0.090909091
0
0
0
0
0.101449275
0
0.015075377
0.108527132
0.05785124
0.309859155
0.02
0.047619048
0.112359551
0.136612022
0.152173913
0.024752475
0.303514377
0.125925926
0.094616639
0.148148148
0.058252427
0.022346369
0.057971014
0.081081081
0.037735849
0.133757962
0.036809816
0.229268293
0.05982906
0.111111111
0.165217391
0.177226027
0.078358209
0.04
0.078947368
0.142361111
0.181240064
0.143564356
0.11023622
0.106382979
0
0.078947368
0
0.04090268
0.259259259
0.224242424
0.045045045
0.135245902
0.005555556
0.0625
0.018867925
0.131944444
0.110552764
0.023668639
0
0.076923077
0.007692308
0.08040201
0
0.064327485
0
0.264
0.106280193
0.137931034
0.17218543
0.092485549
0
0.128342246
0.163120567
0.088235294
0.106382979
0.155172414
0.090507726
0.18018018
0.032258065
0
0
0.222222222
0.153846154
0.01863354
0.181058496
0
0
0.298187809
0
0
0.151351351
0.058823529
0.041666667
0
0.037328094
0.006535948
0.01459854
0.138947368
0.06122449
0.048076923
0
0.110497238
0.15
0.234567901
0.033333333
0
0.156928214
0.164874552
0.027906977
0.005555556
0.299465241
0.112903226
0.057017544
0.024509804
0.058823529
0.058823529
0.081300813
0.229508197
0
0.107438017
0.141176471
0.224719101
0.03649635
0.097560976
0.068627451
0.180232558
0
0
0.072625698
0.168316832
0.012658228
0.06
0.09375
0.233870968
0.03030303
0.03125
0.093596059
0.06504065
0.089219331
0.12
0.018691589
0.02020202
0.146892655
0.036585366
0.385542169
0.017857143
0.295918367
0.076
0.084848485
0.196078431
0.03286385
0
0.035714286
0.058510638
0.021276596
0.028776978
0
0.024096386
0.024390244
0
0.041666667
0.710482529
0.048387097
0.073863636
0
0.100257069
0.011764706
0.173913043
0.024271845
0.080808081
0.066666667
0
0
0
0
0
0.181818182
0.072463768
0
0.133333333
0.165876777
0.056
0.119047619
0.060810811
0.363636364
0.010869565
0.091370558
0.165048544
0
0.09009009
0.097264438
0.27173913
0
0.075757576
0
0.048780488
0.219512195
0.058823529
0.283950617
0.23364486
0.062146893
0.13
0.013071895
0.1828125
0.288888889
0
0.095744681
0
0.136612022
0.045454545
0.017621145
0.069958848
0.0625
0.099662162
0.254658385
0.023529412
0.116504854
0.091160221
0.01980198
0
0.046875
0.024096386
0
0.010638298
0
0.217821782
0.084558824
0.385964912
0.297297297
0.176271186
0.118421053
0
0.05
0.014084507
0.03358209
0.011363636
0
0.006993007
0.019047619
0.204968944
0.094890511
0.020565553
0.053571429
0.183406114
0.2
0.177777778
0.123778502
0.01754386
0.078651685
0
0.115646259
0.247933884
0.105633803
0.205128205
0.083538084
0.019230769
0.324561404
0.093385214
0.333333333
0.043209877
0.109848485
0.209540034
0.082802548
0.092592593
0
0.026315789
0.038461538
0.080924855
0.076555024
0.049079755
0.04
0.079646018
0
0.092592593
0.20119225
0.149882904
0.145802651
0.231182796
0.206703911
0.028571429
0.114649682
0.073232323
0
0.052058111
0.013333333
0.073770492
0.023076923
0.034632035
0.330434783
0.05
0.146341463
0.057324841
0.140350877
0.035087719
0.411290323
0.076923077
0
0.225
0.02247191
0.137254902
0.111398964
0
0.025641026
0.127272727
0
0.162601626
0.219512195
0.088172043
0.005847953
0.038626609
0.042307692
0
0.181818182
0.138666667
0.030042918
0
0.213903743
0
0
0.147887324
0.037220844
0.197452229
0
0.056338028
0.068181818
0.175
0.044303797
0.048484848
0.186915888
0
0.228971963
0.096774194
0.132231405
0.08974359
0.166666667
0.029411765
0
0.054945055
0.392156863
0.157088123
0.133333333
0
0.010309278
0.117647059
0
0.01242236
0.170940171
0.075
0
0.015384615
0.049382716
0
0.210884354
0.026634383
0
0
0.040462428
0.164285714
0.072649573
0.103092784
0.116504854
0.025
0.051612903
0.083003953
0.103448276
0.047619048
0.094936709
0.087378641
0
0.025
0
0.3046875
0.025641026
0.092307692
0.0625
0.116666667
0.0472103
0.046511628
0.253521127
0.070671378
0.119266055
0.032258065
0
0.197115385
0.026548673
0.053571429
0.125603865
0.1352657
0.212
0.233870968
0.167420814
0.575425791
0
0.089285714
0.055555556
0.036734694
0.045977011
0
0
0.026086957
0.089005236
0
0
0.153846154
0
0.055555556
0
0.184713376
0.115702479
0.049382716
0.026315789
0.081521739
0.013157895
0.147321429
0.123076923
0.055555556
0.018867925
0.117647059
0.112676056
0.194444444
0
0.272727273
0.007194245
0.035714286
0.061538462
0.46
0.038696538
0.195876289
0.25974026
0.032786885
0
0.054421769
0.240875912
0.214723926
0.186567164
0
0.026385224
0.098591549
0.046296296
0
0.051470588
0.088235294
0.111111111
0.120481928
0.2
0.036764706
0
0.154867257
0.112676056
0
0.067615658
0.105263158
0.166101695
0.034188034
0.075
0.091666667
0.142857143
0
0.113636364
0.117647059
0
0
0.125
0.079545455
0
0.223300971
0.140939597
0
0.25
0
0.032407407
0.222222222
0
0.038834951
0.060606061
0.202614379
0.045454545
0
0.136986301
0.061538462
0.022727273
0.11965812
0.113475177
0
0
0.067873303
0.008064516
0.03030303
0.107142857
0.112903226
0.043859649
0
0.11
0.063157895
0.083333333
0.137931034
0.11627907
0
0.081818182
0.063197026
0.165137615
0
0.210526316
0
0.157635468
0.173333333
0.189944134
0.087378641
0.056338028
0.104761905
0.187845304
0.257731959
0.013157895
0
0.018018018
0.27027027
0
0.052631579
0.02962963
0.041237113
0
0.116666667
0.047058824
0.04040404
0.051282051
0.23929471
0.094202899
0
0.036666667
0.152542373
0.029411765
0.029411765
0.05
0.113821138
0.03125
0.16969697
0.13559322
0.297619048
0.016393443
0.01010101
0
0
0.112903226
0.02919708
0.268656716
0.047619048
0.02189781
0.038834951
0.12
0.00877193
0.027027027
0.038461538
0.130434783
0
0.153061224
0.100694444
0.072727273
0.134854772
0.025974026
0.058441558
0.055555556
0.082706767
0.063380282
0.027863777
0.057416268
0
0.075268817
0.133333333
0.145748988
0.1
0.067901235
0.142857143
0
0.010752688
0.5
0.090909091
0.027027027
0.162420382
0.245098039
0.062015504
0.049723757
0
0.063694268
0
0.204268293
0.019736842
0.157232704
0.072580645
0.139344262
0
0.104972376
0.125874126
0.222891566
0.058823529
0.13559322
0.021164021
0.062283737
0.044871795
0.125874126
0.118421053
0.031746032
0.273809524
0.084615385
0.022099448
0
0.074380165
0.199464525
0.079283887
0
0.108433735
0.035087719
0
0.100719424
0.140939597
0.016
0.012121212
0.02247191
0.23255814
0.096969697
0.025862069
0.029126214
0.115241636
0
0.05785124
0.007042254
0.277715566
0.491847826
0.021126761
0.17721519
0
0.071428571
0.346153846
0.121546961
0.05988024
0.047008547
0
0.037296037
0
0.060606061
0
0
0.051948052
0
0.015037594
0.127572016
0.075388027
0.159863946
0.114457831
0.037267081
0
0.12371134
0.101010101
0.205479452
0
0.052631579
0
0.097402597
0.057377049
0.0546875
0.106854839
0.033112583
0.112676056
0.098101266
0.072033898
0
0.116666667
0.050724638
0.077856421
0.019230769
0.095477387
0.088435374
0.031390135
0.038793103
0.033707865
0.088560886
0
0
0.031446541
0.18699187
0.05
0.2875
0.234693878
0.16796875
0.134615385
0.1
0.012345679
0.096774194
0.085714286
0.206896552
0.102564103
0
0.054545455
0.032786885
0
0.058823529
0.177083333
0.209756098
0.09352518
0.075949367
0.026086957
0.060240964
0
0.111111111
0.068627451
0.073170732
0.027210884
0
0.01010101
0
0.032608696
0.118110236
0.020408163
0.081967213
0.065155807
0.093023256
0.0625
0.036968577
0.059322034
0.072033898
0.078947368
0.112903226
0
0
0.171875
0.096774194
0.056338028
0.089108911
0.026315789
0.2
0.141791045
0.372093023
0.081395349
0.18018018
0.117647059
0
0.067307692
0.078431373
0.053639847
0.072463768
0.156017831
0.272093023
0.073170732
0.166332665
0.054545455
0.110481586
0.083798883
0.040983607
0.136363636
0.047619048
0
0
0.021505376
0.185714286
0
0.016393443
0.045454545
0.131313131
0.074349442
0.430769231
0.157142857
0.008032129
0.369565217
0.069767442
0.167701863
0.135
0.179190751
0.095330739
0.130268199
0.231060606
0.241248817
0
0.164556962
0.133561644
0
0.184
0.046153846
0.034965035
0.06763285
0.156682028
0.034482759
0.111111111
0.191489362
0.092592593
0.142857143
0.025641026
0.260162602
0.030612245
0.112531969
0.04950495
0.154589372
0.110091743
0.12195122
0.034482759
0.077568134
0.012048193
0.137724551
0.023076923
0.105263158
0.571428571
0.047413793
0.056910569
0.15926893
0.114942529
0.140495868
0.115702479
0.529411765
0.044
0
0.058935361
0.157894737
0.107142857
0.174033149
0.025641026
0.153550864
0.009174312
0.0625
0
0.166666667
0.448888889
0
0.122065728
0.05
0
0
0.021164021
0.046875
0.15
0.285714286
0.043165468
0.048780488
0.247191011
0.044444444
0.011363636
0.142857143
0
0.112903226
0
0.103225806
0.240126382
0
0.090909091
0
0.196078431
0.13986014
0.03030303
0.058139535
0
0
0.164383562
0.096385542
0.059405941
0.252941176
0.019354839
0.001236094
0.202933985
0.027027027
0.023809524
0.04375
0.053658537
0.134469697
0.112149533
0
0
0
0
0.025316456
0.137931034
0.014388489
0.106951872
0.076923077
0.071428571
0.070234114
0
0.040816327
0.333333333
0.102449889
0.142857143
0.130044843
0.076595745
0.037037037
0.109195402
0.049180328
0.0125
0.018518519
0.138888889
0.14084507
0.052132701
0
0
0
0
0.111675127
0
0.144
0.225352113
0.052631579
0.123966942
0.120481928
0
0.435643564
0
0
0
0.095070423
0.18061674
0.071942446
0.03
0.102803738
0.050209205
0.094986807
0.102564103
0.102564103
0.127659574
0.058139535
0.101265823
0.03164557
0.106382979
0
0.181818182
0.184397163
0.118951613
0.08365019
0.150837989
0.049180328
0
0.163793103
0.138211382
0.145374449
0.071428571
0
0.043010753
0.220238095
0.04494382
0.083798883
0.179487179
0.268221574
0.058035714
0.050209205
0.053571429
0.118644068
0.153846154
0.133561644
0.027027027
0.027027027
0.043010753
0.031055901
0.028985507
0.186868687
0.395121951
0.046875
0.098360656
0.106280193
0.138888889
0.036363636
0.017241379
0.096774194
0.247126437
0.058139535
0.131274131
0.193548387
0.02970297
0
0.130434783
0.018867925
0.23880597
0.071979434
0.21875
0.147058824
0.118226601
0.152671756
0.210191083
0.470588235
0.318021201
0.022222222
0.267573696
0.326241135
0.083333333
0.027027027
0.009090909
0.037190083
0.0657277
0
0.078341014
0
0.128514056
0
0
0.033333333
0
0.045977011
0.138888889
0.062068966
0
0.120967742
0.273333333
0.066666667
0.080586081
0.37654321
0
0.105633803
0.441274054
0.097560976
0.134482759
0
0.08040201
0.093240093
0.038461538
0.007352941
0.165853659
0.137203166
0
0.168
0.009302326
0
0.085106383
0.169014085
0.066225166
0.112244898
0.052631579
0.045454545
0.178571429
0
0
0.222826087
0.063218391
0.091463415
0
0
0.049019608
0.3
0
0
0.037037037
0
0.00921659
0.114285714
0
0.03264095
0.12605042
0.214285714
0.070484581
0.064599483
0.028985507
0.094488189
0.16
0.112676056
0.028571429
0
0.269736842
0.218702866
0.225738397
0.033613445
0.006329114
0
0
0.180981595
0.05
0.146341463
0.010362694
0.021052632
0.215384615
0.010638298
0
0.09352518
0.009174312
0.045360825
0.028985507
0.021276596
0.069651741
0.178343949
0
0
0.012987013
0.198347107
0
0.040909091
0.154385965
0.060913706
0.027027027
0.063829787
0.058823529
0.062068966
0.130081301
0.066298343
0.095238095
0.151515152
0.108108108
0.023076923
0.034782609
0.04109589
0.117647059
0
0.12173913
0.161137441
0.155339806
0.181818182
0.139726027
0.009708738
0.017241379
0.133333333
0.046025105
0.044444444
0.098591549
0.088888889
0.179487179
0
0
0
0.023668639
0.114942529
0.086956522
0.040123457
0
0.127622378
0.071146245
0.25862069
0.057142857
0.012903226
0.05785124
0.032374101
0.031578947
0.184782609
0.042016807
0.106666667
0.452830189
0.103092784
0
0.07816092
0.271028037
0.085106383
0.133561644
0
0.107142857
0.275862069
0
0.071038251
0.037593985
0.12195122
0.062992126
0.116666667
0.298013245
0.147208122
0.078947368
0
0.029585799
0.050955414
0.128205128
0.024390244
0
0.048780488
0
0.263157895
0.036619718
0
0.34120425
0.104895105
0.04494382
0.052631579
0.124444444
0
0.306306306
0.448275862
0.055813953
0.038834951
0.118320611
0.315789474
0.0625
0
0.095238095
0.246875
0.127962085
0
0.166666667
0.128571429
0.105960265
0.016853933
0.067114094
0.02
0
0
0.046296296
0.197278912
0.13
0.071428571
0.153846154
0.593220339
0.025316456
0
0.125
0.172932331
0.148648649
0.041237113
0
0.09375
0.007575758
0.10738255
0
0.057692308
0.145454545
0.071428571
0.090909091
0.022727273
0.182692308
0.060606061
0.054631829
0.087248322
0.2
0.125925926
0.028571429
0.080645161
0.068
0.26007326
0.201086957
0
0.080808081
0.069767442
0.066666667
0
0.169871795
0.18705036
0.073076923
0.007874016
0.244565217
0.334801762
0.17218543
0.222222222
0.146788991
0.088082902
0
0.005291005
0.186721992
0.139941691
0.056768559
0.027027027
0
0.182389937
0
0.155223881
0.039473684
0.233291299
0.065420561
0.03125
0.026315789
0.098984772
0.045112782
0.147783251
0.268292683
0.070093458
0.03
0.114754098
0.097938144
0.021582734
0.038554217
0.331230284
0.3
0.096418733
0.121621622
0.011904762
0.044642857
0.015384615
0.330729167
0
0.018867925
0.132867133
0.098290598
0.150649351
0.154411765
0.11971831
0.311111111
0.119047619
0.173913043
0.166666667
0
0
0.015873016
0
0
0
0.233082707
0
0.052863436
0.174698795
0
0.095238095
0
0.064439141
0.067901235
0
0.017241379
0.019607843
0.183783784
0.130952381
0.114583333
0.031746032
0
0.027777778
0.047244094
0
0.159722222
0.009925558
0.217391304
0
0.078651685
0
0.081818182
0.009708738
0.092391304
0.34765625
0.144177449
0.058737151
0
0.063291139
0.076294278
0.173387097
0
0.121052632
0.007407407
0.058823529
0.15
0.178294574
0
0.445121951
0.027027027
0.012195122
0.168
0.018181818
0.122529644
0.11971831
0.034090909
0.119047619
0.138728324
0.092243187
0.222797927
0.071225071
0
0.094017094
0.203125
0.111111111
0.088607595
0.107329843
0.178082192
0.111111111
0.205128205
0.15034965
0.04296875
0.980392157
0.071038251
0.112676056
0.06122449
0.044982699
0.12
0.096153846
0.16091954
0.116788321
0.247222222
0
0.096774194
0.035532995
0.048507463
0.03125
0.136792453
0
0.195652174
0.269230769
0.033536585
0
0.081395349
0.157894737
0.217647059
0.275
0
0.032520325
0.061818182
0.127272727
0.055045872
0.026041667
0.108333333
0.009708738
0.141274238
0.038461538
0.138643068
0.076732673
0.171428571
0.017045455
0.091295117
0.037037037
0.236180905
0.260273973
0.041666667
0.11023622
0.14
0
0.2
0
0.028985507
0.083333333
0
0.423529412
0.117647059
0.058047493
0.03030303
0.025641026
0.075757576
0.090909091
0.157894737
0.13091922
0.171232877
0.052910053
0.013333333
0
0.012396694
0.07977208
0.106557377
0
0.177710843
0.052863436
0.405405405
0.248366013
0
0.152046784
0.24122807
0.156862745
0.209302326
0.044247788
0.052631579
0.089552239
0.111111111
0.0625
0.083333333
0
0.075
0.293193717
0.154545455
0.1640625
0.095238095
0.063084112
0.157894737
0.023809524
0.004926108
0.058252427
0.04109589
0.039735099
0.09352518
0.19047619
0.02970297
0.02173913
0.163235294
0
0.007272727
0.252873563
0.135135135
0.099415205
0.063953488
0.095238095
0.144981413
0.087431694
0.156363636
0.031128405
0.076335878
0.045918367
0.020964361
0
0.073394495
0.086956522
0.115044248
0
0.11627907
0.120481928
0.12173913
0.088607595
0.101265823
0.081967213
0.130434783
0.075
0.071253071
0.006637168
0.128856624
0.060096154
0.167630058
0.090909091
0.024390244
0.181818182
0.112676056
0.087136929
0.02173913
0.211956522
0.133891213
0.029982363
0.054263566
0.154040404
0.076923077
0.169312169
0.02
0.051660517
0
0.021052632
0.023774146
0.15720524
0.098039216
0.016260163
0.117948718
0.042857143
0.153583618
0
0
0
0.120967742
0
0.123595506
0.048192771
0
0.220930233
0.022727273
0.042553191
0.013513514
0.156716418
0.111111111
0.041666667
0
0.112244898
0
0.042253521
0.081395349
0.108108108
0
0.010638298
0.229166667
0.087962963
0.06741573
0.114285714
0.174468085
0
0.165467626
0.024822695
0
0.206225681
0
0
0.295918367
0.01
0.012552301
0
0.363636364
0.049180328
0.024253731
0.11827957
0.194244604
0.012195122
0
0
0.12173913
0.038834951
0.124137931
0.091603053
0
0.125984252
0.223021583
0.128787879
0.078947368
0.03626943
0.111111111
0.057471264
0.153284672
0.114035088
0
0.519823789
0.05907173
0.120218579
0.161764706
0.176470588
0.142235123
0.005988024
0.194444444
0.029126214
0.036211699
0.02016129
0
0.078595318
0.050420168
0.062200957
0
0.088435374
0
0.028571429
0.045454545
0
0.1875
0.027027027
0.065217391
0.172774869
0.056994819
0.015873016
0.035087719
0.094117647
0.083333333
0.071111111
0.031746032
0.161073826
0.081196581
0.213793103
0
0.098684211
0.051515152
0.079207921
0.052845528
0.083333333
0.224137931
0.128205128
0.035
0
0.092909535
0.15625
0.05973025
0.128205128
0.076923077
0.102272727
0.176470588
0.083989501
0.124069479
0
0.060606061
0.0546875
0.102803738
0.252380952
0.057142857
0.00952381
0.059322034
0
0.094276094
0
0.061068702
0.08
0.032467532
0.074468085
0.069767442
0.254385965
0.235294118
0.073333333
0.21192053
0.14673913
0.111801242
0
0
0.072674419
0
0.158914729
0.080555556
0.235588972
0
0.024193548
0.132075472
0.151898734
0.049056604
0.053691275
0
0.491712707
0.02247191
0.151624549
0.04109589
0.191176471
8.08E-04
0
0.044534413
0.145772595
0.123966942
0.039772727
0.023364486
0.19047619
0.005830904
0.216374269
0.035175879
0.020833333
0.304347826
0
0
0.052631579
0.032128514
0.026315789
0.003558719
0.032258065
0.028301887
0.096385542
0.036789298
0.190697674
0.078498294
0.041322314
0.023668639
0.179173047
0.235294118
0.160714286
0.115789474
0.147887324
0.083333333
0.266666667
0.034090909
0.108695652
0.135714286
0.027777778
0.047619048
0.035714286
0.054216867
0.178807947
0.025477707
0.128755365
0.186046512
0.169934641
0.181818182
0.018390805
0.038674033
0
0.078034682
0.008064516
0.005
0
0.163522013
0.055961071
0.047619048
0.083333333
0.094827586
0.040816327
0
0
0.089285714
0
0.004237288
0
0.09223301
0.207142857
0.113924051
0.141802068
0.010638298
0.088
0.144927536
0
0.128865979
0.102990033
0.141304348
0.096774194
0.02310231
0.057971014
0.057613169
0.187702265
0.118518519
0
0.241176471
0
0.211538462
0
0.029850746
0
0.047826087
0
0
0
0.070652174
0
0
0.119873817
0.096069869
0.03968254
0.23752495
0.103448276
0.0125
0
0.041860465
0.01984127
0.085714286
0.084370678
0.083333333
0
0
0.036363636
0.039755352
0.148148148
0.077586207
0.075757576
0.255555556
0.037383178
0.102941176
0.10989011
0.25
0
0.157303371
0.311111111
0.273972603
0.023255814
0.228571429
0.051094891
0.177121771
0.234234234
0.073394495
0
0.2
0
0.005681818
0.036144578
0.368421053
0.095652174
0.168734491
0.008403361
0.055045872
0.06010929
0.078066914
0.009345794
0.041474654
0.036363636
0
0
0.242424242
0.054794521
0
0.062111801
0
0
0
0.20952381
0.012820513
0.059322034
0.054545455
0.151724138
0.095890411
0.111111111
0.214285714
0.030769231
0.023622047
0.09
0.068027211
0.006944444
0.19047619
0.014492754
0.073275862
0.267605634
0.198717949
0
0.144736842
0.038043478
0.023041475
0.148648649
0.047244094
0.091703057
0
0.271604938
0
0.310679612
0.041984733
0.044117647
0.119565217
0.035714286
0.076502732
0.117948718
0.181229773
0.304819277
0.065693431
0.076923077
0.061135371
0.086956522
0.165562914
0.280701754
0
0.105263158
0.132701422
0.119565217
0.065693431
0
0.061728395
0
0.018867925
0.151029748
0.062176166
0.029126214
0.207407407
0.128333333
0.2406639
0.019762846
0.136
0.078125
0.141891892
0.068493151
0.194805195
0.140271493
0
0.019230769
0.037037037
0.039215686
0.008196721
0.287553648
0.036036036
0.043478261
0.189440994
0.023498695
0.142857143
0.014634146
0.176470588
0.1
0.062146893
0.407114625
0.07755102
0
0.070175439
0.225396825
0.078014184
0.086124402
0.163179916
0.0234375
0.091503268
0.113821138
0.08988764
0
0.111111111
0.020408163
0.194312796
0
0.064
0.013605442
0.026315789
0.105555556
0
0.097465887
0.126245847
0.01369863
0.117647059
0.475877193
0
0
0.029761905
0.045977011
0.051813472
0
0.101123596
0.301234568
0.003355705
0
0.02484472
0.090909091
0.083969466
0.209039548
0.130208333
0.068965517
0.12195122
0.031746032
0.333333333
0.234693878
0.341176471
0.026041667
0.119402985
0.045454545
0.303664921
0.052023121
0.038461538
0.085106383
0.037383178
0.08490566
0.07755102
0.074418605
0.027027027
0.058823529
0.035087719
0.018518519
0.182608696
0.072727273
0
0.047619048
0
0
0
0
0.036585366
0.2
0
0
0.029411765
0.203208556
0.079136691
0
0
0.037037037
0.091463415
0
0.195965418
0.008333333
0.023255814
0.028248588
0.1625
0.076923077
0
0.181623932
0.488250653
0.055944056
0.023668639
0.016042781
0.037837838
0
0.054545455
0.161676647
0.064516129
0.230769231
0.162264151
0.053364269
0.097902098
0.25
0.128590971
0.25308642
0.157116451
0.044444444
0.240566038
0.032258065
0.100515464
0.03196347
0
0.116831683
0.158415842
0.094827586
0.04494382
0
0
0.027027027
0.037634409
0.023668639
0.047619048
0.055865922
0.051094891
0
0.286764706
0.224358974
0.009708738
0.075757576
0
0.088235294
0.127819549
0.088888889
0.120481928
0.041666667
0.125
0.095505618
0.308139535
0.045576408
0.058479532
0.143167028
0.028368794
0.583756345
0.104166667
0.24796748
0.055970149
0
0.054794521
0.114893617
0.041958042
0.255102041
0.122222222
0.04379562
0.010810811
0.113636364
0.026785714
0.151515152
0.037128713
0.047244094
0.074829932
0.190909091
0.031128405
0.171003717
0.082352941
0.23540856
0.20952381
0.38277512
0.151162791
0.131868132
0
0
0.112426036
0.03960396
0.104651163
0.068965517
0.195
0.06779661
0.259668508
0.098522167
0.009615385
0.111111111
0.077235772
0.157894737
0
0
0
0.157024793
0.201438849
0.095477387
0.04057971
0.097560976
0.01754386
0.023668639
0.244360902
0.117647059
0.153846154
0.017241379
0.004716981
0.092592593
0.166666667
0
0.06185567
0.1875
0.035830619
0.187793427
0.136363636
0.138888889
0.192307692
0
0.047619048
0.030120482
0.196969697
0.040650407
0.089285714
0.013245033
0.043338684
0.008403361
0.010438413
0
0.140350877
0.086538462
0
0.078431373
0.153846154
0.125
0.069565217
0.013333333
0.026946108
0.050847458
0
0.02970297
0.156289708
0.157894737
0.047619048
0.082802548
0
0.172413793
0.021978022
0.099609375
0.183673469
0.306930693
0.045540797
0.501567398
0.0390625
0.006944444
0.06
0.064066852
0.009661836
0.043478261
0.098712446
0.23255814
0.050632911
0.252941176
0.169811321
0
0
0
0
0.102564103
0
0
0
0.179723502
0.052631579
0.097435897
0.106918239
0.370317003
0
0.027027027
0.181102362
0.031746032
0.037037037
0.007575758
0
0.145089286
0.111111111
0
0.080536913
0
0
0.086614173
0.051851852
0.111764706
0.077170418
0.178571429
0
0
0.214046823
0.035714286
0.256281407
0.038043478
0.2265625
0.1
0.018518519
0.0546875
0.031111111
0.032407407
0
0.125
0.05
0.035532995
0.074074074
0.022222222
0.018181818
0.050531915
0.232142857
0.008547009
0.068181818
0.052631579
0.06741573
0.088757396
0.06557377
0
0.025
0.135135135
0
0.264367816
0.070175439
0.146017699
0.224880383
0.218181818
0
0.026315789
0.097345133
0.106321839
0.013245033
0.315789474
0.065359477
0.037593985
0.263157895
0.08
0.125
0.105960265
0.079136691
0
0.152542373
0
0.182389937
0
0
0
0.02247191
0
0.116710875
0.081967213
0.096273292
0.084507042
0
0.038194444
0.021582734
0
0.148387097
0.091911765
0
0.2625
0
0.167953668
0.058823529
0
0.106796117
0
0.082352941
0.025
0.008695652
0.015873016
0.087912088
0.013513514
0
0.018181818
0.02919708
0.032258065
0.0215311
0.268292683
0
0.058171745
0.141073658
0.142241379
0.134502924
0.143920596
0.025641026
0.087179487
0
0.248908297
0.022727273
0.15483871
0
0.152293578
0
0
0.160377358
0
0
0
0.048780488
0
0.17816092
0.07079646
0.187919463
0.053333333
0
0
0.018348624
0.078787879
0.094736842
0.026162791
0.015384615
0.088607595
0.088135593
0.113475177
0.142168675
0.131147541
0.093862816
0.306451613
0.220858896
0.311377246
0.124087591
0.148367953
0.297619048
0.085714286
0.272727273
0.045627376
0.190889371
0.184615385
0.14084507
0
0.026041667
0.039525692
0.2
0.182539683
0.059701493
0.124309392
0.029411765
0.026845638
0.102040816
0.278514589
0
0.044585987
0.052631579
0.187739464
0.089709763
0.1375
0.177514793
0.016
0.038043478
0.113545817
0.057803468
0.171296296
0.217948718
0.24
0.009345794
0
0.415343915
0.188118812
0.011363636
0.133004926
0.034782609
0
0.119883041
0.018348624
0.023668639
0
0.17699115
0.384210526
0.086666667
0.082949309
0.084507042
0.096774194
0.142857143
0.08974359
0.006493506
0.120967742
0
0
0
0.208333333
0.215447154
0
0.068965517
0.009615385
0.15
0
0.106060606
0.056410256
0.133676093
0.252136752
0.133909287
0.057142857
0.17218543
0.177865613
0.068322981
0.104575163
0.041666667
0.1796875
0.1125
0.049723757
0.159722222
0.025641026
0
0.045643154
0.044776119
0
0.031914894
0.123287671
0
0.112244898
0
0.010416667
0.106628242
0.025943396
0.052631579
0.124590164
0.0625
0
0.381974249
0
0.090909091
0
0.08974359
0
0.065286624
0.098591549
0.18
0.069124424
0.083900227
0.056603774
0.031578947
0.188405797
0.0625
0.123966942
0.028571429
0.06010929
0.201834862
0.280936455
0.0625
0.045977011
0.089041096
0.108374384
0.032258065
0.22556391
0.08040201
0.044871795
0.041666667
0.176829268
0
0.076023392
0.096045198
0.177304965
0.030120482
0.086538462
0.071161049
0.159223301
0.25
0
0
0.002793296
0.018656716
0.205291005
0.248322148
0.194945848
0.04137931
0
0.054054054
0.154545455
0.034883721
0
0.056
0
0.054878049
0.2
0
0
0
0.147169811
0.0390625
0.047244094
0
0.1
0.25
0
0.121212121
0.165289256
0.045307443
0
0.125
0.031847134
0.085972851
0.057591623
0.11965812
0.048780488
0.046594982
0.016949153
0.080882353
0.032894737
0
0.095541401
0.016759777
0.166666667
0.127118644
0.135714286
0.013422819
0.012605042
0.177304965
0
0.206896552
0.130434783
0.120229008
0.069498069
0
0.110552764
0.061946903
0.04
0.261538462
0.161538462
0.091397849
0.087719298
0.047619048
0.076923077
0.030769231
0
0.044871795
0.055737705
0.063781321
0
0
0.118644068
0
0.108303249
0.035502959
0.133333333
0.112860892
0.176470588
0.064516129
0.130573248
0.246753247
0.075657895
0.073770492
0.064516129
0.035714286
0
0
0.124567474
0.094339623
0.044444444
0.048076923
0.257352941
0
0.133333333
0.168604651
0.006410256
0.092936803
0
0.060344828
0
0.116402116
0
0
0.183206107
0.254464286
0.025641026
0.02739726
0.050505051
0.027027027
0.028169014
0.119047619
0.006493506
0.07826087
0.116666667
0.127659574
0.023668639
0.026086957
0
0.12195122
0.155234657
0.043956044
0.007874016
0.020761246
0.210884354
0.153284672
0.126984127
0.024734982
0
0.181818182
0.088235294
0.15
0.214723926
0.326797386
0.018404908
0.144144144
0
0.027027027
0.272727273
0.066666667
0.041825095
0
0.00390625
0.133333333
0.202614379
0
0.015503876
0.056910569
0.019417476
0.069767442
0.31875
0.153061224
0.090909091
0.188976378
0
0.091666667
0.108986616
0.084507042
0.113821138
0.049295775
0.145794393
0.131578947
0.022770398
0.020588235
0.074235808
0.12
0.132231405
0.12173913
0.095238095
0.142857143
0.022988506
0.084942085
0.527777778
0.058510638
0.058823529
0.102941176
0.038461538
0.194029851
0.074626866
0.177631579
0.15942029
0.050505051
0.066666667
0.080645161
0.148809524
0.25
0.023668639
0
0
0.16
0.090614887
0.021505376
0.118932039
0.28125
0
0.063492063
0
0.06557377
0
0.03
0.097902098
0.333333333
0.076923077
0.038674033
0.190909091
0.101265823
0.040540541
0.040816327
0
0.048387097
0.21686747
0
0
0.242038217
0.025974026
0.111607143
0.011952191
0.25
0.036363636
0.059459459
0.302158273
0.08045977
0
0.07591623
0
0.2303207
0.032258065
0.242990654
0.023668639
0.008695652
0
0.206896552
0.022590361
0.070422535
0.052631579
0
0.039106145
0.032520325
0
0.263157895
0.098540146
0.046153846
0.066298343
0.07398568
0
0
0.20795107
0.132
0.108108108
0.157407407
0.042253521
0.111801242
0.027027027
0.05785124
0
0.166089965
0.224637681
0.125448029
0.12195122
0.096590909
0.129370629
0.232283465
0.142857143
0
0
0.10989011
0.141025641
0.024096386
0
0.037383178
0.102189781
0.05982906
0.018987342
0.026785714
0.103603604
0.015384615
0.126436782
0.06147541
0.5375
0.105263158
0.011904762
0
0.298245614
0.020942408
0.14556962
0.0625
0
0.044117647
0
0
0.064516129
0.013824885
0.142076503
0
0.094736842
0.209003215
0.234309623
0.234693878
0.038888889
0
0.109506619
0.046948357
0.093023256
0.152173913
0.043956044
0.159624413
0
0.175
0
0.150943396
0.118881119
0.335914811
0
0.079365079
0.016949153
0
0.075829384
0.050847458
0.140425532
0.210997442
0
0.077586207
0.064814815
0.151612903
0.152777778
0.105633803
0.011428571
0.074235808
0
0.232044199
0.084870849
0.104575163
0.122641509
0.153846154
0.165413534
0.108695652
0.104651163
0.137254902
0.004830918
0.111111111
0.022988506
0.121212121
0
0.098901099
0.313432836
0.109589041
0.014285714
0
0.221674877
0.039735099
0.217105263
0.078947368
0.051094891
0
0.532085561
0.166666667
0.125
0.012658228
0.016260163
0.019230769
0.094339623
0.063380282
0
0.113821138
0.170212766
0.090909091
0.093457944
0.324503311
0
0
0.022727273
0.090909091
0.1
0.048543689
0.073394495
0.032967033
0.125
0.11023622
0
0
0.040935673
0.166666667
0.084880637
0.076923077
0.093023256
0.025773196
0
0.134969325
0.0390625
0.017699115
0
0.013888889
0.197183099
0.109126984
0.054945055
0
0.017241379
0
0.025
0.122699387
0.117063492
0.087557604
0.078571429
0.189349112
0.049122807
0.086792453
0.034883721
0.066914498
0.02247191
0
0.094444444
0.014749263
0.103092784
0.120689655
0.068627451
0.064935065
0
0.15890411
0
0.133333333
0
0.02739726
0.258064516
0.107438017
0.053333333
0.138461538
0
0
0.013513514
0.355795148
0.033472803
0.316301703
0.13215859
0.011363636
0.131578947
0.016129032
0.030042918
0
0.039370079
0.044117647
0.249230769
0.252559727
0.120967742
0.137711864
0.027027027
0.022727273
0.058139535
0.068627451
0.07804878
0
0
0.033898305
0.132075472
0
0.046808511
0.068965517
0.272727273
0.4
0
0.068181818
0.004761905
0.087155963
0.128113879
0
0.027777778
0.11
0.170068027
0.02
0
0.054794521
0.0625
0.054545455
0
0.107913669
0.14516129
0.082666667
0.134920635
0.072289157
0.027027027
0.047619048
0.129251701
0.248477467
0.181818182
0
0.055555556
0.090909091
0.005813953
0.702169625
0.0390625
0.255244755
0.106382979
0.038251366
0
0
0
0.232394366
0.048192771
0.171641791
0.089430894
0.181818182
0.105095541
0.092814371
0.043478261
0
0.005602241
0.09148265
0.01980198
0.535211268
0.046610169
0
0
0.027932961
0.132743363
0.709273183
0.240310078
0
0.038461538
0.122377622
0.056818182
0.032051282
0.150554675
0.140495868
0.063432836
0
0.030075188
0.174603175
0.101960784
0.22875817
0.012096774
0.305128205
0.006410256
0.209302326
0
0.025
0.080808081
0.046511628
0.081081081
0.203821656
0.046511628
0.058823529
0.108571429
0.116788321
0
0.013888889
0.029411765
0.159624413
0.055555556
0.019607843
0.09375
0.027027027
0.268292683
0.01703163
0.043478261
0.044444444
0.076294278
0.076923077
0.057324841
0.069565217
0.102941176
0.076923077
0.054945055
0.011111111
0.137254902
0.137931034
0.142857143
0.031746032
0.148550725
0.123287671
0.115702479
0.027027027
0.528409091
0.1875
0.134185304
0.043165468
0
0.057971014
0.018018018
0.147874307
0.040084388
0.090517241
0.085470085
0.014760148
0
0.053030303
0.371134021
0.033149171
0
0.145833333
0.085648148
0
0.169354839
0.260869565
0.098591549
0.137184116
0.093023256
0.054054054
0.149253731
0
0
0.136752137
0.10483871
0.087912088
0.044715447
0.1
0.042424242
0.275
0.006734007
0
0
0
0
0
0.055555556
0
0.18699187
0
0.050632911
0.0625
0.004914005
0.032051282
0.239316239
0.152
0.129032258
0.103351955
0.159090909
0.197802198
0.230769231
0.293269231
0.022222222
0.050359712
0.043478261
0
0.082278481
0.066914498
0.152173913
0.105882353
0.146341463
0
0
0.080924855
0.08
0.104627767
0.068322981
0.163934426
0.125786164
0.066666667
0
0
0
0.203592814
0
0.109947644
0
0.033898305
0.048780488
0.117117117
0.009259259
0.084615385
0.141025641
0.050955414
0.019230769
0.135135135
0.212230216
0
0.042635659
0.056206089
0.155367232
0.14516129
0.217532468
0.025
0.158102767
0.02247191
0.027027027
0.124571429
0
0.147058824
0.299522673
0.032258065
0
0
0.035714286
0.097087379
0.233333333
0
0.018518519
0.028571429
0
0.09947644
0.03539823
0.104477612
0.12
0.05952381
0.024096386
0
0
0
0
0.144736842
0.047058824
0
0.363636364
0
0.064327485
0.068965517
0.08045977
0.022900763
0
0
0.166666667
0.071428571
0.012987013
0.326203209
0.147368421
0.389312977
0.092735703
0.195876289
0.176470588
0.147169811
0
0.027027027
0.019417476
0.083333333
0.121848739
0.178010471
0.0625
0
0.087542088
0.152671756
0.093333333
0
0.148698885
0.041522491
0.033333333
0
0
0.115702479
0.025
0.131666667
0.142566191
0.060869565
0.074468085
0
0.287128713
0.018518519
0
0.106699752
0.215116279
0.026819923
0
0.005586592
0.131147541
0.06626506
0.109271523
0.099678457
0.040816327
0.219512195
0
0.111111111
0.165322581
0.096969697
0.147727273
0.023668639
0.111111111
0.11965812
0.02970297
0.127272727
0.1003861
0.269230769
0.032258065
0.110894942
0.08259587
0.139705882
0.290697674
0.269767442
0.066666667
0.03030303
0.002212389
0.09787234
0.207207207
0.219387755
0.22513089
0.189873418
0.16
0.082644628
0.015228426
0.275510204
0.12
0.014705882
0.154022989
0.012345679
0.163265306
0.084415584
0.13878327
0.109756098
0
0.091954023
0.50862069
0.015384615
0.00678733
0.306569343
0.085714286
0.047945205
0.125274725
0.035087719
0.289156627
0.133079848
0.088235294
0.041025641
0.080128205
0.095744681
0.011764706
0
0.083333333
0.084745763
0.01980198
0
0.129943503
0.328767123
0.058823529
0.005050505
0.049586777
0.087412587
0.116666667
0.042253521
0.601156069
0.034700315
0.13
0.150641026
0.035928144
0.118644068
0.15
0
0
0
0.164556962
0.056410256
0.041237113
0
0.08
0
0.032085561
0.064935065
0.044444444
0.196581197
0
0.022556391
0
0.022222222
0.06993007
0
0
0.01875
0
0.177514793
0.046875
0.021582734
0
0.020833333
0.109090909
0.142857143
0.05952381
0.05982906
0
0.007575758
0.056179775
0.106666667
0.433628319
0.090909091
0.027027027
0.088235294
0.026315789
0.17
0.299227799
0.046153846
0.039215686
0.101910828
0.051282051
0
0.056818182
0
0
0.239669421
0.012048193
0
0.11971831
0.121621622
0.027237354
0.149253731
0.074074074
0.014705882
0.025641026
0
0.058394161
0.029787234
0.237762238
0.147368421
0.142857143
0.079812207
0.051428571
0
0.146757679
0
0.111111111
0.118503119
0.168067227
0.197080292
0.071428571
0.126843658
0.120448179
0.079812207
0
0.105769231
0.14379085
0.028776978
0.067164179
0
0.009090909
0.1875
0.061728395
0.106060606
0.222222222
0.179775281
0.184
0.374100719
0.012195122
0
0.004739336
0.110778443
0.433333333
0.128
0.080645161
0.088122605
0
0
0.014409222
0.105882353
0.06122449
0.046728972
0.117924528
0.021505376
0.150537634
0.105769231
0.080924855
0
0.151515152
0.146341463
0.051020408
0.010309278
0.059171598
0.035714286
0.058080808
0.290102389
0.209459459
0.1171875
0.161290323
0.020979021
0.082051282
0.070038911
0.069498069
0
0.010526316
0.196891192
0.069620253
0.207317073
0.344537815
0.142023346
0.130841121
0.041958042
0
0.66760056
0.050847458
0.093023256
0.035714286
0.255813953
0.137931034
0.486921529
0
0.041666667
0.031007752
0.233463035
0
0
0.221238938
0.223684211
0.333333333
0.566502463
0.028688525
0.012658228
0.200819672
0.095505618
0.02020202
0.088541667
0.061728395
0.122641509
0.03271028
0.169230769
0
0
0.153846154
0.016393443
0.02359882
0.159509202
0.073943662
0
0.054545455
0.017241379
0.024390244
0.158415842
0.1875
0.189542484
0.046632124
0.028571429
0.096153846
0.073298429
0.065934066
0.062893082
0.108527132
0.054054054
0.219512195
0
0.019230769
0.064393939
0.166666667
0.014925373
0.025210084
0.06122449
0.338983051
0.055555556
0.010638298
0.114503817
0
0
0.068852459
0.058823529
0.333333333
0.017241379
0.206060606
0
0.03539823
0.024242424
0.244186047
0
0.111111111
0.368650218
0.06870229
0.092436975
0.082474227
0.023668639
0.1
0.135294118
0.119047619
0
0.136363636
0
0
0.221153846
0
0
0.136363636
0.116831683
0
0.233333333
0.057142857
0.020671835
0
0.202702703
0.050632911
0.25
0.151351351
0.297297297
0.121212121
0.021428571
0.133027523
0.101123596
0.026408451
0.030864198
0.197530864
0.110344828
0.102649007
0.147058824
0.1875
0.141393443
0.007462687
0.041420118
0.020408163
0.032110092
0.048148148
0.090322581
0.090909091
0
0.081632653
0
0.115702479
0.163934426
0.142523364
0.075471698
0.066666667
0
0.131944444
0.16969697
0.017857143
0.183544304
0.064102564
0.265861027
0.035714286
0.275510204
0.021276596
0.017391304
0.064516129
0.091666667
0.039473684
0.15060241
0.100840336
0.130434783
0.14953271
0.091304348
0.059382423
0.088235294
0.040983607
0.097435897
0.036211699
0.086792453
0.104529617
0.052493438
0.091743119
0.034934498
0.052631579
0.053097345
0.159574468
0.163398693
0.284722222
0.033333333
0.138686131
0.111913357
0.162280702
0.125
0.064220183
0.04
0.110091743
0
0.09478673
0.068376068
0.04109589
0.050505051
0.139097744
0.096428571
0.109677419
0.130841121
0.047486034
0.006944444
0.227777778
0.12716763
0.106557377
0.015625
0.120689655
0
0
0.276923077
0.044776119
0.126279863
0
0.070175439
0.137681159
0.057142857
0.192546584
0.071428571
0.061744966
0.276666667
0.04526749
0.14861461
0.053571429
0.042780749
0.035714286
0.01459854
0.129554656
0.025477707
0.14619883
0.093896714
0.061696658
0.05801105
0.016666667
0
0.00990099
0.25170068
0.082242991
0.25
0.15819209
0.076923077
0.061068702
0.215568862
0.081460674
0.053097345
0.230337079
0
0.0125
0.086956522
0.065789474
0.101351351
0.09375
0.113821138
0.215311005
0
0.079326923
0.153846154
0.637055838
0.218274112
0.111111111
0
0.039215686
0.058823529
0.038461538
0.06
0.192771084
0
0
0.139240506
0.027027027
0
0.042035398
0.192307692
0.010638298
0.097402597
0.02970297
0.047619048
0.125984252
0.227272727
0.027027027
0.064748201
0.232142857
0
0.048502741
0
0.078998073
0
0.217391304
0.01242236
0.207109737
0
0.135135135
0.050675676
0.015151515
0.275167785
0.131147541
0.008163265
0.122137405
0.038709677
0.028985507
0.100840336
0.018348624
0
0.020547945
0.12195122
0.428240741
0.129770992
0.100671141
0.037037037
0
0.087227414
0.044642857
0.007075472
0.050228311
0.028985507
0.113095238
0.03030303
0.052083333
0.146616541
0.009009009
0.108614232
0.408695652
0.18503937
0.070175439
0.08
0.053892216
0.047619048
0.13190184
0.237844941
0
0.047337278
0.121428571
0.073170732
0
0.025380711
0.036697248
0.115089514
0
0.153169014
0.130081301
0.09375
0.059701493
0.119760479
0.042895442
0.114006515
0.008064516
0.032967033
0.146774194
0
0.158682635
0.226229508
0.038277512
0
0.132867133
0.027027027
0
0.025
0.161242604
0.055555556
0.008695652
0.094420601
0.141732283
0.009174312
0.063829787
0.016129032
0.023529412
0
0.065088757
0.17
0.047619048
0.127906977
0.416762342
0.075396825
0.111111111
0
0.007407407
0.058823529
0.072727273
0.122807018
0
0.015503876
0.171122995
0.012578616
0.110091743
0.024509804
0.206896552
0.231884058
0.2578125
0
0.016260163
0.210526316
0.079646018
0.010752688
0
0.0625
0.262068966
0
0.059225513
0.106217617
0.124087591
0.070496084
0
0.038961039
0.112676056
0.026315789
0.094017094
0.085457271
0.06122449
0.011494253
0.163934426
0.019607843
0.047619048
0.022727273
0.038095238
0
0.038461538
0.176165803
0.147757256
0.038461538
0.287292818
0
0
0.09009009
0.076923077
0
0.017241379
0
0.24260355
0.407079646
0.061946903
0.02
0.010752688
0.0625
0.14025974
0.19375
0
0.01242236
0.125984252
0.174796748
0.142105263
0.157303371
0
0.01910828
0.037037037
0.106508876
0.124309392
0.046783626
0.675967597
0
0.041666667
0.026785714
0.03030303
0
0.070512821
0.090128755
0.084821429
0
0.620347395
0
0.074074074
0.026415094
0.13559322
0.085106383
0.027272727
0.157142857
0
0.073846154
0
0.065517241
0.088888889
0.148409894
0.099337748
0
0
0
0.0625
0.103797468
0
0.178082192
0
0.028089888
0
0.067307692
0.016949153
0.150793651
0
0
0.006024096
0.007936508
0
0.103626943
0
0
0.43258427
0.090673575
0.122747748
0
0.147651007
0.090909091
0.03030303
0.131868132
0.259615385
0.094339623
0.289473684
0.173076923
0.093896714
0
0.1875
0.00619195
0.150684932
0.109090909
0
0.014925373
0.025477707
0.051162791
0.112866817
0.139622642
0.142595978
0.009345794
0.136842105
0
0.128
0.03030303
0.015151515
0.029850746
0.041436464
0.137767221
0.123404255
0.120689655
0.145985401
0
0.142857143
0.046082949
0.057416268
0.217391304
0.025641026
0.03286385
0
0
0.153846154
0
0.069252078
0
0.162162162
0.035587189
0.02173913
0.045454545
0
0.04040404
0
0.180076628
0.034602076
0.019736842
0.021008403
0.012195122
0
0.117647059
0.023715415
0.024793388
0.18627451
0
0.0625
0.098591549
0.041176471
0.013793103
0.074534161
0.110091743
0.117647059
0.117117117
0.06557377
0.1171875
0.018518519
0
0.234234234
0
0.369426752
0.042105263
0.115044248
0
0.062068966
0.041353383
0
0.135483871
0.023255814
0.189655172
0.048076923
0.100558659
0
0.215613383
0.084656085
0.100671141
0.032608696
0.190751445
0.146245059
0
0.004587156
0.203592814
0.009259259
0.141025641
0.02
0.078817734
0
0.267123288
0.095367847
0
0.146226415
0.142857143
0.040909091
0.053892216
0.082840237
0.032258065
0.025641026
0
0.047826087
0
0.13592233
0
0
0.070512821
0.267427123
0.176870748
0.137873754
0.119565217
0.047945205
0.121212121
0.24
0.329545455
0.00877193
0
0
0.103896104
0.015686275
0.059633028
0
0.021052632
0.194174757
0.08045977
0.03960396
0.01910828
0.610837438
0
0
0.04743083
0.105263158
0.048387097
0.011363636
0.125
0.160714286
0
0.037383178
0.204954955
0.223903177
0.086466165
0.017857143
0.138888889
0.141891892
0.110169492
0.044609665
0
0.128571429
0.111111111
0.025641026
0.161849711
0.315018315
0.129496403
0.372262774
0.086021505
0.182142857
0.150826446
0.299559471
0.206896552
0
0.014150943
0.137254902
0
0.018072289
0.3125
0.058823529
0.010526316
0.02739726
0
0.076923077
0.013761468
0.020618557
0.146551724
0.107142857
0
0.100250627
0.066176471
0.032051282
0.113821138
0.019607843
0.007092199
0.026666667
0.094017094
0.067307692
0
0.035502959
0.117021277
0.098039216
0.026465028
0
0.213836478
0.14114514
0
0.027027027
0.052631579
0
0.234265734
0
0
0.015384615
0
0.064516129
0
0.022222222
0.051612903
0.013157895
0
0.213333333
0.1
0.212389381
0.061797753
0.120689655
0.038095238
0
0
0.075630252
0.011605416
0.032258065
0.384615385
0.092009685
0.184782609
0.090764331
0.195121951
0.11827957
0.028368794
0.002624672
0.045045045
0.147113594
0.076530612
0.098765432
0.121212121
0.105263158
0
0.117647059
0.402777778
0.156682028
0.030927835
0
0.183673469
0.376271186
0.111111111
0.031007752
0
0.09375
0.125874126
0.019607843
0.06185567
0.104477612
0.15015015
0.063380282
0.085714286
0.06147541
0.04494382
0.071005917
0.052795031
0.043859649
0.008810573
0
0.175675676
0.114649682
0.045833333
0.225290698
0.107142857
0
0.364640884
0.064220183
0.09009009
0.020746888
0.152380952
0.160493827
0.024390244
0.597785978
0.015151515
0
0.146153846
0
0.08045977
0.122905028
0.24137931
0.028776978
0
0.032258065
0
0.051136364
0.179487179
0.040816327
0.115702479
0.229166667
0.01010101
0.050955414
0.030769231
0.045833333
0
0.241666667
0.013029316
0.26446281
0.146341463
0.045454545
0.121703854
0.030651341
0.090909091
0.03030303
0.083333333
0.125
0.115702479
0.2
0.098591549
0.037433155
0.052083333
0.117241379
0.025806452
0.035714286
0.544554455
0.245183888
0.110552764
0.272084806
0.142857143
0.018518519
0.217391304
0
0.091463415
0.015037594
0.051851852
0.045081967
0
0
0.028985507
0.131944444
0.407407407
0.077981651
0.020618557
0.038277512
0
0.085106383
0.033210332
0
0.105691057
0.128712871
0.120535714
0.24025974
0.152631579
0.110552764
0.043918919
0.02970297
0.048979592
0
0.082677165
0.109375
0.200564972
0.01459854
0.315384615
0.2225
0.236453202
0.213032581
0.083333333
0
0.198275862
0.031578947
0.093333333
0.03125
0.103174603
0.102040816
0
0.081632653
0.071428571
0.248366013
0.194244604
0.031055901
0.094936709
0
0.052173913
0.171875
0.042735043
0.192893401
0.122340426
0.06
0.006535948
0.170854271
0.116666667
0.016949153
0.094059406
0.027522936
0
0.03030303
0.258899676
0
0.037037037
0.066666667
0.027173913
0.182926829
0.222222222
0.038167939
0.132352941
0.107142857
0.157894737
0.069767442
0.2
0.371098266
0.038022814
0.055555556
0.076923077
0.105633803
0
0.115646259
0.370731707
0.015384615
0.060869565
0.005882353
0.043956044
0.145714286
0.00210084
0.016393443
0.019230769
0.046511628
0.041420118
0.193732194
0
0.112903226
0.0078125
0.11971831
0.149779736
0.031746032
0.054347826
0
0.059322034
0.010989011
0.231884058
0.032967033
0.147058824
0.057471264
0.04040404
0
0
0.020761246
0.027624309
0.24
0.035294118
0.075221239
0.14516129
0.169270833
0.005102041
0.11965812
0.261083744
0.656716418
0.155813953
0.102941176
0
0.121827411
0.026845638
0.019607843
0.378995434
0.220338983
0.155555556
0.090225564
0.117647059
0
0.044117647
0.094202899
0.023668639
0.090909091
0.026785714
0.021834061
0.026548673
0
0
0.035639413
0.184210526
0.04787234
0
0.064073227
0.159398496
0
0.039735099
0.112903226
0
0.006622517
0.047058824
0.408376963
0.049180328
0.016129032
0.307377049
0.041666667
0.142857143
0.132231405
0.037671233
0.154761905
0.179487179
0.070833333
0.02247191
0
0.044077135
0.03164557
0.095833333
0.074074074
0.113207547
0.113513514
0.111111111
0.068292683
0.12173913
0.081460674
0
0.047368421
0.194630872
0.16
0.168421053
0.050632911
0.023622047
0.027027027
0.109589041
0.046025105
0.0375
0.230769231
0.086705202
0
0.16955684
0.20212766
0.112676056
0.028571429
0.180327869
0
0.056338028
0.580246914
0.06557377
0
0
0.032876712
0.028571429
0.10625
0.179104478
0.139737991
0.138933764
0.064139942
0.2421875
0.14619883
0.105769231
0
0.014285714
0.15542522
0.048128342
0.040816327
0.04
0.101886792
0.208955224
0
0.206349206
0.012820513
0.102702703
0.280564263
0.005780347
0.06993007
0
0.08778626
0
0
0.152542373
0.08496732
0.071428571
0.038277512
0.111111111
0.008196721
0
0.082802548
0
0.318181818
0.136842105
0.151898734
0.106508876
0.136363636
0.125
0.189102564
0.096
0
0.074468085
0.052631579
0
0.223350254
0.010928962
0.022727273
0.106951872
0.023668639
0
0.053191489
0.144927536
0.048
0.134020619
0.255555556
0
0
0.061538462
0.05984252
0.035971223
0.28
0
0.086956522
0.071161049
0.277777778
0.090909091
0
0.022123894
0.240677966
0.071022727
0.191489362
0.146067416
0.083969466
0.115044248
0.144927536
0.133333333
0
0
0.030769231
0.010152284
0.162303665
0
0.017647059
0
0.236486486
0.051660517
0.133858268
0.114754098
0.089965398
0.185770751
0.095
0.049586777
0.03030303
0.04964539
0
0.022222222
0
0.168604651
0.067567568
0.022058824
0
0.201612903
0.152439024
0
0.084
0.305882353
0.032967033
0.426229508
0.133333333
0.006493506
0.241286863
0.153153153
0.064516129
0.163987138
0.032258065
0.045296167
0.3
0.109756098
0.14084507
0
0.061797753
0.062953995
0.029850746
0
0.168224299
0.04950495
0.097560976
0.097560976
0.02994012
0.158536585
0
0.026086957
0.127272727
0.052173913
0.071129707
0.098765432
0.29015544
0.046511628
0
0.073891626
0.040816327
0.072
0.044776119
0.113207547
0.016
0.099056604
0.131147541
0.146464646
0.119281046
0.510917031
0.094890511
0.083333333
0.024064171
0.101910828
0.197424893
0
0.062857143
0.016806723
0.062015504
0.125
0.269461078
0.054644809
0.142857143
0.069637883
0.032258065
0.085910653
0.082802548
0.222222222
0.076923077
0.076252723
0.394936709
0.074074074
0
0.553082192
0.010526316
0
0.082191781
0.008547009
0.155737705
0
0.076335878
0.141732283
0.25483871
0.216216216
0.048543689
0.133093525
0
0
0.293785311
0.119205298
0.024937656
0.062801932
0.239583333
0.168421053
0.006535948
0.015111111
0.024193548
0.051428571
0
0.026845638
0.041666667
0.061403509
0.127413127
0.077220077
0.207865169
0.043062201
0.01369863
0
0.070866142
0.064748201
0.052631579
0.035714286
0
0.0562249
0
0.104166667
0.073529412
0
0.108910891
0.154471545
0.011904762
0.060606061
0.035353535
0.038961039
0.115384615
0.06993007
0
0.046511628
0.038167939
0.053435115
0.039215686
0.134177215
0.245733788
0.104712042
0.070175439
0
0.017241379
0
0.133891213
0.005952381
0.571428571
0.026515152
0.035714286
0
0
0.127272727
0.068965517
0.122905028
0.055555556
0.172131148
0.008264463
0.354700855
0.130952381
0.07079646
0.102941176
0.066115702
0
0.160377358
0
0.098039216
0
0.351612903
0.130769231
0.083003953
0
0.070175439
0.075471698
0.0859375
0.023622047
0.125
0.229508197
0.136150235
0.032258065
0.15
0.275449102
0.186440678
0.181451613
0.046153846
0.011904762
0
0.391812865
0.068965517
0.311594203
0.016949153
0.28342246
0.103274559
0.091891892
0.118686869
0.074074074
0
0.12755102
0.053921569
0.206896552
0.363013699
0
0.090909091
0.015873016
0
0.107361963
0.086956522
0.094594595
0.210526316
0.102564103
0.11971831
0
0.025044723
0.08411215
0.211764706
0.19047619
0.208494208
0
0.115254237
0.179775281
0.013333333
0.071428571
0.008695652
0
0.113513514
0
0.202662722
0.079268293
0.037383178
0.097087379
0.103448276
0.126373626
0
0.104938272
0.19205298
0
0.113475177
0.155440415
0.143487859
0.074074074
0.178832117
0
0
0.08045977
0.139393939
0.082644628
0.153571429
0.331877729
0
0.07
0.02020202
0
0.074626866
0.194852941
0.149078727
0
0
0.465838509
0
0.054347826
0.025773196
0.134615385
0.02
0.063291139
0.13671875
0
0.073684211
0.215053763
0.204081633
0.104986877
0.139240506
0
0.207100592
0
0.407079646
0.18404908
0.018691589
0.186046512
0.02173913
0.001988072
0.121923937
0.11311054
0.0456621
0.190839695
0.157894737
0
0
0.015625
0.049586777
0.161904762
0.06870229
0.191919192
0
0.024096386
0.084507042
0.046728972
0
0.232432432
0.083333333
0.073394495
0.126329787
0.042253521
0.053571429
0.102803738
0.043165468
0.139784946
0.19266055
0.108033241
0.030612245
0.060955519
0.180327869
0.19375
0.058823529
0
0.041522491
0.018181818
0.165048544
0
0
0
0.107936508
0.101449275
0.045454545
0
0.014925373
0
0.132450331
0.10483871
0.032432432
0.042154567
0.081632653
0
0.179487179
0.03358209
0.060773481
0
0.033492823
0.095238095
0.113821138
0.14893617
0.257731959
0.082191781
0
0.030898876
0.028985507
0.073394495
0.147368421
0
0.26984127
0.553805774
0.121212121
0.047752809
0.038834951
0.101265823
0.105263158
0.013333333
0.053658537
0.015625
0.048780488
0.125
0
0.071428571
0.242268041
0.033333333
0.08
0.163522013
0
0.059322034
0
0.231707317
0
0.02310231
0.145539906
0.095652174
0.153614458
0.093103448
0.08
0.025906736
0
0.027777778
0
0.058823529
0.027322404
0.111842105
0.041322314
0.213592233
0
0.027173913
0.107142857
0.027027027
0.151079137
0.264705882
0.063829787
0.007017544
0.095890411
0.04040404
0.077777778
0.059931507
0.055555556
0.049586777
0.116666667
0.139784946
0
0
0.155555556
0.105590062
0.406976744
0.025641026
0.049327354
0.049180328
0.068181818
0.058928571
0.129943503
0.094017094
0.120238095
0.052631579
0.055248619
0.10483871
0.138576779
0.044117647
0.065789474
0.030555556
0.252380952
0.167701863
0
0.105769231
0.045454545
0.081818182
0.037735849
0.214285714
0.130081301
0.112903226
0.161616162
0
0.079500457
0.070967742
0.136363636
0.111111111
0
0.145454545
0
0.047619048
0.138888889
0.069565217
0.065789474
0
0.024691358
0.004608295
0.037974684
0
0.169230769
0.06043956
0
0.294117647
0.140127389
0
0.074074074
0.197309417
0.033519553
0.326530612
0.084848485
0
0.045283019
0
0.069444444
0.092348285
0.111111111
0
0.156626506
0.06372549
0.083333333
0.037313433
0.068965517
0.131868132
0.113821138
0.603075644
0.102564103
0.056179775
0.041666667
0.114130435
0.106145251
0
0.097297297
0.058139535
0.076923077
0.104575163
0.228571429
0.02
0.105515588
0.053191489
0.112781955
0.019607843
0.143636364
0.041916168
0.213333333
0.005847953
0.057692308
0
0.142857143
0.015873016
0
0
0.076612903
0.144117647
0.061111111
0.055319149
0.177570093
0.074074074
0.05511811
0.023809524
0
0.024
0.360824742
0.04587156
0
0.136363636
0.185767098
0
0.018691589
0.08616188
0.140909091
0.070754717
0.077777778
0.253658537
0.049056604
0
0
0.088615783
0
0.311643836
0.048387097
0
0.120253165
0.022222222
0.091954023
0.023622047
0.082901554
0
0.063492063
0.079096045
0.197183099
0.173469388
0.151515152
0.033333333
0.014084507
0
0.087378641
0.093959732
0.111455108
0.443693694
0
0.042056075
0.144
0.041666667
0.027027027
0.153846154
0.023529412
0.042424242
0.165413534
0.052173913
0.066997519
0.291866029
0.114583333
0.026845638
0.08045977
0.089108911
0.083333333
0.115384615
0.053097345
0.235294118
0.007194245
0.2
0
0
0.053571429
0.03539823
0
0.397905759
0.01242236
0
0.431192661
0.300699301
0.187878788
0.015075377
0
0.046052632
0.045454545
0.020100503
0.06122449
0.018518519
0.04587156
0
0.216216216
0.147368421
0.069060773
0.37704918
0.122065728
0.12195122
0.422222222
0.236686391
0.091703057
0.063157895
0.169811321
0
0.014388489
0
0.09009009
0.024590164
0.040816327
0.048092869
0.039473684
0.039145907
0.088578089
0
0.168674699
0.193548387
0.025641026
0
0.02739726
0.3307393
0.099236641
0.060052219
0
0.107843137
0.1
0
0.074074074
0.054945055
0.112903226
0.09561753
0.009615385
0.042253521
0.1625
0.165137615
0.19525066
0
0.090909091
0.258064516
0.165714286
0.009615385
0
0
0.045454545
0.072992701
0.02
0.340740741
0.136363636
0.022222222
0.060747664
0.117878193
0.238709677
0.083969466
0.034188034
0.062827225
0.371014493
0.116666667
0.053030303
0.155688623
0.227941176
0.173267327
0
0.029411765
0.021276596
0.171052632
0.069892473
0.239495798
0
0.116666667
0.296875
0.084507042
0.025641026
0.032258065
0.251141553
0
0
0.135338346
0
0
0.036036036
0.121428571
0.208
0.025735294
0.1
0.024590164
0.032608696
0.122077922
0.038461538
0
0.074829932
0.116666667
0.022222222
0.00990099
0
0
0.115384615
0.027777778
0.125
0.010989011
0.045454545
0.08719346
0.188679245
0.018691589
0.113043478
0.074074074
0.046511628
0
0
0.140350877
0.141509434
0.041666667
0
0.041958042
0.206185567
0
0.224409449
0.039215686
0
0.112262522
0.042087542
0.141935484
0.032258065
0.197628458
0.027027027
0.077294686
0.113636364
0.024930748
0
0.155462185
0.153465347
0.141666667
0.01734104
0.021164021
0.327868852
0.133802817
0.169811321
0
0.181117534
0.041666667
0
0.227891156
0.903875969
0.033018868
0
0
0.012820513
0.368131868
0.068965517
0.039370079
0.107049608
0.012048193
0.194444444
0.014084507
0.010989011
0.026315789
0.027272727
0.075617284
0.359673025
0
0.013333333
0
0.146137787
0.037735849
0.14893617
0.269736842
0.055555556
0.178356713
0.236111111
0
0
0.528037383
0.0625
0.241258741
0.140939597
0.113043478
0.043165468
0.018604651
0.025641026
0.191919192
0.036666667
0.105263158
0
0.023668639
