commonlinkratio_1
0.676470588
0.50802139
0.562015504
0.4
0.5
0.745454545
0.215053763
0.71969697
0.190721649
0.469325153
0.637755102
0.64
0.595588235
0
0.547413793
0.522522523
0.068965517
0.421052632
0.586206897
0.669064748
0.515555556
0.516129032
0
0.978757515
0.552631579
0.603448276
0.488372093
0.505747126
0.541176471
0.504424779
0.356643357
0.451327434
0.421965318
0.447513812
0.583333333
0.59375
0.707317073
0.417910448
0.54822335
0.569060773
0.292307692
0.498194946
0.381818182
0.214285714
0.50591716
0.365517241
0.655737705
0.427777778
0.445255474
0.428571429
0.166666667
0.686131387
0.65625
0.522058824
0.684210526
0.552419355
0.591397849
0.103792415
0.580152672
0.476190476
0.243697479
0.166666667
0.587096774
0.566585956
0.636363636
0.638132296
0.510638298
0.771573604
0.5
0.526315789
0.58974359
0.636363636
0.252336449
0.591666667
0.336633663
0.519230769
0.786096257
0.446666667
0.658536585
0.421875
0.612244898
0.336134454
0.304347826
0.436619718
0.58490566
0.408759124
0.14084507
0.417475728
0.43772242
0.457627119
0.608247423
0.506666667
0.333333333
0.128205128
0.337931034
0.447916667
0.384615385
0.345454545
0.867684478
0.5
0.691176471
0.68
0.326086957
0.186046512
0.611111111
0.666666667
0.582677165
0.336734694
0.73553719
0.408450704
0.258064516
0.865196078
0.422222222
0.583333333
0.344444444
0.34375
0.530612245
0.20754717
0.239130435
0.141361257
0.444108761
0.680709534
0.672985782
0.176470588
0.333333333
0.594117647
0.522522523
0.686528497
0.643533123
0.582474227
0.311320755
0.401574803
0.671506352
0.4
0.346666667
0.621848739
0.637860082
0.519083969
0.675925926
0.829268293
0.640243902
0.355769231
0.037037037
0
0.65
0.533333333
0.716894977
0.222222222
0.724137931
0.545454545
0.645320197
0.510638298
0
0.2
0.658682635
0.462184874
0.2
0.392857143
0.511363636
0.42962963
0.298245614
0.709677419
0.306878307
0.689655172
0.735099338
0.427184466
0.622093023
0.508196721
0.333333333
0.647773279
0.555023923
0.297297297
0.636363636
0.67032967
0.338028169
0.61746988
0.494416873
0.669354839
0.282051282
0.382352941
0.599236641
0.644444444
0.275862069
0.553763441
0.854304636
0.422222222
0.642857143
0.375
0.494845361
0.58984375
0.53030303
0.388059701
0.336956522
0.385026738
0.288461538
0.558139535
0.262295082
0.659318637
0.550161812
0.335260116
0.793103448
0.793478261
0.226415094
0.484337349
0.235849057
0.642857143
0.603603604
0.521367521
0.524714829
0.012406948
0.371428571
0.692682927
0.428571429
0.487603306
0.316062176
0.680555556
0.518072289
0.843181818
0.240566038
0.8
0.540322581
0.459016393
0.395604396
0.803921569
0.2
0.35989011
0.653543307
0.201754386
0.050847458
0.490654206
0.761589404
0.272727273
0.282051282
0.661354582
0.343065693
0.514018692
0.055555556
0.351351351
0.476190476
0.674509804
0.114285714
0.69
0.297297297
0.597014925
0.40625
0.726256983
0.32300885
0.531791908
0.905236908
0.434285714
0.642424242
0.529411765
0
0.552529183
0
0.226190476
0.185185185
0.307692308
0.658986175
0.467592593
0.768
0.491525424
0.571428571
0.384976526
0.411552347
0.661858974
0.454545455
0.272151899
0.47008547
0.52
0.56284153
0.352
0.4
0.810344828
0.180327869
0.542105263
0.547619048
0.3546875
0.657657658
0.43877551
0.780918728
0.548951049
0.763532764
0.386440678
0.1
0.553571429
0.36
0.173913043
0.133333333
0.568181818
0.829787234
0.314814815
0.423076923
0.058823529
0.333333333
0.656565657
0.632432432
0.06
0.205479452
0.55186722
0.440207972
0.5
0.255102041
0.643939394
0.272727273
0.673828125
0.210526316
0.276315789
0.70292887
0.426229508
0.588235294
0.742937853
0.701298701
0.463917526
0.634020619
0.342465753
0.023255814
0.4
0.487804878
0.433333333
0.434456929
0.29787234
0.270718232
0.137931034
0.467105263
0
0.549763033
0.423664122
0.780487805
0.393939394
0.635782748
0.5
0.392523364
0.2
0.453703704
0.4
0.418604651
0.378378378
0.451282051
0.026315789
0.177966102
0.734615385
0.629213483
0.633802817
0.808
0.56741573
0.517361111
0.612021858
0.634615385
0.425531915
0.644808743
0.476190476
0.44973545
0.126262626
0.726618705
0.68372093
0.428571429
0.166666667
0.477419355
0.717647059
0.517985612
0.481012658
0.603211009
0.532407407
0.485915493
0.489177489
0.343195266
0.836363636
0
0.66552901
0.660098522
0.543352601
0.016421291
0
0.615740741
0.034825871
0.365853659
0.37414966
0.184615385
0.193877551
0.6015625
0.86
0.464566929
0.708860759
0.40562249
0.532258065
0.595121951
0.415584416
0.420454545
0.298387097
0.754966887
0.683544304
0
0.425
0.485714286
0.439429929
0.75
0.542635659
0.552380952
0.516129032
0.36858006
0.663043478
0.626262626
0.638157895
0.597014925
0.413793103
0.496350365
0.461538462
0.418604651
0.780346821
0.517857143
0.503875969
0.614864865
0.198384201
0
0.779527559
0.731343284
0.559139785
0.468599034
0.378787879
0
0.859327217
0.421052632
0.747474747
0.781609195
0.534883721
0.4875
0.170212766
0.518987342
0.5
0.408134642
0.446280992
0.639865997
0.487341772
0.837837838
0.417670683
0
0.421487603
0.121212121
0.45
0.436708861
0.1
0.379310345
0.687719298
0.657407407
0.464912281
0.384615385
0.478632479
0.540983607
0.584070796
0.165644172
0.307692308
0.393129771
0.405286344
0.176470588
0.553398058
0.701030928
0.3507109
0.488095238
0.25
0.303225806
0.382352941
0.698529412
0.807692308
0.642857143
0.643478261
0.530487805
0.173410405
0.12
0.691176471
0.50877193
0.333333333
0.811320755
0
0.279761905
0.808290155
0.581395349
0.206896552
0.238095238
0.792307692
0.685714286
0.063829787
0.169014085
0.564102564
0.603773585
0.634920635
0.329842932
0.508196721
0.525179856
0.419354839
0.280898876
0.6
0.522580645
0.447552448
0.703703704
0.432989691
0.4375
0.373563218
0.37037037
0.5
0.585152838
0.770731707
0.225609756
0.12195122
0.739130435
0.811827957
0.391304348
0.226950355
0.385714286
0.64940239
0.786885246
0.580327869
0.212121212
0.756097561
0.463276836
0.35
0.391666667
0.472222222
0.592592593
0.725352113
0.36
0.052173913
0.582089552
0.355595668
0.369565217
0.082191781
0.581967213
0.607142857
0.759124088
0.371841155
0.451807229
0.657534247
0.180555556
0.300531915
0.619047619
0.435
0.575
0.761658031
0.59245283
0.170731707
0.525862069
0.352941176
0.680851064
0.366459627
0.34375
0.351464435
0.629370629
0.821428571
0.691176471
0.721374046
0.258064516
0.731958763
0.098214286
0.583333333
0.380952381
0.166666667
0.676646707
0.698630137
0.453271028
0.415730337
0.398305085
0.504587156
0.450704225
0.401146132
0.166666667
0.428571429
0.710900474
0.421052632
0.785964912
0.416666667
0.213483146
0.4375
0.510416667
0.590277778
0.484210526
0.411764706
0.37254902
0
0.447368421
0.613636364
0.714285714
0.542372881
0.747697974
0.166666667
0.363636364
0.700934579
0.488095238
0.544018059
0.64874552
0.12
0.447552448
0.804400978
0.519480519
0.581632653
0.18
0.633802817
0.75498008
0.5625
0.42
0.535714286
0.62962963
0.647619048
0.652777778
0.765832106
0.591194969
0.597744361
0.590909091
0.176470588
0.506944444
0.378600823
0.570731707
0.725352113
0.394495413
0.4375
0.373831776
0.710526316
0.258064516
0.315972222
0.514285714
0.37755102
0.523076923
0.571428571
0.667481663
0.708333333
0.764011799
0.339622642
0.666666667
0.217391304
0.504761905
0.637931034
0.533333333
0.230769231
0.578034682
0.12
0.333333333
0.485981308
0.235294118
0.520618557
0.575
0.784313725
0.291428571
0.474654378
0.366972477
0.391812865
0.781818182
0.584870849
0.660674157
0.583832335
0.641509434
0.414893617
0.522875817
0.510791367
0.710091743
0.266409266
0.651515152
0.307189542
0.449567723
0.502857143
0.629834254
0.749056604
0.185185185
0.373626374
0.3
0.460431655
0.094674556
0.431372549
0.50591716
0.35443038
0.140350877
0.543307087
0.125581395
0.157894737
0.844827586
0.547008547
0.261061947
0.28
0.549107143
0.328947368
0.433333333
0.398496241
0.19047619
0.41025641
0.730769231
0.497584541
0.745861733
1
0.394736842
0.169491525
0.615942029
0
0.378787879
0.481481481
0.401785714
0.333333333
0.476190476
0.333333333
0.444444444
0.387096774
0.422535211
0.5
0.575539568
0.713333333
0.405063291
0.728194726
0.876623377
0.722727273
0.028037383
0.497816594
0.465346535
0.582089552
0.540772532
0.586956522
0.115384615
0.497461929
0.503267974
0.228915663
0.535248042
0.306818182
0.35
0.451790634
0.430769231
0.68
0.159090909
0.458823529
0.286956522
0.481675393
0.467213115
0.606060606
0.579925651
0.691056911
0.58984375
0.43452381
0.508379888
0.462633452
0.227272727
0.425855513
0.35915493
0.437735849
0.277777778
0.564039409
0.604166667
0.396825397
0.67768595
0.512605042
0.351351351
0.731343284
0.526315789
0.626436782
0.582524272
0.461165049
0.7
0.401273885
0.349056604
0.405405405
0.392857143
0.502824859
0.283950617
0.671171171
0.47826087
0.743243243
0.588235294
0.513089005
0.558685446
0.712418301
0
0.5
0.072368421
0.391752577
0.713286713
0.726666667
0.768571429
0.619565217
0.578947368
0.565371025
0.315789474
0.858064516
0.538116592
0.650943396
0.296650718
0.664
0.333333333
0.630769231
0.311827957
0.467948718
0.713483146
0.785123967
0.442379182
0
0.508196721
0.645833333
0.858719647
0.540983607
0.6625
0.427374302
0.222972973
0.569444444
0.328244275
0.451219512
0.511627907
0.48
0.276595745
0.276315789
0.639175258
0.35106383
0.801652893
0.464454976
0
0.299204771
0.12
0.277777778
0.342857143
0.593548387
0.435897436
0
0.183098592
0.131782946
0.345991561
0.13559322
0.330578512
0.55033557
0.144
0
0.448275862
0.387096774
0.442307692
0.278301887
0.35483871
0.454545455
0.777439024
0.5
0.745833333
0.610328638
0.68
0.534391534
0.52173913
0.563636364
0.357142857
0.746478873
0.755555556
0
0.615384615
0.451612903
0.512104283
0.463157895
0.676056338
0.616393443
0.584717608
0.48
0.620437956
0.555555556
0.495412844
0.543307087
0.541666667
0.58974359
0.801916933
0.284023669
0.428571429
0.413043478
0.42519685
0.186046512
0.811023622
0.166666667
0.333333333
0.152542373
0.38245614
0.1
0.268292683
0.348484848
0.458333333
0.495575221
0.823943662
0.725352113
0.655555556
0.272727273
0.647773279
0.419263456
0.166666667
0.322274882
0.71875
0.193181818
0.375
0.740740741
0.11637931
0.121621622
0.163366337
0.745341615
0.625
0.443113772
0.789473684
0.473684211
0.281690141
0.23364486
0.46
0.12
0.534965035
0.551282051
0.412844037
0.670103093
0.744954128
0.243902439
0.576576577
0.663316583
0.538461538
0.51369863
0.363636364
0.514450867
0
0.456410256
0.358974359
0.519379845
0.333333333
0.794676806
0.118421053
0.306666667
0.32
0.3828125
0.22
0.514893617
0.052631579
0.436090226
0.71886121
0.356481481
0.505464481
0.5
0.603773585
0.50867052
0.366197183
0.636942675
0.581395349
0.919191919
0.483146067
0.586387435
0.559055118
0
0.721621622
0.216981132
0.177966102
0.618181818
0.395209581
0.76820208
0.106227106
0.274725275
0.507692308
0.524229075
0.525846702
0.666666667
0.548780488
0
0.488372093
0
0.495049505
0.714285714
0.822485207
0.583815029
0.295121951
0.684684685
0.412698413
0.554140127
0.602040816
0.694444444
0.695121951
0.288888889
0
0.338181818
0.06122449
0.528169014
0.282051282
0.366666667
0
0.526970954
0.829457364
0.8
0.653658537
0.6
0.566137566
0.378640777
0.598958333
0.536
0.413265306
0.469798658
0.172413793
0.558441558
0.380952381
0.363636364
0.509803922
0.396825397
0.338461538
0.824561404
0.459770115
0.452941176
0.572093023
0.459677419
0.268292683
0.76119403
0.539473684
0.46835443
0.467336683
0.5
0.684210526
0.564202335
0.346774194
0.417475728
0.598915989
0.125
0.52238806
0.6
0.486111111
0.125
0.43373494
0.429752066
0.32
0.520325203
0.47107438
0.435185185
0.451807229
0.776785714
0.523076923
0.233333333
0.459459459
0.52
0.484848485
0.601503759
0.673796791
0.613953488
0.926829268
0.5
0.538922156
0.494736842
0.791044776
0.841880342
0.734177215
0.103030303
0.746812386
0.354632588
0.452020202
0.173913043
0.446564885
0.25
0.491525424
0.302631579
0.477272727
0.518181818
0.327683616
0.310344828
0.683333333
0.365853659
0.478991597
0.566552901
0.333333333
0.401408451
0.603773585
0
0.575757576
0.553571429
0.496402878
0.483606557
0.111111111
0.771428571
0.718309859
0.7
0.446601942
0.80565371
0.289099526
0.525423729
0.318965517
0.321715818
0.608695652
0.302040816
0.404081633
0.561320755
0.396039604
0.097014925
0.45625
0.591549296
0.392572944
0.62962963
0.714285714
0.39047619
0.609375
0.571428571
0.417266187
0.414414414
0.205128205
0.661016949
0.406779661
0.554216867
0.298245614
0.369127517
0.571428571
0.644314869
0.371014493
0.63800905
0
0.732110092
0.475524476
0.391509434
0.71969697
0.555555556
0.351648352
0.705357143
0.688995215
0.980769231
0.592417062
0.066666667
0.656976744
0.407407407
0.465648855
0.444099379
0.682608696
0.052631579
0.662650602
0.84063745
0.633204633
0.318181818
0.292207792
0.529411765
0.388535032
0.438235294
0.660714286
0.796116505
0.70625
0.505263158
0.73880597
0.114285714
0.572463768
0.6
0.59375
0.600806452
0.466666667
0.472049689
0.116666667
0.426086957
0.45
0.558441558
0.1015625
0.680672269
0.465277778
0.253012048
0.287179487
0.364341085
0.534883721
0.46728972
0.437735849
0.452229299
0.555555556
0.50591716
0.3125
0.62295082
0.433333333
0.602870813
0.391304348
0.421641791
0.75
0.6
0.436111111
0.591928251
0.235294118
0.487012987
0.384615385
0.534482759
0.352769679
0.625806452
0.577075099
0.627272727
0.302521008
0.420612813
0.488888889
0.483870968
0.711864407
0.777777778
0.425837321
0.331325301
0.706349206
0.367088608
0.363636364
0.786057692
0.62601626
0.518518519
0.487179487
0.052083333
0.483146067
0.325203252
0.70212766
0.656862745
0.52739726
0.211678832
0.108108108
0.49132948
0.719298246
0.806451613
0.444751381
0.547445255
0.148148148
0.068965517
0.652892562
0.530516432
0.481481481
0.487980769
0.315436242
0.111553785
0.407407407
0.687898089
0.713846154
0.704477612
0
0.324675325
0.438247012
0.644230769
0.362745098
0.625
0.552631579
0.666666667
0.296052632
0.384615385
0.88372093
0.671361502
0.640625
0.386666667
0.345454545
0.47804878
0.633928571
0.560728745
0.397590361
0.79338843
0.4
0.212121212
0.75
0.591715976
0
0.580204778
0.481751825
0.207373272
0.493055556
0.12
0.428571429
0.716636197
0.623655914
0.570707071
0.47972973
0.296296296
0.456521739
0.622009569
0.155555556
0.824884793
0.063636364
0.607594937
0.41025641
0.533333333
0.404958678
0.549132948
0.522988506
0.289855072
0.770448549
0.567307692
0.519480519
0.478991597
0.574380165
0.508474576
0.145454545
0.466666667
0.568627451
0.409638554
0.529411765
0.222222222
0.240566038
0.467625899
0.402985075
0.411764706
0.470404984
0.563380282
0.684210526
0.4
0.213414634
0.254385965
0.558823529
0.505813953
0.609108159
0.258064516
0.725352113
0.279835391
0.477941176
0.397222222
0.256637168
0.750623441
0.553231939
0.582375479
0.368421053
0.736
0.621993127
0.514851485
0.5
0.5
0.317073171
0.572413793
0.545454545
0.563218391
0.524822695
0.552631579
0.333333333
0.601010101
0.466666667
0.397727273
0.524271845
0.942111237
0.702702703
0.886597938
0.576576577
0.667525773
0.568965517
0.125
0.746268657
0.142857143
0.617100372
0.485074627
0.611111111
0.377622378
0.678832117
0.413533835
0.366071429
0.87804878
0.4625
0.323076923
0.355191257
0.358208955
0.193548387
0.610619469
0.492063492
0
0.371727749
0.732876712
0.611570248
0.72327044
0.267241379
0.272222222
0.248554913
0.351351351
0.540084388
0.342857143
0.203389831
0.464285714
0.551724138
0.135802469
0.580152672
0
0.75483871
0.648044693
0.344827586
0.408759124
0.475806452
0.702898551
0.254545455
0.358422939
0.345794393
0.527777778
0.931726908
0.592105263
0.596707819
0.4375
0.411764706
0.43902439
0.584415584
0.381578947
0.220338983
0.422096317
0.274725275
0.333333333
0.415019763
0.461538462
0.464454976
0.3099631
0.497854077
0.52
0.588235294
0.297297297
0.414383562
0.590909091
0.52
0.368243243
0.531400966
0.616915423
0.484662577
0.46031746
0.27184466
0.654411765
0.71679198
0.359832636
0.214285714
0.594827586
0.540145985
0.37037037
0.429906542
0.478571429
0.572463768
0.497737557
0.233502538
0.878151261
0.306930693
0.837445573
0.368421053
0.622119816
0.426923077
0.35
0.634831461
0.204081633
0.799410029
0.705882353
0.365957447
0.660377358
0.470149254
0.702453988
0
0.222222222
0.551886792
0.786096257
0.6
0.398773006
0.729885057
0.452736318
0.976007678
0.678074866
0.5
0.515837104
0.409961686
0.284946237
0.548387097
0.360902256
0.522522523
0.699275362
0.484210526
0.195121951
0.152027027
0.724299065
0.15
0.64893617
0.355263158
0.413793103
0.941295547
0.671875
0.407960199
0.542857143
0.517730496
0.346491228
0.476190476
0.670588235
0.573394495
0.602678571
0.692307692
0.868217054
0.323420074
0.67965368
0.433701657
0.142857143
0.757180157
0.527607362
0.452631579
0.552325581
0.4
0.483606557
0.503731343
0.191176471
0.296296296
0.451327434
0.76702509
0.78125
0.435897436
0.511111111
0.1625
0.496124031
0.358695652
0.131578947
0.615384615
0.6875
0.365517241
0.45
0.2
0.293103448
0.669230769
0.134146341
0.590277778
0.571428571
0.293103448
0.588888889
0.428571429
0.505747126
0.508196721
0.237113402
0.272727273
0.72
0.537037037
0.272727273
0.660493827
0.87012987
0.25
0.253456221
0.621468927
0.214953271
0.824
0.466666667
0.449152542
0.555555556
0.777777778
0.469565217
0.753968254
0
0.381818182
0.333333333
0.1625
0.162650602
0.512690355
0.513661202
0.475409836
0.553333333
0.187214612
0.524390244
0.445255474
0.672727273
0.307692308
0.48630137
0.634660422
0.508928571
0.68
0.266666667
0.753521127
0.097560976
0.103448276
0.435483871
0.315789474
0.428571429
0.637426901
0.325
0
0.46875
0
0.635738832
0.694779116
0.289719626
0.32
0.368888889
0.686567164
0.436708861
0.781376518
0.455555556
0.518518519
0.448051948
0.331932773
0.68503937
0.669421488
0.183486239
0.564189189
0.779911374
0.262411348
0.503225806
0.3125
0.646464646
0.309677419
0.37704918
0.439114391
0.536231884
0
0.71969697
0.340909091
0.75
0.793939394
0.457364341
0.552845528
0.95323741
0.41958042
0.3
0.740963855
0.640091116
0.125
0.652173913
0.615044248
0.444444444
0.610441767
0.075342466
0.699507389
0.268774704
0.111111111
0.367816092
0.451612903
0.561643836
0.183908046
0.58436214
0.2
0.492753623
0.632508834
0.805555556
0.314285714
0.414168937
0.142857143
0.447098976
0.147727273
0.343915344
0.824675325
0.545454545
0.46105919
0.477040816
0.385892116
0.433021807
0.439490446
0.651741294
0.350877193
0.314814815
0.605405405
0.380566802
0.272727273
0.398058252
0.484848485
0.532786885
0.568376068
0.414285714
0.8
0.020997375
0.197674419
0.669565217
0.75
0.575757576
0.725352113
0.201680672
0.704288939
0.991452991
0.522633745
0.673076923
0.291262136
0.466165414
0.236111111
0.529411765
0.345238095
0.64
0.717105263
0.456621005
0.387096774
0.173076923
0.875
0
0.434599156
0.484848485
0.493934142
0.710144928
0.615384615
0.652542373
0.796875
0.598639456
0.637583893
0
0.193133047
0.589147287
0.45
0.663636364
0.230769231
0.743902439
0.486842105
0.768595041
0.220858896
0.425824176
0.626213592
0.50617284
0.203703704
0.56
0
0.401685393
0.463709677
0.230769231
0.36056338
0.442176871
0.476510067
0.711111111
0.311403509
0.675810474
0.244897959
0.62295082
0.566666667
0.291666667
0.274647887
0.153846154
0.673469388
0.319444444
0.407407407
0.576923077
0
0.794871795
0.472222222
0.357142857
0.629343629
0.617647059
0.467532468
0
0.614942529
0.5
0.4
0.669902913
0.736842105
0.733826248
0.269230769
0.625806452
0.283333333
0.643122677
0.453608247
0.401574803
0.624413146
0.415
0.172413793
0.46031746
0.506944444
0.495412844
0.603636364
0.655021834
0.421787709
0.098901099
0.399122807
0.675603217
0.445475638
0.295081967
0.47311828
0.246376812
0.31
0.459459459
0.414141414
0.425742574
0.142857143
0.297297297
0.727272727
0.331210191
0.613636364
0.22972973
0.6692607
0.5
0.735294118
0.272727273
0.412322275
0.413043478
0.628571429
0.296969697
0.393939394
0.643939394
0.226804124
0.440613027
0.120930233
0.393442623
0.47804878
0.558282209
0.624413146
0.616666667
0
0.111111111
0.285714286
0.777777778
0.34375
0.592592593
0.808333333
0.297297297
0.333333333
0.357967667
0.261306533
0.493150685
0.168044077
0.252427184
0.288888889
0.625
0.361111111
0.1
0.523316062
0.628571429
0.456790123
0.611111111
0.509433962
0.486486486
0.776566757
0.725321888
0.777777778
0.204545455
0.740740741
0.4
0.590909091
0.47706422
0.380487805
0.883211679
0.182795699
0.5
0.726708075
0.441860465
0.506410256
0.751295337
0
0.786407767
0.355844156
0.440433213
0.503401361
0.393442623
0.414473684
0.630173565
0.45229682
0.131221719
0.229885057
0.50591716
0.292834891
0.291925466
0.222222222
0
0.568075117
0.388888889
0.711267606
0
0.637614679
0.410672854
0.642857143
0.423791822
0.513368984
0.596311475
0.5
0.534653465
0.043478261
0.614545455
0.489655172
0.453271028
0.492647059
0.73
0.372881356
0.397590361
0.322033898
0.644039735
0
0.546511628
0.558823529
0
0.319444444
0.330275229
0.625
0.728723404
0.583333333
0.369047619
0.557522124
0.730769231
0.177419355
0.46031746
0.513513514
0.333333333
0.746268657
0.491935484
0.445783133
0.510948905
0.634259259
0.666666667
0.4
0.475324675
0.285714286
0.234042553
0.543103448
0.446969697
0.713333333
0.376470588
0.568807339
0.504424779
0.567567568
0.638297872
0.139204545
0.701754386
0.375
0.171641791
0.604395604
0.444444444
0.076923077
0.315217391
0.421787709
0.642458101
0.230769231
0.022222222
0.320512821
0.090909091
0.4
0.474452555
0.669642857
0.4
0.234042553
0.633136095
0.830265849
0.563218391
0
0.416666667
0.213740458
0.56557377
0.694280079
0.345070423
0.47761194
0.116504854
0.368421053
0.047619048
0.585623679
0.236842105
0.432960894
0.516853933
0.674208145
0.381818182
0.637614679
0.275590551
0
0.12195122
0.117647059
0.513513514
0.725490196
0.796747967
0.445916115
0.76969697
0.512195122
0.444444444
0.381756757
0.297297297
0.380952381
0.413793103
0.420289855
0
0.57591623
0.79338843
0.222222222
0.662100457
0.5625
0.50877193
0.263157895
0.473684211
0.173076923
0.74904943
0.423236515
0.762081784
0.553459119
0.857142857
0.376344086
0.790322581
0.2
0.543589744
0.365313653
0.139423077
0.105263158
0.496503497
0.636871508
0.368421053
0.504587156
0.411458333
0.368421053
0.559183673
0.623481781
0.646341463
0.572727273
0.660098522
0.732673267
0.367924528
0.514705882
0.565217391
0.150684932
0.41875
0.379844961
0.400516796
0.095238095
0.465277778
0.434210526
0.52284264
0.414201183
0.629834254
0.411483254
0.343137255
0.62244898
0.628865979
0.52991453
0.597122302
0.488636364
0.444134078
0.074074074
0.678571429
0.243478261
0.308641975
0.076923077
0.2
0.571428571
0.648325359
0.454545455
0.49235474
0.909090909
0.788927336
0.681467181
0.348837209
1
0.650822669
0.751269036
0.787610619
0.764705882
0.244186047
0.125827815
0.565217391
0.443661972
0.679347826
0.244660194
0.62745098
0.514563107
0.301369863
0.709251101
0.711111111
0.420711974
0.095238095
0.622710623
0.681528662
0.31884058
0.448051948
0.451724138
0.617910448
0.539325843
0.103942652
0.675675676
0.892086331
0.666666667
0.402173913
0.449685535
0.514367816
0.465703971
0.557823129
0.583941606
0.722641509
0.530434783
0
0.4625
0.342465753
0.345238095
0.891129032
0.18487395
0.48
0.492957746
0.801369863
0.568181818
0.166666667
0.5859375
0.609665428
0
0.5
0.483870968
0.641025641
0
0.764204545
0.375
0.477443609
0.739449541
0.720657277
0.514084507
0.752212389
0.767705382
0.666666667
0.462686567
0.506578947
0
0.32
0.216890595
0.764872521
0.712707182
0.419213974
0.704819277
0.545454545
0.564102564
0.465116279
0.542635659
0.621276596
0.43220339
0.487179487
0.502369668
0.635087719
0.226190476
0.8046875
0.711267606
0
0.214285714
0.583756345
0.479166667
0.269565217
0.25
0.490909091
0.467857143
0.459821429
0.464516129
0.673913043
0.568965517
0.492537313
0.78470255
0.782178218
0.415730337
0.363636364
0.144144144
0.389802632
0.303030303
0.25
0.15
0.951871658
0.285714286
0.449275362
0.263736264
0.216080402
0.372093023
0.537190083
0.436619718
0.28
0.552380952
0.566292135
0.754098361
0.760869565
0.628712871
0.607028754
0.511111111
0.57096248
0.481481481
0.291262136
0.553072626
0.528985507
0.331081081
0.352201258
0.636942675
0.503067485
0.751219512
0.495726496
0.596707819
0.686956522
0.261986301
0.432835821
0.2
0.574162679
0.440972222
0.759936407
0.544554455
0.362204724
0.659574468
0.336206897
0.223684211
0.196428571
0.527503526
0.666666667
0.672727273
0.495495495
0.512295082
0.244444444
0.8
0.377358491
0.736111111
0.547738693
0.50591716
0.225
0.423076923
0.223076923
0.587939698
0.294117647
0.614035088
0.184782609
0.584
0.565217391
0.517241379
0.768211921
0.566473988
0.032258065
0.459893048
0.539007092
0.43697479
0.468085106
0.754310345
0.520971302
0.477477477
0.548387097
0.4
0.282051282
0.333333333
0.307692308
0.304347826
0.557103064
0.303571429
0.480701754
0.81383855
0.121212121
0.703703704
0.718918919
0.552941176
0.333333333
0.366197183
0.711198428
0.490196078
0.386861314
0.8
0.469387755
0.125
0.303030303
0.569060773
0.726
0.432098765
0.333333333
0.05
0.757929883
0.713261649
0.595348837
0.316666667
0.56684492
0.790322581
0.618421053
0.406862745
0.588235294
0.503267974
0.398373984
0.606557377
0.058823529
0.537190083
0.552941176
0.539325843
0.627737226
0.674796748
0.18627451
0.662790698
0
0
0.664804469
0.821782178
0.329113924
0.44
0.25625
0.620967742
0.5
0.4375
0.472906404
0.414634146
0.457249071
0.713333333
0.38317757
0.343434343
0.463276836
0.512195122
0.951807229
0.1875
0.693877551
0.788
0.527272727
0.660130719
0.563380282
0
0.226190476
0.457446809
0.361702128
0.251798561
0.083333333
0.313253012
0.231707317
0.071428571
0.291666667
0.808652246
0.467741935
0.596590909
0.092307692
0.77377892
0.247058824
0.695652174
0.266990291
0.656565657
0.5
0.2
0.032407407
0.060606061
0.115384615
0.136842105
0.454545455
0.347826087
0.310344828
0.841666667
0.507109005
0.36
0.552380952
0.621621622
0.454545455
0.239130435
0.517766497
0.776699029
0.235294118
0.396396396
0.811550152
0.565217391
0.173076923
0.712121212
0.496732026
0.853658537
0.585365854
0.448529412
0.617283951
0.700934579
0.426553672
0.55
0.37254902
0.76875
0.622222222
0.352941176
0.404255319
0
0.390710383
0.272727273
0.515418502
0.432098765
0.375
0.535472973
0.776397516
0.552941176
0.485436893
0.566298343
0.254950495
0.018181818
0.4375
0.21686747
0.4
0.20212766
0
0.618811881
0.654411765
0.754385965
0.594594595
0.284745763
0.469298246
0.051282051
0.65
0.408450704
0.380597015
0.602272727
0.481081081
0.047202797
0.419047619
0.639751553
0.540145985
0.146529563
0.607142857
0.676855895
0.74
0.466666667
0.61237785
0.333333333
0.539325843
0
0.554421769
0.661157025
0.711267606
0.641025641
0.678132678
0.269230769
0.649122807
0.607003891
0.366666667
0.660493827
0.575757576
0.667802385
0.522292994
0.62962963
0.412844037
0.456140351
0.358974359
0.369942197
0.650717703
0.503067485
0.43
0.415929204
0.181818182
0.388888889
0.614008942
0.770491803
0.761413844
0.64516129
0.648044693
0.228571429
0.541401274
0.628787879
0.209302326
0.707021792
0.433333333
0.442622951
0.569230769
0.38961039
0.808695652
0.342857143
0.617886179
0.52866242
0.520467836
0.460526316
0.758064516
0.615384615
0.181818182
0.6875
0.179775281
0.68627451
0.582901554
0.2
0.64957265
0.306818182
0.171875
0.471544715
0.62195122
0.511827957
0.245614035
0.386266094
0.426923077
0
0.563636364
0.781333333
0.347639485
0.14893617
0.483957219
0.1875
0.230769231
0.732394366
0.305210918
0.439490446
0.298245614
0.507042254
0.522727273
0.65
0.449367089
0.442424242
0.457943925
0.451612903
0.640186916
0.548387097
0.809917355
0.397435897
0.578947368
0.43907563
0
0.252747253
0.764705882
0.536398467
0.318518519
0.038961039
0.402061856
0.705882353
0.333333333
0.391304348
0.465811966
0.43125
0.136363636
0.230769231
0.308641975
0.13253012
0.700680272
0.503631961
0.204819277
0.486486486
0.36416185
0.378571429
0.538461538
0.628865979
0.446601942
0.3
0.35483871
0.288537549
0.574712644
0.142857143
0.518987342
0.616504854
0.235294118
0.2
0.408450704
0.78125
0.282051282
0.558974359
0.359375
0.333333333
0.403433476
0.430232558
0.464788732
0.367491166
0.431192661
0.35483871
0
0.509615385
0.292035398
0.553571429
0.526570048
0.734299517
0.516
0.548387097
0.583710407
0.766423358
0.017241379
0.672619048
0.458333333
0.493877551
0.425287356
0.355555556
0.2
0.939130435
0.513089005
0.172131148
0.352941176
0.687782805
0.053475936
0.569444444
0.2
0.547770701
0.785123967
0.456790123
0.406432749
0.614130435
0.25
0.535714286
0.392307692
0.366666667
0.330188679
0.781512605
0.73943662
0.583333333
0
0.575757576
0.666666667
0.535714286
0.369230769
0.74
0.824847251
0.510309278
0.662337662
0.491803279
0.402266289
0.462585034
0.686131387
0.668711656
0.567164179
0.186046512
0.691292876
0.384976526
0.527777778
0.153846154
0.308823529
0.852941176
0.456790123
0.469879518
0.763636364
0.551470588
0.384615385
0.221238938
0.338028169
0
0.380782918
0.593984962
0.644067797
0.367521368
0.4625
0.316666667
0.410714286
0.322580645
0.71969697
0.352941176
0.423423423
0.08
0.504464286
0.454545455
0.380952381
0.621359223
0.651006711
0.233766234
0.375
0.546961326
0.574074074
0.555555556
0.181818182
0.54368932
0.348484848
0.562091503
0.5
0
0.5
0.630769231
0.136363636
0.55982906
0.680851064
0.048780488
0.391509434
0.438914027
0.564516129
0.212121212
0.625
0.782258065
0.535087719
0.25
0.57
0.494736842
0.333333333
0.830721003
0.775193798
0.440414508
0.472727273
0.379182156
0.480122324
0.114285714
0.456140351
0.218181818
0.472906404
0.56
0.675977654
0.398058252
0.38028169
0.457142857
0.685082873
0.577319588
0.407894737
0.486486486
0.540540541
0.621621622
0.235294118
0.368421053
0.133333333
0.474226804
0
0.579166667
0.223529412
0.383838384
0.487179487
0.738035264
0.463768116
0.519379845
0.45
0.593220339
0.303921569
0.411764706
0.8
0.455284553
0.265625
0.672727273
0.745762712
0.595238095
0.459016393
0.414141414
0
0.086956522
0.774193548
0.452554745
0.619402985
0.53968254
0.408759124
0.504854369
0.371428571
0.587719298
0.297297297
0.413461538
0.304347826
0
0.515306122
0.378472222
0.181818182
0.732365145
0.675324675
0.525974026
0.611111111
0.473684211
0.687793427
0.445820433
0.641148325
0.375
0.419354839
0.503703704
0.647773279
0.74
0.475308642
0.538265306
0.083916084
0.569892473
0.887931034
0.594405594
0.351351351
0.71656051
0.519607843
0.426356589
0.403314917
0
0.426751592
0.217391304
0.68597561
0.421052632
0.51572327
0.25
0.577868852
0.2
0.596685083
0.594405594
0.584337349
0.415966387
0.237288136
0.44973545
0.456747405
0.544871795
0.727272727
0.598684211
0.349206349
0.547619048
0.623076923
0.121546961
0.048611111
0.47107438
0.69210174
0.872122762
0.25
0.602409639
0.49122807
0.12
0.482014388
0.758389262
0.408
0.309090909
0.400749064
0.604651163
0.309090909
0.318965517
0.368932039
0.691449814
0
0.409090909
0.35915493
0.814109742
0.6875
0.598591549
0.702531646
0
0.428571429
0.471153846
0.602209945
0.634730539
0.444444444
0.051282051
0.468531469
0.278688525
0.535353535
0.303030303
0.179487179
0.311688312
0.133333333
0.436090226
0.481481481
0.558758315
0.602040816
0.63253012
0.236024845
0.34375
0.402061856
0.494949495
0.47260274
0.195121951
0.611842105
0.151162791
0.655844156
0.524590164
0.3203125
0.760080645
0.344370861
0.23943662
0.787974684
0.690677966
0.122807018
0.783333333
0.463768116
0.37917088
0.980769231
0.761306533
0.551020408
0.511210762
0.685344828
0.230337079
0.656826568
0
0.339622642
0.459119497
0.56097561
0.2875
0.5625
0.658163265
0.47265625
0.524038462
0.59047619
0.271604938
0.405529954
0.614285714
0.586206897
0.358974359
0.094117647
0.563636364
0.631147541
0.723404255
0.4
0.770833333
0.663414634
0.517985612
0.525316456
0.356521739
0.186746988
0
0.72
0.578431373
0.231707317
0.278911565
0.174757282
0.333333333
0
0.608695652
0.614173228
0.285714286
0.508196721
0.45325779
0.612403101
0.40625
0.654343808
0.36440678
0.724576271
0.605263158
0.782258065
0.230769231
0.621212121
0.5546875
0.677419355
0.23943662
0.504950495
0.578947368
0.55
0.73880597
0.755813953
0.75
0.72972973
0.529411765
0.285714286
0.480769231
0.42745098
0.436781609
0.565217391
0.765230312
0.772093023
0.385365854
0.334669339
0.254545455
0.388101983
0.597765363
0.467213115
0.303030303
0.533333333
0.624365482
0.235294118
0.35483871
0.528571429
0.567567568
0.409836066
0.193181818
0.560606061
0.524163569
0.923076923
0.669047619
0.353413655
0.717391304
0.354651163
0.664596273
0.55
0.670520231
0.710116732
0.731800766
0.554924242
0.863765374
0.368421053
0.537974684
0.825342466
0.086956522
0.64
0.569230769
0.293706294
0.666666667
0.520737327
0.482758621
0.555555556
0.744680851
0.537037037
0.535714286
0.282051282
0.711382114
0.706632653
0.79028133
0.495049505
0.512077295
0.220183486
0.81300813
0.379310345
0.719077568
0.63253012
0.658682635
0.5
0.394736842
0.714285714
0.331896552
0.365853659
0.268929504
0.477011494
0.628099174
0.79338843
0.718954248
0.592
0.184615385
0.659695817
0.323308271
0.55
0.79558011
0.282051282
0.738963532
0.220183486
0.3625
0.186046512
0.87254902
0.924444444
0.228571429
0.370892019
0.657142857
0.523489933
0.272727273
0.444444444
0.59375
0.8
0.771428571
0.54676259
0.317073171
0.674157303
0.133333333
0.363636364
0.488721805
0.173913043
0.822580645
0
0.75483871
0.747235387
0.166666667
0.090909091
0.166666667
0.653594771
0.72027972
0.666666667
0.255813953
0.666666667
0.353448276
0.424657534
0.144578313
0.425742574
0.611764706
0.44516129
0.012360939
0.80195599
0.297297297
0.357142857
0.325
0.580487805
0.772727273
0.495327103
0.285714286
0.428571429
0.512658228
0.13559322
0.443037975
0.655172414
0.26618705
0.427807487
0.650887574
0.517857143
0.280936455
0.578947368
0.428571429
0.388888889
0.610244989
0.714285714
0.64573991
0.476595745
0.518518519
0.781609195
0.327868852
0.35
0.203703704
0.513888889
0.732394366
0.388625592
0.2
0.488888889
0.317204301
0.444444444
0.654822335
0.144927536
0.632
0.507042254
0.51754386
0.487603306
0.534136546
0.150684932
0.693069307
0
0.472222222
0
0.426056338
0.568281938
0.366906475
0.48
0.476635514
0.548117155
0.757255937
0.570512821
0.474358974
0.574468085
0.674418605
0.613924051
0.170886076
0.521276596
0.260273973
0.50802139
0.546099291
0.798387097
0.615969582
0.497206704
0.409836066
0.4375
0.629310345
0.398373984
0.808370044
0.619047619
0.35
0.489247312
0.55952381
0.808988764
0.581005587
0.324786325
0.588921283
0.375
0.594142259
0.410714286
0.728813559
0.576923077
0.797945205
0.297297297
0.297297297
0.430107527
0.465838509
0.398550725
0.762626263
0.736585366
0.515625
0.467213115
0.396135266
0.506944444
0.109090909
0.400862069
0.47311828
0.5
0.476744186
0.55984556
0.435483871
0.485148515
0.263157895
0.641304348
0.352201258
0.686567164
0.390745501
0.75
0.524509804
0.645320197
0.717557252
0.458598726
0.877647059
0.664310954
0.674074074
0.780045351
0.776595745
0.416666667
0.297297297
0.145454545
0.41322314
0.737089202
0.074074074
0.396313364
0.785714286
0.475903614
0.225
0.20754717
0.508333333
0.111888112
0.551724138
0.453703704
0.537931034
0.336538462
0.798387097
0.857142857
0.306666667
0.534798535
0.833333333
0
0.711267606
0.926343729
0.487804878
0.624137931
0.12
0.135678392
0.533799534
0.397435897
0.669117647
0.746341463
0.403693931
0.258064516
0.624
0.404651163
0.590361446
0.510638298
0.577464789
0.311258278
0.469387755
0.315789474
0.545454545
0.523809524
0.036363636
0
0.608695652
0.494252874
0.463414634
0.4
0.573033708
0.694117647
0.3
0.363636364
0.196721311
0.62962963
0.384615385
0.539170507
0.342857143
0.430769231
0.46884273
0.504201681
0.571428571
0.449339207
0.57622739
0.434782609
0.62992126
0.585263158
0.725352113
0.333333333
0.352941176
0.664473684
0.785822021
0.620253165
0.638655462
0.537974684
0
0.075
0.604294479
0.6
0.658536585
0.450777202
0.252631579
0.558974359
0.329787234
0.321212121
0.510791367
0.357798165
0.35257732
0.188405797
0.365957447
0.654228856
0.566878981
0
0.12195122
0.181818182
0.462809917
0
0.759090909
0.628070175
0.532994924
0.297297297
0.414893617
0.568627451
0.517241379
0.804878049
0.756906077
0.329365079
0.242424242
0.635135135
0.584615385
0.469565217
0.205479452
0.617647059
0.215
0.460869565
0.71563981
0.77184466
0.38961039
0.747945205
0.368932039
0.474137931
0.808333333
0.548117155
0.422222222
0.598591549
0.562962963
0.820512821
0.095238095
0.333333333
0.198019802
0.50591716
0.639846743
0.539130435
0.645061728
0.230769231
0.29020979
0.292490119
0.75862069
0.271428571
0.44516129
0.404958678
0.384892086
0.594736842
0.777950311
0.31092437
0.24
0.622641509
0.309278351
0.08411215
0.708045977
0.700934579
0.787234043
0.797945205
0.506493506
0.369047619
0.612068966
0.12244898
0.221311475
0.563909774
0.821138211
0.488188976
0.791666667
0.784768212
0.61928934
0.605263158
0.268292683
0.73964497
0.74522293
0.461538462
0.780487805
0.099056604
0.411924119
0.290697674
0.5
0.422535211
0.325842697
0.858323495
0.706293706
0.429775281
0.315789474
0.506666667
0.269230769
0.599099099
0.793103448
0.288372093
0.427184466
0.423664122
0.684210526
0.423611111
0
0.285714286
0.778125
0.620853081
0.277777778
0.466666667
0.685714286
0.814569536
0.292134831
0.666666667
0.574545455
0.264150943
0.406779661
0.509259259
0.462585034
0.37
0.489795918
0.634615385
0.728813559
0.493670886
0.326315789
0.5
0.631578947
0.716216216
0.412371134
0.164179104
0.4296875
0.46969697
0.463087248
0
0.314102564
0.745454545
0.337662338
0.727272727
0.337662338
0.692307692
0.373737374
0.579572447
0.510067114
0.656
0.451851852
0.504761905
0.419354839
0.464
0.769230769
0.494565217
0.158536585
0.535353535
0.255813953
0.183333333
0.230769231
0.727564103
0.604316547
0.661538462
0.251968504
0.652173913
0.726872247
0.516556291
0.488888889
0.541284404
0.544041451
0.435897436
0.492063492
0.684647303
0.341107872
0.423580786
0.297297297
0.25136612
0.610062893
0.222222222
0.770149254
0.85745614
0.709962169
0.46728972
0.4609375
0.506578947
0.621827411
0.456140351
0.812807882
0.666666667
0.682242991
0.41
0.360655738
0.402061856
0.352517986
0.460240964
0.514195584
0.5
0.782369146
0.459459459
0.202380952
0.580357143
0.415384615
0.63671875
0.314814815
0.375
0.727272727
0.628205128
0.376623377
0.404411765
0.725352113
0.637037037
0.62962963
0.4
0.5
0.039215686
0
0.35978836
0.149122807
0.215384615
0.389423077
0.669172932
0.258823529
0.803230543
0.584337349
0
0.680272109
0.363636364
0.436754177
0.382716049
0
0.511494253
0.460784314
0.67027027
0.696428571
0.489583333
0.333333333
0.215053763
0.229166667
0.377952756
0.3
0.743055556
0.131513648
0.528985507
0.151898734
0.382022472
0.22
0.559090909
0.242718447
0.719202899
0.7109375
0.454713494
0.682819383
0.365853659
0.291139241
0.746594005
0.653225806
0.310344828
0.621052632
0.474074074
0.495798319
0.471428571
0.658914729
0.086956522
0.864634146
0.297297297
0.219512195
0.352
0.490909091
0.462450593
0.746478873
0.488636364
0.772108844
0.589595376
0.568134172
0.523316062
0.766381766
0.166666667
0.358974359
0.4453125
0.524691358
0.683544304
0.793193717
0.810176125
0.729166667
0.602564103
0.36013986
0.42578125
0.980392157
0.612021858
0.718309859
0.455782313
0.612456747
0.792
0.288461538
0.683908046
0.291970803
0.572222222
0.12
0.967741935
0.553299492
0.410447761
0.59375
0.594339623
0.176470588
0.75
0.480769231
0.216463415
0.25
0.705980066
0.586466165
0.711764706
0.516666667
0.090909091
0.552845528
0.570909091
0.3
0.431192661
0.661458333
0.533333333
0.398058252
0.703601108
0.423076923
0.607669617
0.589108911
0.585714286
0.204545455
0.728237792
0.342592593
0.590452261
0.735159817
0.615740741
0.519685039
0.586666667
0.444444444
0.620512821
0.135802469
0.420289855
0.583333333
0.145833333
0.864705882
0.428571429
0.35883905
0.424242424
0.282051282
0.689393939
0.595041322
0.618421053
0.632311978
0.534246575
0.465608466
0.386666667
0.365853659
0.396694215
0.763532764
0.606557377
0.511811024
0.61746988
0.449339207
0.648648649
0.666666667
0
0.771929825
0.697368421
0.568627451
0.709302326
0.433628319
0.447368421
0.537313433
0.717948718
0.5
0.4375
0.048780488
0.483333333
0.743455497
0.65
0.8671875
0.761904762
0.598130841
0.263157895
0.392857143
0.389162562
0.32038835
0.547945205
0.556291391
0.683453237
0.714285714
0.391089109
0.108695652
0.761764706
0.570247934
0.043636364
0.643678161
0.75
0.602339181
0.645348837
0.69047619
0.758364312
0.459016393
0.643636364
0.322957198
0.488549618
0.341836735
0.303983229
0.315789474
0.220183486
0.47826087
0.637168142
0
0.286821705
0.421686747
0.8
0.227848101
0.392405063
0.491803279
0.72826087
0.408333333
0.530712531
0.150442478
0.700544465
0.199519231
0.531791908
0.419191919
0.146341463
0.231974922
0.676056338
0.670124481
0.358695652
0.527173913
0.20083682
0.465608466
0.550387597
0.78030303
0.318681319
0.544973545
0.67
0.431734317
0.150943396
0.568421053
0.283803863
0.532751092
0.529411765
0.317073171
0.384615385
0.707142857
0.508532423
0.2
0.138888889
0.176470588
0.798387097
0.122807018
0.426966292
0.385542169
0.263157895
0.569767442
0.159090909
0.170212766
0.317567568
0.303482587
0.111111111
0.59375
0.131147541
0.489795918
0.333333333
0.732394366
0.581395349
0.364864865
0.326923077
0.095744681
0.760416667
0.509259259
0.520599251
0.428571429
0.629787234
0
0.625899281
0.358156028
0.375
0.758754864
0.163043478
0
0.492346939
0.29
0.581589958
0.173913043
0.789473684
0.407103825
0.393656716
0.505376344
0.633093525
0.341463415
0.3
0.438202247
0.8
0.436893204
0.393103448
0.503816794
0.266666667
0.551181102
0.654676259
0.356060606
0.697368421
0.595854922
0.271604938
0.425287356
0.762773723
0.394736842
0.64
0.907488987
0.561181435
0.62295082
0.654411765
0.614973262
0.751814224
0.233532934
0.347222222
0.524271845
0.43454039
0.491935484
0.037735849
0.685618729
0.68907563
0.311004785
0
0.204081633
0.5
0.314285714
0.295454545
0.333333333
0.5875
0.297297297
0.434782609
0.340314136
0.533678756
0.142857143
0.710526316
0.494117647
0.375
0.484444444
0.26984127
0.489932886
0.653846154
0.779310345
0.578313253
0.473684211
0.4
0.579207921
0.766260163
0.744444444
0.482758621
0.628205128
0.38
0.266666667
0.630806846
0.427083333
0.49132948
0.66025641
0.758241758
0.625
0.450980392
0.254593176
0.364764268
0.138888889
0.636363636
0.2890625
0.53271028
0.561904762
0.485714286
0.123809524
0.457627119
0.5
0.572390572
0.12
0.526717557
0.226285714
0.558441558
0.595744681
0.519379845
0.605263158
0.637254902
0.593333333
0.463576159
0.673913043
0.403726708
0
0.007751938
0.619186047
0.28125
0.372093023
0.466666667
0.453634085
0
0.370967742
0.427672956
0.417721519
0.577358491
0.617449664
0.107438017
0.889502762
0.337078652
0.628158845
0.575342466
0.580882353
0.463217462
0.388059701
0.473684211
0.635568513
0.52892562
0.488636364
0.5
0.577380952
0.655976676
0.798245614
0.452261307
0.166666667
0.722826087
0.263157895
0.317460317
0.421052632
0.337349398
0.197368421
0.306049822
0.161290323
0.29245283
0.445783133
0.424749164
0.572093023
0.515358362
0.44077135
0.50591716
0.410413476
0.606334842
0.428571429
0.426315789
0.556338028
0.307692308
0.533333333
0.346590909
0.686335404
0.5
0.402777778
0.626984127
0.271428571
0.355421687
0.509933775
0.445859873
0.43776824
0.682170543
0.594771242
0.51010101
0.36091954
0.497237569
0
0.765895954
0.096774194
0.205
0.326923077
0.796645702
0.554744526
0.206349206
0.529411765
0.637931034
0.224489796
0
0.37037037
0.375
0.235294118
0.18220339
0.5
0.446601942
0.585714286
0.379746835
0.756277696
0.464539007
0.786666667
0.5
0.141025641
0.75257732
0.588039867
0.619565217
0.506912442
0.155115512
0.550724638
0.386831276
0.80420712
0.281481481
0.284090909
0.664705882
0
0.769230769
0.6
0.186567164
0.155555556
0.486956522
0.285714286
0.052631579
0.3
0.52173913
0.148148148
0.22
0.43533123
0.689956332
0.404761905
0.818363273
0.675862069
0.1875
0.127272727
0.502325581
0.365079365
0.671428571
0.170124481
0.314814815
0.181818182
0.380952381
0.181818182
0.449541284
0.469135802
0.448275862
0.621212121
0.705555556
0.632398754
0.485294118
0.659340659
0.625
0.12
0.370786517
0.655555556
0.664383562
0.488372093
0.50952381
0.372262774
0.675276753
0.72972973
0.633027523
0.083333333
0.5
0
0.380681818
0.475903614
0.642105263
0.591304348
0.431761787
0.084033613
0.52293578
0.737704918
0.535315985
0.53271028
0.640552995
0.527272727
0.12
0.353773585
0.54040404
0.328767123
0.352941176
0.49068323
0.228915663
0
0.075471698
0.571428571
0.243589744
0.644067797
0.581818182
0.724137931
0.417808219
0.333333333
0.589285714
0.215384615
0.385826772
0.28
0.557823129
0.333333333
0.566137566
0.449275362
0.155172414
0.450704225
0.435897436
0.268656716
0.342105263
0.358695652
0.124423963
0.657657658
0.566929134
0.633187773
0.493506494
0.50617284
0.197674419
0.631067961
0.534351145
0.639705882
0.739130435
0.380952381
0.573770492
0.738461538
0.585760518
0.842168675
0.591240876
0.346153846
0.371179039
0.539130435
0.721854305
0.671052632
0.159090909
0.368421053
0.412322275
0.347826087
0.248175182
0.157894737
0.432098765
0.405063291
0.226415094
0.784897025
0.523316062
0.281553398
0.518518519
0.585
0.643153527
0.505928854
0.768
0.4765625
0.493243243
0.452054795
0.772727273
0.705882353
0.1625
0.365384615
0.351851852
0.137254902
0.614754098
0.716738197
0.225225225
0.505434783
0.48136646
0.488250653
0.857142857
0.273170732
0.588235294
0.363157895
0.440677966
0.648221344
0.587755102
0.375
0.49122807
0.701587302
0.340425532
0.633971292
0.652719665
0.47265625
0.516339869
0.764227642
0.471910112
0.296296296
0.288888889
0.462585034
0.469194313
0
0.576
0.585034014
0.25
0.622222222
0.158730159
0.56920078
0.252491694
0.301369863
0.37254902
0.719298246
0.815789474
0
0.482142857
0.402298851
0.347150259
0.146551724
0.617977528
0.782716049
0.570469799
0.12
0.316770186
0.272727273
0.511450382
0.587570621
0.578125
0.425287356
0.829268293
0.531746032
0.333333333
0.530612245
0.423529412
0.619791667
0.71641791
0.295454545
0.664921466
0.658959538
0.523076923
0.287234043
0.663551402
0.537735849
0.457142857
0.637209302
0.297297297
0.161764706
0.140350877
0.407407407
0.582608696
0.581818182
0
0.561904762
0.166666667
0.2
0.096774194
0
0.426829268
0.575
0.341772152
0.095238095
0.264705882
0.598930481
0.45323741
0.158730159
0.247524752
0.444444444
0.408536585
0.114035088
0.60518732
0.108333333
0.085271318
0.384180791
0.475
0.631221719
0.192307692
0.521367521
0.689295039
0.594405594
0.50591716
0.288770053
0.632432432
0.196969697
0.551515152
0.491017964
0.225806452
0.32967033
0.724528302
0.519721578
0.601398601
0.5
0.75376197
0.604938272
0.648798521
0.333333333
0.575471698
0.516129032
0.641752577
0.579908676
0.24
0.415841584
0.732673267
0.764367816
0.370786517
0.285714286
0.060606061
0.324324324
0.580645161
0.50591716
0.388888889
0.61452514
0.678832117
0.489795918
0.610294118
0.794871795
0.54368932
0.227272727
0.043859649
0.676470588
0.503759398
0.488888889
0.578313253
0.670833333
0.411764706
0.528089888
0.63372093
0.678284182
0.49122807
0.453362256
0.425531915
0.78680203
0.354166667
0.678861789
0.578358209
0.319148936
0.383561644
0.574468085
0.636363636
0.56122449
0.477777778
0.678832117
0.502702703
0.488636364
0.089285714
0.656565657
0.683168317
0.42519685
0.62585034
0.5
0.346303502
0.624535316
0.329411765
0.756809339
0.69047619
0.813397129
0.341085271
0.516483516
0.06122449
0.2
0.680473373
0.613861386
0.862403101
0.432950192
0.655
0.533898305
0.55801105
0.773399015
0.375
0.544973545
0.68699187
0.543859649
0.333333333
0.337349398
0
0.603305785
0.384892086
0.59798995
0.715942029
0.536585366
0.421052632
0.50591716
0.605263158
0.235294118
0.307692308
0.577586207
0.259433962
0.414814815
0.688888889
0.109756098
0.546391753
0.5
0.472312704
0.41314554
0.651515152
0.763888889
0.884615385
0.017035775
0.238095238
0.337349398
0.378787879
0.495934959
0.511904762
0.291390728
0.497592295
0.285714286
0.317327766
0.4
0.570175439
0.418269231
0.07
0.333333333
0.807692308
0.786764706
0.434782609
0.133333333
0.718562874
0.751412429
0.296296296
0.564356436
0.57433291
0.596491228
0.349206349
0.656050955
0.04368932
0.774294671
0.406593407
0.44921875
0.571428571
0.663366337
0.685009488
0.764890282
0.453125
0.284722222
0.36
0.342618384
0.062801932
0.495652174
0.575107296
0.627906977
0.607594937
0.576470588
0.643867925
0.419354839
0.488235294
0.107526882
0.5
0.461538462
0.608108108
0.323529412
0.02970297
0.516129032
0.48245614
0.507692308
0.509433962
0.824207493
0.42
0.459459459
0.598425197
0.555555556
0.12962963
0.575757576
0.411764706
0.783482143
0.305555556
0.694915254
0.503355705
0.465116279
0.349206349
0.653543307
0.296296296
0.676470588
0.443729904
0.638888889
0
0.020833333
0.685618729
0.428571429
0.613065327
0.467391304
0.5390625
0.6375
0.388888889
0.328125
0.311111111
0.560185185
0.344827586
0.575
0.55
0.527918782
0.481481481
0.411111111
0.381818182
0.401595745
0.428571429
0.427350427
0.556818182
0.705263158
0.77247191
0.50887574
0.450819672
0.195121951
0.4875
0.263513514
0.308641975
0.655172414
0.438596491
0.557522124
0.550239234
0.723636364
0.058823529
0.289473684
0.814159292
0.402298851
0.185430464
0.696356275
0.477124183
0.180451128
0.368421053
0.2
0.8
0.708609272
0.239208633
0.341463415
0.369491525
0
0.566037736
0
0.524390244
0
0.471910112
0.204081633
0.631299735
0.418032787
0.546583851
0.514084507
0.101694915
0.559027778
0.460431655
0.213903743
0.774193548
0.540441176
0.12
0.670833333
0.183673469
0.795366795
0.614973262
0.289473684
0.417475728
0
0.596078431
0.341666667
0.191304348
0.349206349
0.78021978
0.22972973
0.1125
0.354545455
0.379562044
0.419354839
0.700956938
0.601626016
0.466321244
0.418282548
0.617977528
0.564655172
0.532163743
0.263027295
0.358974359
0.620512821
0
0.698689956
0.590909091
0.548387097
0.048611111
0.741284404
0.388888889
0.020408163
0.481132075
0.368421053
0.344827586
0
0.487804878
0.357142857
0.637931034
0.504424779
0.476510067
0.666666667
0.253333333
0.173076923
0.541284404
0.545454545
0.305263158
0.145348837
0.323076923
0.648101266
0.474576271
0.460992908
0.587951807
0.754098361
0.393501805
0.838709677
0.705521472
0.401197605
0.452554745
0.62611276
0.736394558
0.342857143
0.545454545
0.494296578
0.442516269
0.487179487
0.443661972
0.25
0.098958333
0.450592885
0.7
0.603174603
0.436567164
0.58839779
0.5
0.436241611
0.408163265
0.809018568
0
0.363057325
0.315789474
0.701149425
0.506596306
0.325
0.266272189
0.408
0.342391304
0.65936255
0.641618497
0.615740741
0.525641026
0.5
0.373831776
0.071428571
0.611111111
0.698019802
0.159090909
0.60591133
0.350724638
0.388888889
0.684210526
0.23853211
0.50591716
0.525
0.778761062
0.802631579
0.566666667
0.626728111
0.323943662
0.23655914
0.380952381
0.564102564
0.084415584
0.822580645
0
0.333333333
0.125
0.604166667
0.479674797
0.113924051
0.793103448
0.403846154
0.458333333
0.117647059
0.590909091
0.523076923
0.778920308
0.641025641
0.578833693
0.257142857
0.569536424
0.660079051
0.472049689
0.679738562
0.375
0.421875
0.70625
0.563535912
0.548611111
0.333333333
0.649038462
0.751037344
0.417910448
0.489795918
0.239361702
0.636986301
0.3
0.632653061
0.416666667
0.322916667
0.65129683
0.511792453
0.23245614
0.659016393
0.65625
0.198113208
0.489270386
0.375
0.324675325
0
0.797435897
0.342105263
0.601910828
0.633802817
0.455
0.483870968
0.700680272
0.418867925
0.4
0.594202899
0.75
0.479338843
0.419047619
0.644808743
0.568807339
0.675585284
0.392857143
0.32183908
0.349315068
0.54679803
0.35483871
0.541353383
0.628140704
0.461538462
0.284722222
0.74796748
0.488888889
0.573099415
0.435028249
0.531914894
0.457831325
0.413461538
0.644194757
0.74368932
0.7
0
0.153846154
0.354748603
0.432835821
0.438095238
0.627516779
0.696750903
0.579310345
0.3125
0.27027027
0.509090909
0.465116279
0
0.504
0.183333333
0.384146341
0.45
0.166666667
0.105882353
0.047619048
0.59245283
0.4140625
0.637795276
0.457831325
0.775
0.87037037
0.043859649
0.454545455
0.925619835
0.284789644
0.1
0.643518519
0.152866242
0.895927602
0.392670157
0.794871795
0.495934959
0.304659498
0.449152542
0.452205882
0.493421053
0.209302326
0.47133758
0.653631285
0.568181818
0.542372881
0.485714286
0.161073826
0.386554622
0.539007092
0.181818182
0.655172414
0.469565217
0.442748092
0.428571429
0
0.48241206
0.427728614
0.45
0.553846154
0.638461538
0.596774194
0.280701754
0.657142857
0.607692308
0.738461538
0.25
0.41025641
0.367213115
0.369020501
0.206896552
0
0.899608866
0.114942529
0.653429603
0.195266272
0.4
0.782152231
0.564705882
0.537634409
0.455414013
0.551948052
0.299342105
0.532786885
0.483870968
0.392857143
0
0
0.667820069
0.622641509
0.57037037
0.432692308
0.665441176
0.219512195
0.819047619
0.436046512
0.455128205
0.802973978
0
0.370689655
0.27184466
0.407407407
0.076923077
0.302521008
0.503816794
0.700892857
0.467948718
0.356164384
0.252525253
0.297297297
0.387323944
0.702380952
0.5
0.434782609
0.822222222
0.468085106
0.50591716
0.382608696
0.194029851
0.365853659
0.63898917
0.791208791
0.417322835
0.564013841
0.469387755
0.445255474
0.53968254
0.480565371
0
0.7
0.411764706
0.566666667
0.77607362
0.60130719
0.429447853
0.477477477
0.35483871
0.297297297
0.648902821
0.683333333
0.399239544
0.166666667
0.3203125
0.466666667
0.522875817
0.126984127
0.333333333
0.601626016
0.334951456
0.48255814
0.7625
0.489795918
0.318181818
0.68503937
0.327586207
0.485416667
0.709369025
0.309859155
0.788617886
0.464788732
0.738317757
0.754385965
0.363377609
0.15
0.406113537
0.82
0.79338843
0.430434783
0.523809524
0.380952381
0.333333333
0.625482625
0.772222222
0.510638298
0.647058824
0.518382353
0.480769231
0.507462687
0.574626866
0.381578947
0.483091787
0.282828283
0.173333333
0.5
0.787698413
0.4375
0.50591716
0.206349206
0.333333333
0.44
0.521035599
0.161290323
0.660194175
0.375
0
0.619047619
0.421052632
0.590163934
0.12
0.48
0.41958042
0.559139785
0.760683761
0.546961326
0.536363636
0.316455696
0.337837838
0.537414966
0.467741935
0.370967742
0.427710843
0.513513514
0
0.751592357
0.454545455
0.5
0.498007968
0.3
0.44
0.591891892
0.73381295
0.574712644
0.268656716
0.371727749
0.239130435
0.852769679
0.443548387
0.635514019
0.50591716
0.534782609
0.466666667
0.517241379
0.656626506
0.408450704
0.716165414
0
0.497206704
0.609756098
0.369791667
0.315789474
0.565693431
0.553846154
0.563535912
0.646778043
0.105263158
0
0.865443425
0.608
0.459459459
0.532407407
0.676056338
0.782608696
0.297297297
0.347107438
0.326923077
0.636678201
0.630434783
0.734767025
0.506097561
0.477272727
0.618881119
0.596456693
0.54887218
0.105263158
0
0.47985348
0.519230769
0.373493976
0.40625
0.607476636
0.737226277
0.487179487
0.518987342
0.330357143
0.657657658
0.566153846
0.477011494
0.590163934
0.675
0.368421053
0.273809524
0.2
0.776315789
0.678010471
0.778481013
0.25
0.578947368
0.235294118
0.142857143
0.227272727
0.419354839
0.612903226
0.240437158
0.056410256
0.605263158
0.643086817
0.489539749
0.605442177
0.594444444
0.451612903
0.626955475
0.328638498
0.674418605
0.326086957
0.379120879
0.669014085
0.20754717
0.2875
0.459459459
0.381132075
0.496503497
0.72410455
0.166666667
0.492063492
0.101694915
0.55
0.436018957
0.406779661
0.668085106
0.745524297
0.571428571
0.353448276
0.490740741
0.335483871
0.527777778
0.471830986
0.428571429
0.436681223
0.236111111
0.430939227
0.619926199
0.339869281
0.471698113
0.442307692
0.62406015
0.554347826
0.563953488
0.725490196
0.362318841
0.801587302
0.436781609
0.373737374
0
0.406593407
0.63681592
0.397260274
0.471428571
0.08
0.729064039
0.529801325
0.664473684
0.595394737
0.474452555
0.288288288
0.737967914
0.520833333
0.489130435
0.544303797
0.365853659
0.573076923
0.396226415
0.528169014
0.272727273
0.780487805
0.340425532
0.727272727
0.775700935
0.708609272
0
0.181818182
0.579545455
0.636363636
0.392857143
0.417475728
0.321100917
0.21978022
0.625
0.775590551
0.41025641
0.198757764
0.590643275
0.55
0.567639257
0.358974359
0.790697674
0.536082474
0
0.533742331
0.486979167
0.256637168
0.2
0.326388889
0.478873239
0.859126984
0.230769231
0.05
0.281609195
0.230769231
0.34375
0.472392638
0.416666667
0.543778802
0.410714286
0.662721893
0.673684211
0.501886792
0.418604651
0.423791822
0.393258427
0.705882353
0.644444444
0.327433628
0.563573883
0.801724138
0.705882353
0.376623377
0.265306122
0.676712329
0.12
0.666666667
0.261538462
0.52739726
0.516129032
0.652892562
0.56
0.369230769
0.384615385
0
0.452702703
0.770889488
0.292887029
0.656934307
0.334801762
0.732954545
0.342105263
0.35483871
0.463519313
0.325842697
0.409448819
0.573529412
0.495384615
0.658703072
0.60483871
0.773305085
0.297297297
0.477272727
0.406976744
0.553921569
0.468292683
0.330769231
0.293478261
0.423728814
0.528301887
0
0.442553191
0.379310345
0.5
0.45
0.268656716
0.454545455
0.319047619
0.559633028
0.722419929
0
0.222222222
0.66
0.605442177
0.48
0.12
0.5
0.483695652
0.65
0
0.496402878
0.693548387
0.733333333
0.817460317
0.409638554
0.297297297
0.299319728
0.591836735
0.362971985
0.590909091
0.079787234
0.3
0.272727273
0.331395349
0.854043393
0.5390625
0.63986014
0.531914894
0.590163934
0
0
0.50617284
0.549295775
0.437751004
0.537313433
0.37398374
0.454545455
0.700636943
0.526946108
0.369565217
0.157894737
0.75070028
0.542586751
0.356435644
0.867370892
0.351694915
0.108108108
0.636363636
0.61452514
0.486725664
0.964912281
0.717054264
0
0.153846154
0.72027972
0.363636364
0.461538462
0.716323296
0.487603306
0.432835821
0.578947368
0.593984962
0.507936508
0.588235294
0.653594771
0.375
0.676923077
0.493589744
0.372093023
0.125
0.125
0.575757576
0.255813953
0.594594595
0.668789809
0.201550388
0.176470588
0.651428571
0.503649635
0.212121212
0.368055556
0.254901961
0.647887324
0.580246914
0.483660131
0.4375
0.297297297
0.792682927
0.571776156
0.339130435
0.433333333
0.749318801
0.253846154
0.617834395
0.591304348
0.411764706
0.703296703
0.435897436
0.211111111
0.666666667
0.737931034
0.551020408
0.353174603
0.75
0.575342466
0.801652893
0.297297297
0.755681818
0.4375
0.28115016
0.575539568
0.322222222
0.56763285
0.486486486
0.6987061
0.70464135
0.75
0.705128205
0.313653137
0.333333333
0.443181818
0.721649485
0.64640884
0.1875
0.524305556
0.678240741
0.210526316
0.669354839
0.622282609
0.596244131
0.577617329
0.744186047
0.660660661
0.597014925
0.295081967
0.318181818
0.521367521
0.403225806
0.461538462
0.585365854
0.6
0.339393939
0.783333333
0.569023569
0
0.166666667
0.277372263
0.447368421
0.236363636
0.694444444
0
0.43495935
0.4625
0.240506329
0.375
0.57985258
0.438034188
0.636752137
0.808
0.616129032
0.525139665
0.647727273
0.505494505
0.538461538
0.692307692
0.411111111
0.568345324
0.6
0.25
0.5
0.420074349
0.434782609
0.678431373
0.436807095
0.480874317
0
0.433526012
0.333333333
0.551307847
0.459627329
0.606557377
0.685534591
0.488888889
0.346666667
0.234042553
0.757009346
0.685628743
0.10483871
0.539267016
0.629032258
0.395480226
0.182926829
0.621621622
0.537037037
0.638461538
0.705128205
0.579617834
0.557692308
0.560810811
0.672661871
0.269230769
0.399224806
0.213114754
0.40960452
0.463709677
0.62012987
0.358333333
0.482213439
0.449438202
0.297297297
0.753142857
0.157894737
0.323529412
0.818615752
0.451612903
0.2
0.540540541
0.419642857
0.432038835
0.58
0
0.290123457
0.314285714
0.127659574
0.767015707
0.412979351
0.492537313
0.8
0.642857143
0.355421687
0.15942029
0.355555556
0
0.065868263
0.480263158
0.282352941
0.214285714
0.854545455
0.246153846
0.421052632
0.439655172
0.603448276
0.389312977
0.597938144
0.12
0.666666667
0.386904762
0.103896104
0.695187166
0.568421053
0.595419847
0.734157651
0.597938144
0.5
0.611320755
0.12
0.297297297
0.359223301
0.378787879
0.415966387
0.54973822
0.59375
0.185185185
0.62962963
0.442748092
0.446666667
0.175824176
0.743494424
0.117647059
0.233333333
0.158730159
0.454545455
0.768595041
0.35
0.628333333
0.629327902
0.530434783
0.64893617
0.215053763
0.643564356
0.361111111
0.12
0.339950372
0.470930233
0.421455939
0
0.134078212
0.557377049
0.56626506
0.619205298
0.668810289
0.224489796
0.268292683
1
0.560606061
0.862903226
0.43030303
0.573863636
0.50591716
0.430555556
0.512820513
0.445544554
0.545454545
0.61003861
0.607692308
0.464516129
0.86770428
0.410029499
0.75
0.569767442
0.646511628
0.484444444
0.272727273
0.252212389
0.442553191
0.552552553
0.576530612
0.712041885
0.759493671
0.6775
0.446280992
0.345177665
0.658163265
0.64
0.279411765
0.586206897
0.349794239
0.540816327
0.551948052
0.756653992
0.56402439
0.142857143
0.689655172
0.663793103
0.707692308
0.117647059
0.569343066
0.40952381
0.616438356
0.736263736
0.239766082
0.879518072
0.271863118
0.470588235
0.512820513
0.516025641
0.659574468
0.247058824
0.155844156
0.333333333
0.762711864
0.425742574
0
0.550847458
0.842465753
0.205882353
0.146464646
0.438016529
0.388111888
0.783333333
0.605633803
0.927745665
0.110410095
0.57
0.477564103
0.443113772
0.322033898
0.691666667
0.551724138
0.384615385
0.209302326
0.64978903
0.620512821
0.257731959
0
0.368
0.027027027
0.673796791
0.337662338
0.244444444
0.474358974
0.127272727
0.157894737
0.481481481
0.266666667
0.283216783
0.388888889
0.107142857
0.56875
0.339622642
0.573964497
0.375
0.467625899
0.055555556
0.28125
0.527272727
0.813186813
0.571428571
0.552136752
0.181818182
0.340909091
0.556179775
0.613333333
0.663716814
0.625454545
0.702702703
0.490196078
0.421052632
0.74
0.791505792
0.369230769
0.68627451
0.643312102
0.674556213
0.035087719
0.424242424
0
0.090909091
0.504132231
0.361445783
0.107843137
0.725352113
0.662162162
0.614785992
0.567164179
0.351851852
0.323529412
0.58974359
0.289473684
0.233576642
0.368085106
0.573426573
0.715789474
0.333333333
0.469483568
0.617142857
0.382352941
0.593856655
0.12
0.4
0.471933472
0.512605042
0.675182482
0.095238095
0.634218289
0.425770308
0.629107981
0
0.6875
0.588235294
0.431654676
0.820895522
0.130890052
0.359090909
0.427083333
0.407407407
0.272727273
0.333333333
0.494382022
0.48
0.809352518
0.219512195
0.77173913
0.236966825
0.479041916
0.966666667
0.684
0.39516129
0.409961686
0.125
0.090909091
0.613832853
0.411764706
0.469387755
0.560747664
0.660377358
0.311827957
0.541218638
0.471153846
0.575144509
0
0.721212121
0.292682927
0.510204082
0.360824742
0.627218935
0.583333333
0.333333333
0.737201365
0.493243243
0.3828125
0.467741935
0.454545455
0.61025641
0.459143969
0.424710425
0.543859649
0.231578947
0.476683938
0.607594937
0.280487805
0.68907563
0.725680934
0.654205607
0.41958042
0
0.978387032
0.584745763
0.627906977
0.428571429
0.813953488
0.694152924
0.832997988
0.23255814
0.395833333
0.124031008
0.630350195
0.129337539
0.183333333
0.734513274
0.473684211
0.833333333
0.842364532
0.422131148
0.329113924
0.717213115
0.674157303
0.373737374
0.4375
0.518518519
0.509433962
0.459501558
0.373076923
0.37037037
0.195121951
0.703296703
0.385245902
0.504424779
0.733128834
0.76056338
0
0.514285714
0.25862069
0.463414634
0.742574257
0.875
0.45751634
0.507772021
0.371428571
0.467948718
0.42408377
0.263736264
0.48427673
0.387596899
0.445945946
0.702439024
0.314685315
0.980769231
0.431818182
0.233333333
0.597014925
0.630252101
0.525510204
0.734463277
0.611111111
0.563829787
0.488549618
0.493506494
0.569105691
0.71147541
0.581699346
0.693333333
0.310344828
0.448484848
0.13986014
0.362831858
0.384848485
0.546511628
0.432624113
0.288888889
0.81712627
0.86259542
0.579831933
0.505154639
0.50591716
0.553333333
0.447058824
0.345238095
0.666666667
0.409090909
0.221311475
0.283105023
0.572115385
0
0
0.621212121
0.415841584
0.333333333
0.48
0.785714286
0.214470284
0.153846154
0.77027027
0.474683544
0.527173913
0.52972973
0.640926641
0.181818182
0.335714286
0.348623853
0.516853933
0.348591549
0.271604938
0.543209877
0.717241379
0.645695364
0.517647059
0.3125
0.768442623
0.194029851
0.538461538
0.397959184
0.577981651
0.422222222
0.496774194
0.676767677
0
0.422740525
0
0.785123967
0.546448087
0.759345794
0.566037736
0.2
0
0.520833333
0.593939394
0.273809524
0.582278481
0.141025641
0.70694864
0.321428571
0.617346939
0.319148936
0.173913043
0.491935484
0.666666667
0.394736842
0.608433735
0.554621849
0.449275362
0.752336449
0.369565217
0.67695962
0.426470588
0.844262295
0.512820513
0.43454039
0.532075472
0.442508711
0.288713911
0.431192661
0.331877729
0.315789474
0.486725664
0.64893617
0.784313725
0.62962963
0.513333333
0.250608273
0.577617329
0.675438596
0.443181818
0.311926606
0.55
0.403669725
0.294117647
0.547393365
0.41025641
0.260273973
0.64983165
0.639097744
0.528571429
0.496774194
0.744548287
0.55027933
0.333333333
0.566666667
0.63583815
0.352459016
0.151041667
0.801724138
0
0.111111111
0.476923077
0.544776119
0.706484642
0
0.590643275
0.384057971
0.514285714
0.347826087
0.489795918
0.409395973
0.7
0.479423868
0.632241814
0.678571429
0.598930481
0.428571429
0.416058394
0.518218623
0.52866242
0.666666667
0.497652582
0.706940874
0.433701657
0.45
0
0.178217822
0.619047619
0.700934579
0.779411765
0.802259887
0.423076923
0.251908397
0.694610778
0.764044944
0.203539823
0.609550562
0.016666667
0.325
0.608695652
0.289473684
0.52027027
0.61875
0.796747967
0.583732057
0
0.663461538
0.307692308
0.885786802
0.670050761
0.509259259
0.22
0.483660131
0.470588235
0.487179487
0.39
0.542168675
0.218390805
0.842105263
0.506329114
0.297297297
0.25
0.400442478
0.903846154
0.425531915
0.62987013
0.693069307
0.476190476
0.488188976
0.522727273
0.297297297
0.287769784
0.714285714
0.463768116
0.514550822
0.35483871
0.61849711
0.086666667
0.826086957
0.527950311
0.726429675
0.339622642
0.472972973
0.378378378
0.621212121
0.597315436
0.598360656
0.489795918
0.229007634
0.496774194
0.362318841
0.277310924
0.376146789
0.277777778
0.452054795
0.804878049
0.846064815
0.839694656
0.496644295
0.395061728
0.083333333
0.476635514
0.196428571
0.271226415
0.278538813
0.543478261
0.416666667
0.090909091
0.333333333
0.616541353
0.189189189
0.674157303
0.634782609
0.637795276
0.403508772
0.457142857
0.54491018
0.580952381
0.690184049
0.781865966
0.166666667
0.355029586
0.635714286
0.55210643
0.566878981
0.573604061
0.458715596
0.769820972
0.12
0.397887324
0.821138211
0.385416667
0.358208955
0.377245509
0.361930295
0.839305103
0.556451613
0.186813187
0.364516129
0
0.763473054
0.675409836
0.641148325
0
0.734265734
0.297297297
0.103896104
0.05
0.75591716
0.597222222
0.495652174
0.712446352
0.590551181
0.055045872
0.617021277
0.112903226
0.317647059
0.211538462
0.35739645
0.51
0.476190476
0.395348837
0.849598163
0.408730159
0.777777778
0.086666667
0.392592593
0.282352941
0.454545455
0.368421053
0.045751634
0.348837209
0.705882353
0.553459119
0.660550459
0.769607843
0.551724138
0.695652174
0.697916667
0
0.577235772
0.421052632
0.446902655
0.150537634
0.15
0.5859375
0.827586207
0
0.501138952
0.606217617
0.627737226
0.597911227
0.153846154
0.493506494
0.711267606
0.323308271
0.692307692
0.5982009
0.421768707
0.448275862
0.629508197
0.490196078
0.380952381
0.212121212
0.495238095
0.365079365
0.653846154
0.725388601
0.501319261
0.474358974
0.834254144
0.184210526
0.108108108
0.558558559
0.269230769
0.326530612
0.431034483
0.222222222
0.585798817
0.575221239
0.539823009
0.13
0.23655914
0.46875
0.483116883
0.5875
0.705882353
0.49068323
0.409448819
0.577235772
0.447368421
0.730337079
0.315789474
0.375796178
0.333333333
0.431952663
0.320441989
0.643274854
0.95229523
0.191011236
0.59375
0.428571429
0.818181818
0.298245614
0.384615385
0.412017167
0.888392857
0.033057851
0.789081886
0.111111111
0.643518519
0.181132075
0.468926554
0.14893617
0.554545455
0.528571429
0.168316832
0.470769231
0.258064516
0.472413793
0.466666667
0.768551237
0.622516556
0
0.058064516
0.25
0.15
0.721518987
0.229166667
0.561643836
0.209302326
0.449438202
0
0.625
0.254237288
0.369047619
0.3
0.123287671
0.493975904
0.087301587
0.307692308
0.777202073
0
0.333333333
0.662921348
0.634715026
0.458333333
0
0.510067114
0.78125
0.196969697
0.813186813
0.756410256
0.311320755
0.644736842
0.307692308
0.521126761
0.333333333
0.375
0.247678019
0.493150685
0.736363636
0.466666667
0.641791045
0.369426752
0.6
0.503386005
0.498113208
0.744058501
0.158878505
0.605263158
0.588785047
0.8
0.772727273
0.348484848
0.552238806
0.425414365
0.688836105
0.587234043
0.801724138
0.702554745
0.032258065
0.380952381
0.576036866
0.559808612
0.52173913
0.358974359
0.558685446
0
0.279279279
0.626373626
0.339622642
0.44598338
0.315789474
0.720720721
0.398576512
0.293478261
0.356060606
0.244186047
0.454545455
0.269230769
0.574712644
0.370242215
0.289473684
0.294117647
0.365853659
0
0.411764706
0.166007905
0.363636364
0.901960784
0.492957746
0.79375
0.436619718
0.447058824
0.351724138
0.602484472
0.660550459
0.607843137
0.387387387
0.262295082
0.421875
0.212962963
0.19047619
0.657657658
0.52173913
0.503184713
0.252631579
0.389380531
0.333333333
0.655172414
0.413533835
0.339622642
0.761290323
0.590697674
0.574712644
0.384615385
0.452513966
0.631578947
0.542750929
0.666666667
0.523489933
0.597826087
0.647398844
0.671936759
0.181818182
0.133027523
0.706586826
0.25
0.397435897
0.84
0.477832512
0
0.52739726
0.449591281
0
0.698113208
0.74025974
0.613636364
0.568862275
0.363905325
0.540322581
0.418803419
0.118644068
0.282608696
0.547619048
0.495145631
0.051282051
0.428571429
0.371794872
0.512040558
0.707482993
0.488372093
0.644409938
0.465753425
0.696969697
0.672
0.670454545
0.061403509
0
0
0.649350649
0.11372549
0.472477064
0.333333333
0.410526316
0.59223301
0.402298851
0.405940594
0.445859873
0.814449918
0.074074074
0.428571429
0.415019763
0.635087719
0.362903226
0.204545455
0.508928571
0.428571429
0.591836735
0.355140187
0.315315315
0.422087746
0.526315789
0.535714286
0.520833333
0.459459459
0.807909605
0.680297398
0.303370787
0.8
0.444444444
0.376068376
0.497109827
0.772893773
0.467625899
0.806569343
0.365591398
0.596428571
0.462809917
0.656387665
0.487684729
0.735632184
0.25
0.756862745
0
0.493975904
0.4125
0.117647059
0.315789474
0.273972603
0
0.661538462
0.486238532
0.206185567
0.293103448
0.485714286
0.388888889
0.365914787
0.455882353
0.442307692
0.796747967
0.509803922
0.290780142
0.28
0.641025641
0.692307692
0.12
0.372781065
0.393617021
0.411764706
0.444234405
0.438356164
0.685534591
0.71770972
0.455399061
0.297297297
0.178947368
0.121212121
0.370629371
0.1875
0.333333333
0.364102564
0.353383459
0.161290323
0.192307692
0.155555556
0.451612903
0.342105263
0.105263158
0.473333333
0.438888889
0.761061947
0.441011236
0.793103448
0.476190476
0.333333333
0.153846154
0.697478992
0.251450677
0.333333333
0.743589744
0.837772397
0.673913043
0.390923567
0.796747967
0.35483871
0.468085106
0.13648294
0.351351351
0.748603352
0.663265306
0.242798354
0.454545455
0.609022556
0
0.294117647
0.847222222
0.423963134
0.298969072
0.483870968
0.448979592
0.789830508
0.692307692
0.170542636
0.194444444
0.614583333
0.496503497
0.320261438
0.432989691
0.343283582
0.534534535
0.683098592
0.666666667
0.590163934
0.411985019
0.680473373
0.400621118
0.464912281
0.405286344
0
0.472972973
0.566878981
0.425
0.799418605
0.321428571
0.2
0.718232044
0.311926606
0.698198198
0.510373444
0.504761905
0.641975309
0.182926829
0.794587946
0.424242424
0.235294118
0.553846154
0
0.574712644
0.715083799
0.517241379
0.395683453
0
0.290322581
0
0.602272727
0.551282051
0.469387755
0.768595041
0.6875
0.363636364
0.337579618
0.453846154
0.541666667
0.277227723
0.541666667
0.273615635
0.55785124
0.5
0.327272727
0.655172414
0.367816092
0.461038961
0.515151515
0.707364341
0.432291667
0.809917355
0.667567568
0.309859155
0.604278075
0.802083333
0.710344828
0.419354839
0.540816327
0.861386139
0.779334501
0.542713568
0.508833922
0.813664596
0.462962963
0.647342995
0.25
0.652439024
0.390977444
0.474074074
0.557377049
0.170212766
0.170454545
0.362318841
0.743055556
0.62037037
0.401376147
0.139175258
0.502392344
0.0625
0.67287234
0.332103321
0.322916667
0.609756098
0.569306931
0.669642857
0.493506494
0.610526316
0.673366834
0.608108108
0.376237624
0.571428571
0.443181818
0.618110236
0.7890625
0.762711864
0.445255474
0.607692308
0.72
0.738916256
0.786967419
0.589285714
0.107692308
0.560344828
0.389473684
0.693333333
0.265625
0.444444444
0.423469388
0.153846154
0.632653061
0.142857143
0.470588235
0.834532374
0.341614907
0.46835443
0
0.634782609
0.515625
0.441595442
0.659898477
0.521276596
0.33
0.522875817
0.51758794
0.583333333
0.271186441
0.688118812
0.587155963
0
0.474747475
0.640776699
0.4
0.438271605
0.666666667
0.472826087
0.650406504
0.503267974
0.335877863
0.419117647
0.25
0.315789474
0.418604651
0.5
0.821965318
0.486692015
0.222222222
0.538461538
0.690140845
0.136363636
0.5
0.714634146
0.230769231
0.553623188
0.147058824
0.527472527
0.622857143
0.193277311
0.721311475
0.429487179
0.511627907
0.437869822
0.632478632
0.2
0.782258065
0.49609375
0.725352113
0.651982379
0.571428571
0.456521739
0.114285714
0.254237288
0.241758242
0.693581781
0.307692308
0.596638655
0.293103448
0.414141414
0.088888889
0
0.46366782
0.464088398
0.688
0.341176471
0.566371681
0.661290323
0.611979167
0.285714286
0.794871795
0.738916256
0.820895522
0.776744186
0.352941176
0.293333333
0.614213198
0.288590604
0.5
0.684931507
0.632768362
0.344444444
0.439849624
0.529411765
0
0.637254902
0.710144928
0.50591716
0.666666667
0.625
0.100436681
0.433628319
0.56097561
0.217391304
0.849056604
0.743421053
0.708776596
0.270588235
0.860411899
0.763909774
0.12195122
0.509933775
0.774193548
0.481707317
0.543046358
0.547058824
0.712041885
0.360655738
0.064516129
0.610655738
0.572916667
0.502857143
0.809917355
0.140410959
0.511904762
0.564102564
0.616666667
0.516853933
0.01980198
0.319559229
0.373417722
0.570833333
0.444444444
0.556603774
0.32972973
0.722222222
0.63902439
0.8
0.306179775
0.264705882
0.6
0.55033557
0.546666667
0.505263158
0.443037975
0.377952756
0.297297297
0.561643836
0.422594142
0.4625
0.846153846
0.76300578
0
0.76300578
0.659574468
0.718309859
0.333333333
0.491803279
0
0.507042254
0.814814815
0.393442623
0.12
0
0.531506849
0.557142857
0.34375
0.507462687
0.633187773
0.515347334
0.612244898
0.5625
0.619883041
0.475961538
0.3125
0.285714286
0.469208211
0.229946524
0.632653061
0.485714286
0.573584906
0.502487562
0.0625
0.428571429
0.243589744
0.437837838
0.780564263
0.439306358
0.65034965
0
0.614503817
0.4
0.192982456
0.56779661
0.637254902
0.452380952
0.545454545
0.481481481
0.114754098
0.142857143
0.49044586
0
0.545454545
0.505263158
0.462025316
0.520710059
0.46969697
0.41
0.650641026
0.754666667
0
0.425531915
0.293233083
0.455782313
0.553299492
0.448087432
0.159090909
0.470588235
0.50591716
0.142857143
0.643617021
0.652173913
0.416
0.350515464
0.588888889
0.481481481
0
0.530769231
0.4
0.381294964
0.69
0
0.711956522
0.513108614
0.277777778
0.318181818
0.470588235
0.225663717
0.484745763
0.752840909
0.674772036
0.415730337
0.427480916
0.530973451
0.536231884
0.8
0.103896104
0.244444444
0.407692308
0.411167513
0.513089005
0.123287671
0.441176471
0.339622642
0.851351351
0.41697417
0.665354331
0.532786885
0.397923875
0.656126482
0.43
0.44077135
0.777777778
0.602836879
0
0.366666667
0.315789474
0.569767442
0.52027027
0.301470588
0.553846154
0.35483871
0.512195122
0.447368421
0.62
0.482352941
0.43956044
0.754098361
0.657142857
0.246753247
0.756032172
0.603603604
0.584677419
0.504823151
0.35483871
0.616724739
0.4
0.280487805
0.323943662
0.277777778
0.644194757
0.641646489
0.373134328
0
0.560747664
0.405940594
0.341463415
0.558536585
0.610778443
0.625
0.178082192
0.356521739
0.2
0.591304348
0.514644351
0.382716049
0.730569948
0.395348837
0.380952381
0.369458128
0.240816327
0.688
0.410447761
0.58490566
0.3
0.41509434
0.62295082
0.681818182
0.638888889
0.703056769
0.540145985
0.678571429
0.518716578
0.662420382
0.467811159
0.4375
0.628571429
0.428571429
0.418604651
0.816666667
0.676646707
0.475409836
0.607142857
0.749303621
0.35483871
0.553264605
0.50955414
0.444444444
0.384615385
0.374727669
0.827848101
0.617283951
0.14516129
0.761986301
0.621052632
0.12173913
0.383561644
0.376068376
0.573770492
0.32
0.534351145
0.803149606
0.712903226
0.513513514
0.436893204
0.68705036
0.545454545
0.204081633
0.525423729
0.476821192
0.216957606
0.391304348
0.59375
0.568421053
0.346405229
0.368888889
0.451612903
0.548571429
0.150943396
0.073825503
0.631944444
0.447368421
0.756756757
0.621621622
0.691011236
0.550239234
0.417808219
0
0.602362205
0.517985612
0.353383459
0.258928571
0.118644068
0.578313253
0.272727273
0.416666667
0.382352941
0.346666667
0.613861386
0.447154472
0.416666667
0.696969697
0.762626263
0.121212121
0.807692308
0.653846154
0
0.55179704
0.526717557
0.534351145
0.37254902
0.749367089
0.488054608
0.523560209
0.631578947
0
0.301724138
0.009302326
0.514644351
0.523809524
0.787375415
0.617424242
0.357142857
0.049450549
0.288135593
0.409090909
0.482758621
0.608938547
0.398148148
0.5
0.483471074
0.816239316
0.357142857
0.300884956
0.235294118
0.47107438
0
0.518867925
0
0.816993464
0
0.787096774
0.523076923
0.486166008
0.285714286
0.637426901
0.637316562
0.40625
0.307086614
0.630681818
0.62295082
0.788732394
0.491935484
0.4
0.508982036
0.443502825
0.721774194
0.574358974
0.285714286
0.657894737
0.678362573
0.747126437
0.528985507
0.372881356
0.545454545
0.74559194
0.410810811
0.611111111
0.66951567
0.206896552
0.505102041
0.455882353
0.465517241
0.773972603
0
0.318181818
0.214285714
0.242990654
0.656441718
0.47826087
0.716216216
0.403508772
0.572649573
0.725352113
0
0.651162791
0.700934579
0.364705882
0.79047619
0.501930502
0
0.711864407
0.505617978
0.373333333
0.566964286
0.495652174
0.298245614
0.518918919
0.329268293
0.297337278
0.634146341
0.570093458
0.650485437
0.586206897
0.554945055
0
0.660493827
0.40397351
0.3984375
0.510638298
0.544041451
0.613686534
0.333333333
0.642335766
0.392045455
0.111111111
0.195402299
0.709090909
0.433884298
0.6
0.692139738
0.266666667
0.39
0.404040404
0.323076923
0.641791045
0.507352941
0.405360134
0.166666667
0
0.782608696
0.263157895
0.108695652
0.427835052
0.557692308
0.48
0.611814346
0.546875
0.069767442
0.589473684
0.602150538
0.591836735
0.472440945
0.291139241
0.348837209
0.585798817
0
0.646017699
0.656441718
0.663551402
0.581395349
0.134782609
0.328031809
0.441834452
0.786632391
0.712328767
0.526717557
0.547368421
0.393939394
0.369565217
0.59375
0.495867769
0.566666667
0.41221374
0.848484848
0.634920635
0.34939759
0.366197183
0.570093458
0
0.378378378
0.507575758
0.587155963
0.272606383
0.323943662
0.5
0.560747664
0.323741007
0.483870968
0.71559633
0.573407202
0.204081633
0.571663921
0.713114754
0.59375
0.294117647
0.2
0.62283737
0.590909091
0.757281553
0.298245614
0.362962963
0.5
0.558730159
0.304347826
0.397727273
0.04296875
0.343283582
0.3
0.543046358
0.5
0.4
0.526932084
0.62585034
0.285714286
0.468864469
0.432835821
0.38121547
0
0.141148325
0.587301587
0.780487805
0.730496454
0.773195876
0.484018265
0.111111111
0.426966292
0.304347826
0.862385321
0.715789474
0.25
0.571428571
0.850393701
0.640151515
0.407303371
0.291262136
0.569620253
0.526315789
0.146666667
0.302439024
0.557291667
0.634146341
0.678125
0.341463415
0.678571429
0.644329897
0.557142857
0.52
0.327044025
0.115384615
0.491525424
0
0.817073171
0.310344828
0.435643564
0.708920188
0.426086957
0.28313253
0.544827586
0.64
0.554404145
0.195652174
0.171296296
0
0.441176471
0.371584699
0.401315789
0.438016529
0.504854369
0.235294118
0.429347826
0.75
0.324324324
0.503597122
0.56372549
0.34751773
0.603508772
0.575342466
0.454545455
0.666666667
0.720890411
0.344444444
0.256198347
0.8
0.505376344
0
0.119047619
0.677777778
0.614906832
0.88372093
0.282051282
0.30044843
0.37704918
0.883116883
0.630357143
0.536723164
0.435897436
0.772619048
0.263157895
0.679558011
0.556451613
0.310861423
0.441176471
0.605263158
0.416666667
0.423809524
0.546583851
0.078431373
0.423076923
0.568181818
0.384848485
0.41509434
0.696428571
0.796747967
0.806451613
0.525252525
0.490196078
0.774901005
0.503225806
0.396103896
0.555555556
0.316546763
0.445454545
0.098039216
0.285714286
0.791666667
0.539130435
0.210526316
0.363636364
0.672839506
0.506912442
0.613924051
0.049006623
0.7
0.43956044
0.188405797
0.294117647
0.477707006
0.118421053
0.456790123
0.520179372
0.458100559
0.826530612
0.424242424
0.32
0.426415094
0.239130435
0.631944444
0.601583113
0.555555556
0.238095238
0.379518072
0.387254902
0.5
0.455223881
0.609195402
0.351648352
0.788617886
0.890274314
0.435897436
0.449438202
0.421875
0.793478261
0.569832402
0.153846154
0.448648649
0.465116279
0.407692308
0.555555556
0.714285714
0.22
0.477218225
0.329787234
0.721804511
0.323529412
0.74
0.508982036
0.5
0.391812865
0.365384615
0.054054054
0.84717608
0.222222222
0
0.046511628
0.475806452
0.655882353
0.555555556
0.531914894
0.598130841
0.62962963
0.562992126
0.452380952
0.235294118
0.056
0.845360825
0.614678899
0.325112108
0.436363636
0.239371534
0.142857143
0.261682243
0.347258486
0.509090909
0.556603774
0.511111111
0.746341463
0.422641509
0.382978723
0.23943662
0.485122898
0.363636364
0.801369863
0.258064516
0.533333333
0.680379747
0.133333333
0.767241379
0.42519685
0.435233161
0.206896552
0.76984127
0.514124294
0.535211268
0.632653061
0.298898072
0.35
0.197183099
0.325581395
0.252427184
0.812080537
0.383900929
0.777027027
0.257142857
0.228971963
0.376
0.340277778
0.297297297
0.567307692
0.529411765
0.442424242
0.496240602
0.739130435
0.307692308
0.818181818
0.375
0.469798658
0.697318008
0.445544554
0.333333333
0.538461538
0.495575221
0.764705882
0.230215827
0.605405405
0.035087719
0.727272727
0.25
0.64159292
0.149425287
0.722513089
0.360248447
0.202614379
0.596330275
0.594405594
0.490909091
0.155778894
0.205882353
0.506578947
0.785714286
0.391959799
0.115646259
0.138888889
0.541284404
0
0.594594595
0.421052632
0.444751381
0.819672131
0.46713615
0.670731707
0.822222222
0.562130178
0.615720524
0.431578947
0.757619739
0.5
0.143884892
0
0.666666667
0.56557377
0.12244898
0.611940299
0.245614035
0.601423488
0.776223776
0
0.457831325
0.490322581
0.282051282
0.339622642
0.691780822
0.750972763
0.458015267
0.420365535
0.402298851
0.549019608
0.5
0.097014925
0.25617284
0.373626374
0.419354839
0.792828685
0.509615385
0.64084507
0.35
0.605504587
0.635883905
0.285714286
0.686363636
0.548387097
0.771428571
0.423076923
0.37037037
0.28
0.598484848
0.547445255
0.42
0.748148148
0.424242424
0.533333333
0.518691589
0.679764244
0.490322581
0.603053435
0.367521368
0.366492147
0.84057971
0.791666667
0.257575758
0.532934132
0.610294118
0.53960396
0.343283582
0.411764706
0.510638298
0.763157895
0.564516129
0.516806723
0.06557377
0.8
0.71875
0.624413146
0.461538462
0.477419355
0.634703196
0.446153846
0.164705882
0.368421053
0.247311828
0.605633803
0.468468468
0.585714286
0.552
0.180147059
0.66
0.426229508
0.347826087
0.615584416
0.276923077
0.130434783
0.680272109
0.616666667
0.455555556
0.455445545
0.4
0.034482759
0.596153846
0.263888889
0.3125
0.32967033
0.522727273
0.525885559
0.731132075
0.317757009
0.504347826
0.407407407
0.31627907
0.5
0.711538462
0.733333333
0.556603774
0.108333333
0
0.433566434
0.634020619
0.373626374
0.539370079
0.364705882
0.048192771
0.519861831
0.419191919
0.696774194
0.419354839
0.822134387
0.297297297
0.599033816
0.71969697
0.423822715
0
0.726890756
0.712871287
0.483333333
0.410404624
0.476190476
0.786885246
0.5
0.716981132
0.519480519
0.360308285
0.25
0.091666667
0.693877551
0.987596899
0.556603774
0.484848485
0.275862069
0.416666667
0.802197802
0.448275862
0.37007874
0.770234987
0.602409639
0.694444444
0.366197183
0.478021978
0.473684211
0.445454545
0.526234568
0.760217984
0.256756757
0.24
0.62755102
0.747390397
0.349056604
0.510638298
0.743421053
0.347222222
0.791583166
0.375
0.622222222
0
0.738317757
0.53125
0.513986014
0.459731544
0.669565217
0.510791367
0.539534884
0.358974359
0.474747475
0.483333333
0.315789474
0.210526316
0.50591716
