compression_ratio
0.443783175
0.468648998
0.525448029
0.480724749
0.446143274
0.434639175
0.579596413
0.49934811
0.383199079
0.465859401
0.592321755
0.521064302
0.573109244
21
0.473964868
0.414154653
0.478354978
0.462994836
0.520414776
0.56279509
0.412429379
0.909836066
0.468309859
0.248915158
21
0.480519481
0.573825503
0.421385706
0.644171779
0.401048493
0.571005917
0.4375
0.527264325
0.828025478
0.514041514
0.45
0.478082192
0.569044006
0.285714286
0.430342385
0.439756882
0.510095238
0.596837945
0.445471349
0.423620026
0.464774951
0.491408935
0.989795918
0.358770718
0.46393147
0.461511547
0.519774011
0.56036036
0.424012158
0.466779279
21
0.48865523
0.473928158
0.845588235
0.52530541
0.460307499
0.417047184
0.446401458
0.423876652
0.534351145
0.542857143
0.456953642
0.50287687
0.433668801
0.545300593
0.452855972
0.468955651
0.62283737
0
0.414051427
0.480106101
0.490751227
0.468774094
21
0.600694444
0.621908127
0.471284372
0.725146199
0.334907889
0.7960199
0.636363636
0.488843813
0.399350029
0.483477377
0.446292446
21
0.359460445
0.618934911
0.595588235
0.462476294
0.896
0.473053892
21
0.678947368
0.40858209
0.567322239
0.453968254
0.50728863
0.332103969
0.543887147
0.404255319
0.597752809
0.5
0.501955671
0.449407115
0.445421962
0.42953142
0.462935508
0.406615871
0.864661654
0.488666085
0.445923149
0.624413146
0.483734088
0.418388573
0.5085796
0.62739726
0.530204461
0.461480927
0.442553191
0.467696629
0.41720154
0.477403451
0.630017452
0.365271493
0.477521264
0.422339722
0.508213552
0.491496599
0.407404326
0.450814901
0.425858653
0.771276596
0.468113976
0.448758909
0.415759774
0.389093288
0.457243816
21
0.230207065
0.722222222
0.509681093
0.368394048
0.486910995
0.46611797
0.47513053
0.440705128
0.199485093
0.442776735
21
0.442941176
21
21
0.405239617
0.453216374
0.485994398
0.480021311
0.553079948
0.441555941
0.492394611
0.381156317
0.517782427
0.41723356
0.677922078
21
0.476159585
0.588541667
0.393945382
0.479381443
0.602465331
21
0.345130613
0.407859079
0.571428571
0.521410579
0.421732176
0.38856305
0.551219512
0.631284916
0.542431193
0.64664311
0.471816284
0.40445236
0.47483155
0.474473068
0.442028986
0.517204301
0.45979021
0.462741313
0.494057725
0.454788121
0.474936279
0.513264129
0.562820513
0.391353811
21
21
0.771276596
0.433191187
0.502860412
0.437733499
0.737024221
0.454545455
0.525368249
0.393323016
0.546572935
0.439324117
0.878787879
0.448969813
0.463035019
0.456696429
0.473770492
0.873333333
0.768817204
21
0.454368932
0.424359265
0.472039905
0.456790123
0.435174419
0.633333333
0.537190083
0.423872934
0.498723404
0.420827389
0.480253535
21
0.60106383
0.443633952
0.457335015
0.443843031
0.684729064
0.595744681
0.446665421
0
0.655913978
0.267083333
0.60989011
0.441983388
0.549348231
0.45544186
0.498850575
0.374354408
0.793333333
0.365892714
0.421870585
0.942307692
0.593023256
0.430957084
21
21
0.576763485
0.484280532
0.459865355
21
0.365610459
0.388101983
0.52520224
0.570719603
0.663333333
0.327010622
0.420431115
0.416969697
0.477197931
0.621076233
0.475711449
0.461231015
21
0.540740741
0.557603687
0.476142388
0.466744914
0.439658241
0.422192602
0.442676311
0.500875657
0.731428571
0.485683987
0.409656181
0.519547325
0.462777228
0.473378509
0.414703783
0.666666667
0.512605042
0.383524479
0.461231995
0.561521253
0.50877193
0.691558442
0.429240375
0.507526882
0.546599496
0.486083499
0.418059126
0.485951469
0.49486715
0.385581295
0.421052632
21
0.451115619
0.430093209
0.434666667
0.45250074
0.561827957
0.549125168
0.421134826
0.490707965
0.609302326
0.5475
0.464937911
0.309249702
0.499541705
0.450695942
0.524911032
0.504830918
21
0.328122605
0.248581158
0.433539781
21
0.536938309
0.529014845
0.463768116
0.596774194
0.363905325
0.640522876
0.522952854
0.656462585
0.494814815
0.543650794
0.616580311
0.389791183
0.506862745
0.544412607
0.429153925
0.447737069
0.474378017
0.479483283
0.568706118
0.441343042
1.555555556
1.030927835
0.445807093
0.46188691
0.430555556
0.64673913
0.425179211
0.163560569
0.48199446
0.525892408
0.552
0.541341654
0.499003984
0.500713776
0.452344676
0.439409905
0.42419175
0.477393281
0.429192547
0.437352246
0.4536641
0.443643107
0.49704142
0.49507817
0.450292398
0.44518508
0.51384083
21
0.68683274
0.463139636
0.573359073
0.415083135
0.618556701
0.44697609
0.438515081
0.516224189
0.185780938
0.00355434
0.554347826
0.480889507
0.475838545
0.405843125
0.456199746
0.451490171
0.464807437
0.585714286
1.236363636
0.571115974
21
0.494101319
0.254584682
0.580612245
0.6774942
0.603015075
0.464141228
0.493570116
0
0.474944416
0.696969697
0.472618155
0.506193229
0.557324841
21
0.457746479
0.453847594
21
0.458726144
0.294670846
0.479638009
0.361256545
0.629213483
0.515574651
0.608985025
0.499008592
0.577696527
0.498023715
0.500826446
0.481490808
0.389534884
0.542521994
0.756756757
0.479982594
0.468840281
0.395313681
0.47089601
0.740740741
0.37909791
1.157142857
0.484144222
0.433750265
1.213114754
0.466617211
21
0.429571984
0.466526094
0.472438753
0.504221252
0.626391097
0.502283105
0.315637934
0.553097345
0.702970297
0.451792336
0.427401081
0.526953362
0.470441817
0.440375787
0.49799733
0.395066142
0.488986784
0.515981735
0.418726883
21
0.406008584
0.515
0.723076923
0.493543759
0.41959799
0.648255814
0.452938917
21
21
0.778656126
0.475243394
0.485213896
0.501659554
0.491891892
0.511545293
0.305695142
0.493698803
0.00205204
0.410311493
0.632113821
0.754940711
0.445056108
0.510932945
1.114285714
0.448035665
21
0.404945904
0.5
0.544204322
0.467252881
0.927927928
0.535620053
0.36453202
0.590196078
0.473880597
0.623318386
0.39997682
0.489285714
0.513071895
0.449048341
0.360040568
0.449563145
0.490320533
0.493746278
0.50397878
0.419685797
0.338030965
0.417560479
0.505272408
0.466457322
0.661176471
0.442408377
0.30816641
0.62109375
0.441668577
0.456627978
0.7
0.42573547
0.483417085
0.52896915
0.428099953
0.416965352
0.009672619
0.416850552
0.323643411
0.297655454
0.35218509
0.603351955
0.466064861
0.512658228
0.460913071
0.468996232
21
0.457910751
0.399558499
21
0.413644214
0.469560614
0.454746137
0.587174349
0.784313725
0.445003775
21
21
0.75
0.548076923
0.496724891
0.622368421
0.434703434
0.49651325
0.507331378
0.4583608
0.459362906
0.464140731
0.585947302
21
0.479394318
0.440860215
0.516085791
0.359821429
0.442223306
0.446643914
0.39944393
0.33768614
0.713656388
0.547660312
0.491989319
0.699059561
0.637681159
0.439818182
0.417369727
1.051282051
21
0.574144487
0.457005674
0.47731569
0.399705015
0.4375
0.800904977
0
0.418682796
21
0.436764972
0.495581738
21
1.057692308
0.459914321
0.486446525
0.486538462
0.467019634
0.587248322
0.462474645
0.445255474
21
0.576923077
0.49432279
0.501510574
0.505035545
21
21
0.536231884
0.36187099
0.477794793
0.484799483
0.471422339
0.459057072
0.410394265
0.464888889
0.698019802
0.434864993
0.403786468
0.531821046
0.417783735
0.427788221
0.493620415
0.428441203
0.484835895
0.466445733
0.508840864
0.552083333
0.323836657
0.494804157
0.435114504
0.627659574
0.427062095
0.541442411
0.43885313
0.481687612
0.465346535
0.503345342
0.399539171
21
0.600609756
0.471755725
0.572834646
0.48719143
0.592948718
0.515994437
0.518124698
21
0.478651685
0.49789916
0.47546729
0.620839363
21
0.433507549
0.420130054
0.58283671
21
0.448415265
0.540616246
1.032967033
0.483381503
0.448955916
0.411724885
0.47065277
0.536776213
0.443105756
0.582228117
0.27439755
0.626898048
0.478405316
0.492561983
0.662068966
0.469940195
1.4
0.842465753
0.417079208
0.46953405
0.44450431
0.45
0.486633933
0.591121495
0.470373747
0.62300885
0.501379945
0.424601465
0.866666667
0.486437613
21
0.491867274
0.657039711
0.396414822
0.374524426
0.49889258
21
21
0.490909091
0.522206304
0.489487516
0.404761905
0.464539007
0.47804878
0.559006211
21
0.499471272
21
0.479428324
1.047058824
0.507851759
21
0.512987013
1.689655172
0.46040675
0.421429173
0.456018519
0.444250262
0.486008837
0.507385999
0.899159664
0.432042521
0.458403598
0.475221529
1.303571429
0.452599388
0.458412698
0.648590022
0.339657217
0.44194875
0.590588235
0.453488372
0.291214915
0.525142857
0.467845247
21
0.373689228
0.43967151
0.459482038
0.474137931
0.457392082
21
0.338011696
0.537815126
0.429532351
0.673469388
0.475707647
0.509569378
0.451629591
0.602503912
0.44894027
0.683035714
0.501807955
0.496099128
0.412921348
0.373091603
0.595744681
0.382146249
0.641399417
0.489301574
0.476847291
0.508948546
0.435591436
21
0.473057289
0.501347709
0.626959248
21
0.515826495
0.4679213
1.079365079
0.523980815
0.431226766
0.596899225
0.559821429
0.471369295
21
0.449297972
0.359347987
0.534059946
0.484675325
0.52057842
0.579166667
0.460662526
0.381009615
0.523952096
0.401293336
0.77184466
0.470721743
0.566489362
0.494994438
0.627906977
0.505226481
0.462555066
0.471623563
0.442109437
0.543209877
21
0.51702396
0.380655226
0.456859972
0.48262221
0.658371041
0.480769231
0.442450495
0.905982906
0.5
0.497597804
0.367337603
0.487434803
0.487364621
0.45133292
0.669312169
0.525791855
0.527224436
0.417127072
21
0.580067189
0.984848485
0.481619358
0.828125
0.572289157
0.989583333
0.494110353
0.692592593
0.269282815
0.532577904
0.452239691
0.550324675
0.453895883
0.364381068
0.782786885
0.460661345
0.483267158
0.751072961
0.377924415
0.481060606
21
0.589622642
0.478918423
0.474377057
0.356378363
0.425202938
0.357208448
0.381367563
0.517192982
21
0.445945946
0.502138057
0.437832608
0.46073132
1.161764706
0.402222523
0.40813068
21
0.519433345
0.48847718
0.411764706
0.52782144
0.457399103
0.457097033
0.472490883
0.473684211
0.385116702
0.475336323
1.461538462
0.478693748
0.560185185
0.476923077
0.664723032
0.422030825
0.77721519
0.546754675
21
0.41225472
0.434823091
0.510956175
21
0.766153846
0.609406953
0.34663289
0.376750362
0.620224719
0.470527934
0.460856066
21
0.568597561
0.888888889
0.986486486
21
0.467619552
0.411634524
0.436314363
0.482274247
0.480252765
0.563926941
0.446615492
0.410066794
0.520318021
0.401898734
0.473036897
0.593561368
0.511889036
0.555232558
0.488558352
0.729537367
0.450080398
0.46501876
0.407846715
0.562628337
0.52
0.447025052
0.418165862
0.459881959
21
0.445555651
0.469945355
0.577653631
0.670731707
0.347445668
21
0.686868687
0
0.483124397
1.188405797
0.405239595
0.692631579
0.552727273
0.415695682
0.47826087
0.883333333
0.476190476
0.485143166
0.519433198
0.450860832
0.495182237
0.50309119
0.502508961
0.451484332
0.499625468
0.34681278
0.422343921
0.474087933
0.418554734
0.478723404
21
11
0.625228519
0.447831552
0.508457711
0.477978339
0.501086169
0.657142857
1.237288136
0.438529785
0.52436083
0.475666075
0.416269571
0.453421053
21
0.49324861
0.413249211
0.44460501
0.563136456
0.425454545
0.378417867
0.482424242
0.509263071
0.465164645
0.699074074
0.478504673
0.451335585
0.551104972
0.788944724
0.778947368
0.458484764
0.872222222
0.498912571
0.387619791
21
0.408637874
1.176470588
21
21
0.460278207
0.657276995
0.51627907
0.372750643
0.236677116
0.416741495
21
0.466049383
21
0.631944444
0.450738916
0.472171254
0.467044689
0.437948302
0.129634431
0.455423055
0.408208297
0.576045627
21
0.474834983
0.627027027
0.492703266
0.468531469
0.399702085
0.41991342
0.758389262
0.704735376
0.562388592
0.430897887
0.572869955
0.436308927
0.530291109
0.419624217
0.500493583
0.431705298
0.740384615
0.470789474
0.451956414
0.61299435
0.481469003
0.547144754
0.517766497
0.483910891
0.446264303
0.393829401
0.442755826
0.67
0.479001135
0.459189498
0.558411215
0.37437706
0.467309016
0.421087533
0.276812541
0.5299511
0.478070175
0.491087892
0.476247031
0.471496437
0.50625
0.501569859
0.486742424
0.473642173
0.448673184
0.525080043
0.853658537
0.554982818
0.457669478
21
0.447583643
0.367346939
0.439669421
0.529836066
21
0.450296248
0.423018868
0.485111663
0.509370817
0.051587302
21
0.510780287
0.475987842
0.428633031
0.47826087
1.142857143
0.527289547
0.346225536
0.520213577
0.42364532
0.466352201
0.530364372
0.52559727
0.443845835
0.34232715
0.402953135
0.478811708
0.547008547
0.569662921
0.444043321
0.328638498
21
0.452358927
0.453481735
0.318728522
0.4744255
0.425826107
0.426854295
0.470792079
0.255183413
0.828947368
0.794117647
0.466172382
0.55
0.390186916
0.495726496
0.378461538
0.462492438
0.482069905
0.485507246
0.483679525
0.452293094
0.428027759
0.476477684
0.478160511
0.513871375
0.834482759
0.435874528
0.369599669
0.396963947
0.382892632
0.461362335
0.490241998
0.473195876
21
0.537001898
0.495766698
0.408163265
21
0.514978122
0.369501466
0.514415781
0.541540327
0.437655241
0.458765702
21
0.529801325
0.491828794
0.503685504
0.012890625
0.534787124
0.484003281
0.673076923
0.417623055
0.460582895
0.537206526
0.54691259
0.517241379
0.353100951
0.471811135
0.593272171
0.45464135
0.452018122
0.426844015
0.471047228
0.584357542
0.489884393
0.410194662
0.456706282
0.443589744
0.463630988
0.520071365
1.090909091
0.557394002
0.458479532
0.49330587
0.74912892
0.506345733
0.472557629
0.438817238
0.432302481
0.409760589
0.443377351
0.807692308
21
0.636904762
1.266666667
0.534545455
0.538461538
0.425675676
0.483830846
0.443567482
0.520077407
0.44039862
1
0.399776286
0.578512397
0.401240695
0.487236758
0.384412849
0.437472185
0.437926788
0.474860335
1.333333333
0.639506173
0.408
0.457012282
0.43404871
21
0.346396966
21
0.510701546
0.530075188
0.437242128
0.549435965
0.705583756
0.398102467
0.3699253
0.390380398
0.835526316
0.461568627
0.761589404
0.413173653
0.445064138
0.684210526
0.69771529
0.46624305
21
21
0.489259378
0.468056788
0.36997319
0.446315789
0.484536082
0.606481481
0.580080754
0.420450996
0.590977444
0.511034483
0.521136063
0.475929978
0.485074627
11
0.515789474
0.379522184
0.442375887
0.481404959
0.471204188
0.463953276
0.44833881
0.647887324
0.409645311
21
0.392908445
0.457183635
0.56694813
0.313417891
21
0.430327128
0.462282398
0.772727273
0.422848371
0.513541667
0.42539267
0.429713394
0.46509009
0.508761329
0.439261419
0.661354582
0.660818713
0.41044027
0.560402685
0.39608076
0.433634992
0.408175717
0.496290801
21
0.703703704
0.4304038
21
0.447445561
0.488469602
0.485957447
0
0.440585227
0.4130183
0.488326848
0.474259681
0.49686221
0.445678584
0.472358029
0.772222222
0.62109375
0.438892234
0.650704225
0.47036935
0.44729227
0.458212327
0.472
0.45175239
0.485738255
0.414819945
0.456928839
0.452357071
0.452147239
0.492893168
0.491905019
0.452731591
0.468904998
21
0.947368421
0.424849699
0.529717682
0.570228091
0.425320746
0.38277512
0.423128844
0.477979275
1.375
0.606796117
0.458886963
21
0.505
0.375595238
0.501972387
0.598615917
0.42033543
0.722222222
0.462665406
21
0.480056577
0.515337423
0.441562932
21
21
0.449557878
0.443526171
0.44510226
0.53
0.440560784
0.427434634
0.471350899
0.436018957
21
0.560948081
0.503409091
0
21
0.462203716
0.451828831
0.402200923
0.46366782
0.398794143
0.469609262
0.642398287
21
21
0.415284787
0.514919011
0.459153543
0.483259634
0.38886791
0.455162558
21
0.596774194
0.399701493
0.492997199
0.226509573
0.508541393
0.422686045
1.041237113
0.541889483
0.466981132
0.483597285
0.495675676
0.48178021
0.451987494
0.516332982
0.768965517
0.434789225
1.384615385
0.375402926
0.52350081
0.380227155
0.472222222
0.585657371
0.556053812
0.447322366
0.551937984
0.457910139
0.385696569
0.526790185
0.936363636
0.614155251
0.458464774
0.571428571
0.445279615
0.580067189
0.476815757
0.29171658
0.476571429
21
0.607526882
0.594254937
0.441683664
0.509593496
0.435568845
0.47945708
0.512953368
0.473298749
0.64673913
0.57082153
0.49010989
0.460122699
0.54296875
0.430261348
0.634297521
0.454827136
0.554054054
0.463376623
0.424277457
0.34482593
0.460356934
0.571609632
0.336755647
0.447345668
0.450917627
0.45261669
0.633677991
0.514720812
0.421713039
0.614349776
0.520611702
0.439281531
1
0.365014128
0.470219436
0.439569536
0.465509568
21
0.453228266
0.556133056
0.902985075
21
0.32832618
0.607963247
0.628062361
0.240161002
0.459091443
0.446999641
0.510259918
0.466508439
0.414857442
21
0.436001547
0.544282029
0.485536747
0.392156863
0.512786885
0.656836461
0.426051347
0.582251082
21
0.842105263
0.482991014
0.647222222
0.461759371
0.475141243
0.372462489
0.483645879
0.495712755
0.541871921
0.454025974
0.4287183
0.638722555
0.43117854
0.471310116
0
21
0.818181818
0.66951567
0.46579018
0.388174807
0.467833491
0.431207598
0
0.383800198
0.482204861
0.375224417
0.643442623
0.524246396
21
21
0.450054885
0.693069307
0.44319311
0.408670239
0.561461794
0.504132231
0.460243553
0.46237756
0.393870231
21
0.742268041
0.490056818
0.436131387
0.473154362
0.443577005
0.531343284
0.491452991
21
21
0.431530263
0.563567362
1.306122449
0.73943662
0.397150712
0.475466482
0.3890625
0.484661118
0.455749548
0.457758412
0.539160045
0.407387465
0.553421369
0.419201173
0.447837838
0.483568075
0.437254449
0.459487716
0.739130435
0.460855529
0.735714286
0.504106485
21
0.696551724
0.399794333
0.547304171
0.363834423
0.533791523
0.599605523
0.557971014
0.461579796
0.618556701
0.575821845
0.388121547
0.529277567
0.43923946
0.482421006
0.510425354
21
0.674540682
0.56372549
0.428127428
0.4374034
0.566546763
0.566518847
0.475121951
0.51982851
0.782894737
0.58186398
0.409752438
0.456299659
0.604081633
0.500836587
0.52014652
0.478909799
0.553831232
0.626628075
0.448166877
0.483414899
0.573971079
1.136363636
0.374384236
0.466571545
0.468701898
0.462883655
0.377541998
0.823129252
0.516092603
0.486202365
0.511864407
0.482636148
0.329411765
0.489189189
0.35887341
0.405052975
0.623966942
0.324239714
0.466518477
0.454736842
21
0.411877763
0.415107103
21
0.437578815
0.527909739
0.442573662
0.49382716
21
21
0.449469965
0.450587634
0.432626662
0.46917586
0.430953719
21
0.553672316
0.476079347
0.802547771
21
0.525982256
0.497027348
1.465116279
0.430510178
0.468010953
0.447403462
0.596774194
1.046511628
0.477637864
0.431922824
0.723849372
0.441176471
0.529449018
0.724738676
1.014084507
0.497409326
0.373568415
0.472332016
0.936936937
0.472316384
0.829931973
0.436803937
0.695167286
0.494722955
0.438253598
0.469097055
2.818181818
0.43880597
0.464145768
0.445839488
21
0.465497609
0.460088365
0.383205368
0.410471491
0.58496732
0.43139619
0.413983903
0.528837209
2.25
0.411914544
0.568767908
0.765243902
0.412168793
0.442875903
0.628019324
0.398598677
0.397666751
0.585872576
0.403309781
0.521201413
0.537871524
0.597539543
0.989690722
0.479874543
0.436552275
0.427112093
0.479439809
0.483209769
0.520089286
0.502245815
0.440975835
0.511111111
0.440076702
0.215431296
0.488755622
0.399013
0
0.551061678
0.631707317
0.442944785
21
0.316302344
0.788888889
0.65480427
0.497152869
0.477983408
0.509448819
21
0.907407407
0.453537937
21
0.704545455
21
0.499750872
0.363938513
0.584603659
0.451878256
0.533333333
0.619970194
0.478165939
0.407421564
0.467501958
0.796511628
0.463691377
0.466438356
0.506535948
0.314349776
0.410742496
21
0.607679466
0.611336032
0.363559537
0.439942529
0.494266055
0.674369748
0.480556693
0.395879556
0.458304931
0.464320626
0.438969765
0.451159951
0
0.450489943
21
0.465228498
0.476297126
0.48218111
0.44679676
0.460135708
0.491206792
0.44072327
0.492257539
0.482071713
0.533015115
0.562222222
0.68989547
0.804651163
0.631424376
0.440904236
0.458107294
0.63876652
0.423030303
0.460167982
0.415151515
0.46905016
0.428571429
0.474248927
0.57540107
0.59375
0.444567627
0.480717489
0.80625
0.564534231
0.415372036
0.553925798
0.548091603
0.540145985
0.56350365
0.48222114
21
0.63064833
0.446815955
0.4552396
0.398417722
0.541471049
0.451109028
0.467018919
1.666666667
0.366477273
21
0.396314439
0.773869347
0.802721088
21
0.458864855
0.424483842
0.419191919
21
0.6
21
0.483102671
0.488917306
0.436489607
0.519911504
0.647798742
0.466063348
21
0.412206573
0.585185185
0
0.620689655
0.434276073
0.480090498
0.412983717
0.496301775
0.477584629
0.412177122
0.430686656
0.442071442
0.529857023
21
0.674220963
0.48690859
0.369527145
0.484593838
0.456488213
0.394451486
0.366739868
0.492742552
0.434531185
0.420298165
0.384603864
0.427995795
0.626326964
0.413243321
0.284375
0.465349215
0.457293497
21
0.467883212
0.494127517
0.43285991
0.433918129
0.341176471
0.543410853
0.460023401
0.784140969
0.543574594
0.515239478
0.486542443
0.468644386
0.620689655
0.51150203
0.490473441
0.496865204
0.480739599
0.439442551
0.399369345
0.410553411
0.455874391
0.383933097
0.441042048
0.445206366
0.454500249
0.453589392
21
0.452872281
0.427252378
0.376267748
0.845771144
0.464642725
0.450391107
0.46986439
0.465517241
0.412099644
0.341851852
0.474643875
21
0.507821901
0.514975042
0.52343934
0.601088647
0.64673913
0.441991661
0.519359146
0.675977654
0.39774735
0.438082557
0.492078285
0.467305717
21
0.512072435
0.471908272
0.476280835
0.476823147
0.450068399
0.490074442
0.470588235
0.463585723
0.419083763
0.405304793
0.406844106
0.480529595
0.524747206
0.439440626
0.6
0.545454545
0.452674897
0.471896482
0.456826328
0.56118665
0.840277778
0.445120826
0.501117318
0.515771998
0.534255185
0.405813067
0.645724258
0.502932551
0.40915493
0.4452902
0.501706485
0.48745709
0.422049147
0.490919097
0.82278481
21
0.718253968
0.427570678
0.511888859
0.460760518
0.434742982
0.51773491
21
0.803797468
0.589595376
0.615979381
1.283018868
0.598557692
0.385972461
0.301403295
0.407550823
0.555815769
21
0.337028825
0.670731707
0.480606331
0.430977543
21
0.488827911
0.477423239
0.513242663
1.133333333
0.41215268
0.608695652
21
21
0.505861665
0.476439791
0.493338008
21
0.53634439
0.497527201
0.56956957
0.559045226
21
0.400393645
0.444748858
0.48388582
0.535859269
0.419618529
0.535545024
0.480265585
0.450897571
0.401931544
0.764044944
0.474601971
0.566282421
0.556302521
0.405
0.489942529
0.562012142
0.43313172
0.412140575
0.47875569
0.437132785
0.466734903
0.437027072
0.435074062
0.682291667
0.462424575
0.50518719
0.44630137
0.531615925
0.482770998
0.476007678
0.461371841
21
0.451874367
0.539855072
0.45122515
0.414243858
0.594744122
0.496155132
0.450053937
0.412741628
0.510438413
0.4693172
0.676348548
0.535532995
0.453358925
0.476608187
0.884955752
0.661354582
0.404622586
0.470910335
0.449616368
0.430029155
0.440197287
21
0.483642578
0.773519164
0.969072165
0.605786618
0.533333333
0.534569983
0.926605505
21
0.424175419
0.4787914
0.444954748
0.482785603
0.509677419
0.399487179
0.5
0.599337748
0.518911745
0.395264117
0.436104657
0.471402769
0.415954416
0.474722329
0.416149068
0.474358974
0.770949721
0.432432432
21
0.48364486
0.605610561
21
0.499801823
0.46912114
0.340482574
0.415815635
0.498951782
0.466259372
0.644908616
0.44317777
0.537892791
0.36855792
0.499516441
0.508560311
0.558546433
0.623674912
0.43117853
21
0.527322404
0.434155421
21
0.521443159
0.453541858
0.427291523
0.925925926
0.434818482
0.654320988
0.36091657
0.487299119
0.856164384
0.315517241
0.346820809
0.423880597
0.4045677
0.509493671
0.425147621
0.426768815
0.476550681
0.453163517
0.474611399
0.415581774
0.401261418
0.578498294
0.461257143
0.600814664
0.559241706
0.475177305
0.438801859
0.684824903
0.450248756
0.525913339
0.417197097
0.464812124
0.509352518
0.449511401
0.383601554
0.429671362
0.43497961
0.651832461
0.416139241
0.419354839
21
0.446153846
0.493314567
0.508143322
0.43319169
0.460261805
0.414441519
0.461133309
0.496495327
0.382776586
0.478813559
0.514395393
1.391304348
0.390786864
0.465486726
0.397600936
0.457777778
0.432957544
0.837349398
0.624573379
0.441756843
0.420454545
0.576170213
0.569518717
0.435643564
21
0.43255132
0.505709625
0.496807152
0.396301189
0.462256149
0.36097561
21
0.443393348
0.518950437
0.540039063
0.484462151
0.386349139
0.480866426
0.491233374
0.417719981
0.468645567
0.483191169
0.479452055
0.360995851
0.450696677
0.468054211
0.448641484
0.450595655
0.430288462
0.567913386
0.59082218
0.443029997
0.454249695
0.441741701
0.402734892
0.350532351
0.416468554
0.434184375
0.482039911
0.514005602
0.38157404
0.510632184
0.589285714
0.457110609
0.281445448
0.518592297
0.422240803
0.391292663
0.384713762
0.75
0.578417266
0.504441624
0.435801894
0.458994709
0.577060932
0.429735234
0.433268517
0.589635854
0.360775499
0.480062959
21
0.433814576
0.76446281
0.490951097
21
21
0.494715984
0.49196515
0.597964377
0.490709139
0.486027944
0.458695652
0.77
0.459618875
0.365630853
0.54789272
0.431107167
0.544303797
0.490735379
21
21
0.377917747
0.538501027
0.747747748
0.494972931
0.462487153
0.58961039
21
0.41372549
0.43115597
0.523892268
0.594670407
0.515075377
0.580470163
0.519805982
0.837962963
0.432082794
0.453283502
0.461538462
0.396738666
0.564734895
0.471448468
0.560185185
0.550898204
0.520720721
0.473844282
0.554517134
0.448142415
21
21
0.472324723
0.470149254
21
0.66743649
0.470588235
0.46174569
21
0.394618834
0.452631579
0.669902913
0.526845638
0.492529054
0.63800905
0.675182482
0.506866417
0.475746269
0.395407037
0.447182344
3
0.658767773
0.526168224
0.532815199
21
0.557907846
0.484158416
0.407024231
0.534653465
0.50304878
0.754966887
0.554277498
0.420661503
0.517525773
0.40757329
0.522206304
0.442874845
0.494260204
0.475252525
0.449160908
0.553224553
0.523255814
0.476177208
0.447552448
0.577142857
0.660049628
0.388864912
0.543478261
0.467850099
0.571428571
0.431432974
0.472494348
0.465411298
0.915966387
0.568017366
0.726829268
0.441901721
0.438877756
0.519917227
0.701342282
0.425538104
0.630653266
0.456191875
0.475067646
0.643233743
0.582743989
21
0.456200228
0.798586572
0.568671121
21
21
0.546091015
0.517451524
21
0.468045912
0
0.453478625
0.515081206
0.523573201
0.46720575
0.669172932
0.458777886
0.46936601
0.6375
0.487421384
0.446664003
0.464128383
0.432993513
0.376775788
0.700636943
0.530181087
1.431818182
0.479859895
0.441033612
0.418226342
0.559732665
0.582437276
0.434090427
21
0.544267054
0.547368421
0.496483826
0.483360611
0.434332057
0.499097473
0.450790413
0.735849057
0.563424947
0.725947522
0.454494539
0.474648748
0.489461358
0.498050139
21
0.458415842
0.429577465
0.482846252
0.441817339
0.479134467
0.462875197
0.521050859
0.418832265
21
0.0154202
0.441599661
0.489399293
0.444839858
0.472727273
0
0.347685976
0.404726736
0.551242236
0.460235294
0.235306334
0.484193012
0.50669746
0.481720864
0.63812601
0.933333333
0.604562738
0.452132937
0.465391109
0.578299776
0.495057661
0.430467091
0.461144321
0.482384824
0.348514592
21
0.426577042
0.668304668
0.792207792
0.472952087
0.535629454
0.472211575
0.529380625
0.558073654
0.44140625
0.440041173
0.528643945
0.492439516
0.503526646
0.412396383
0.500713267
21
0.490608565
0.523110785
0.521126761
21
0.466435686
0.486194478
0.912698413
0.39920623
0.43974359
0.478723404
0.44941459
0.421465969
0.470563674
0.560137457
0.528526149
0.422712934
0.441218741
0.484985836
0.451993262
0.47171381
0.519685039
0.532281205
0.692307692
0.482200647
0.442084241
1.526315789
0.518834399
0.611313869
0.422741345
0.457425743
0.573613767
0.561959654
0.451421972
0.400503778
0.530944625
21
0.448686515
0.390070922
0.391237901
0.506565657
21
0.652557319
0.539184953
0.402214022
0.403075678
0.470527934
0.494029851
0.525436047
0.45624483
21
0.67287234
0.48685541
0.515682657
0.421621622
0.486997636
0.524475524
21
1.079545455
0.657957245
0.187437186
0.491334489
21
0.454604833
0.527512839
0.483055134
0.50246063
21
0.465491924
0.677922078
0.787128713
0.416870748
0.591731266
0.459762309
0.330978141
0.432059448
1.114942529
0.45
0.428016741
0.465859031
0.355756053
0.536337209
0.449956484
0.515394913
0.548204159
0.539700806
1.391304348
21
0.532091097
0.416666667
0.451706508
0.531050955
0.651376147
0.587576375
21
21
0.514751553
0.6
21
21
0.487841945
0.724252492
21
0.461362771
0.450387051
0.586056645
0.620879121
0.43974241
0.51742821
0.471264368
0.433980821
0.466037387
0.406923682
0.485404896
0.506253722
0.716981132
0.46734609
0.424240237
0.592417062
0.443921158
0.446629213
0.528593509
21
0.477771525
0.503943545
0.484331913
0.481557377
0.50929368
0.449808795
0.41703854
0.485472155
1.571428571
0.494640123
0.420849421
0.591324201
0.470012547
0.450739692
0.506976744
0.499738083
0.497427101
0.552016985
21
0.492217899
0.372688478
0.466685813
1.369565217
0.515486726
0.557377049
0.4296497
0.728915663
0.407074155
0.584946237
0.477978339
0.492474413
0.698529412
21
1.092105263
0.489719626
0.430810029
21
0.506378803
0.502272727
0.351933373
0.479674797
0.549270073
0.614206128
0.521813031
21
0.696969697
0.420098522
0.481591449
0.476595745
0.451574569
0.440339787
21
0.429801895
0.470828688
0.432703003
0.458498024
0.425329224
0.425974026
0.408457711
0.662068966
0.456383593
0.510935441
0.57712766
0.370686313
0.516493874
0.442801556
0.653614458
0.461314341
0.475842339
0.66536965
0.381543234
0.53592233
0.59399684
0.500394633
0.485558158
0.499668655
0.545925926
0.465572373
0.473508353
0.683823529
0.475516224
0.542513863
0.475557525
0.560664112
0.603036876
21
0.756457565
0.48630137
0.474210526
0.480283426
0.492822967
21
0.571428571
0.524336283
0.902597403
0.435519366
0.478164323
0.458879185
0.423034989
0.4617737
0.654952077
0.464386732
0.473428835
0.665271967
0.468028419
0.551871658
0.485464208
21
0.483366733
0.546121593
0.485735736
0.461330935
0.474791049
0.435359116
0.521688159
21
0.515746573
0.429440134
0.456607964
0.765151515
0.450592371
0.517311609
0.474747475
0.402361792
0.448789572
0.383449147
0.353010626
0.447904192
21
0.574290484
0.415079286
0.462970983
0.497033619
0.521774856
0.432328106
0.442617132
0.591931013
0.47187874
0.423942569
0.469006232
0.443144899
0.391375996
21
0.485348506
0.376395884
21
0.459809853
0.43483871
0.634146341
0.455578512
0.455623012
1.193548387
0.60989011
0.540642722
0.525682183
0.50676819
0.499736426
0.475235849
0.446060606
0.815789474
0.486728838
0.48117698
0.519716886
0.517896275
0.455250597
0.185943972
0.580530973
21
0.450976091
0.465428937
0.416744476
0.491119005
0.466737438
0.805970149
0.347131445
0.474304573
0.30715005
0.479857216
0.653488372
0.472727273
0.494945055
0.492950108
0.528081123
21
0.440039784
0.653488372
0.460910653
0.498410175
0.427634393
0.480694981
0.60944206
0.475968992
0.620967742
0.458322647
0.452876578
0.469644903
0.48475167
0.517108168
0.397699367
0.627906977
0.438957476
0.464625569
0.515679443
0.50097371
0.587878788
0.473372781
0.513513514
0.474370113
0.453704877
0.678947368
0.815217391
0.40652819
0.497984684
0.573304158
0.463399879
0.509646302
0.460615317
21
0.601386482
0.430339463
0.478581979
0.465607599
0.529230769
21
21
0.466234968
0.509339975
0.581423402
0.50762066
0.627483444
0.463735267
0.637964775
0.535641548
0.478955453
21
0.425120773
0.437277806
0.512747875
0.42281528
0.518926359
0.448007775
0.512164691
0.467096774
0.45205704
0.511295181
0.461760925
0.461909064
21
0.463519313
0.416110848
0.621019108
0.721189591
0.402393945
0.490313653
0.419550173
0.471343874
21
0.709677419
0.506512301
0.451302378
0.557007126
0.479108635
0.47644805
0.48427006
0.538796516
0.442580164
0.913043478
21
0.33171678
21
0.394555286
0.459785523
0.430364249
0.43776824
0.474389572
0.500266951
0.44073698
0.62109375
0.43885313
1.011235955
0.427186558
0.84137931
0.450306952
0.444357673
0.488
0.485436893
0.445611867
0.510561255
0.452907256
0.420723622
0.398815166
0.469008949
0.349514563
0.563620837
0.600409836
0.656750572
0.509072581
0.540598291
0.413770492
0.525252525
0.476866132
0.49185336
21
0.489065606
21
0.465494621
0.458047945
0.459208598
0.683098592
0.498491704
0.390749601
0.595367847
0.42835443
0.430449069
0.541755889
0.796703297
0.362107623
0.538057743
0.403794038
0.43909948
0.589358799
21
0.455023364
0.415973378
0.538894096
0.479716424
0.464088398
0.44889065
0.564136126
0.526162791
0.425120773
0.445908841
0.336884154
0.606463878
0.451706801
0.466338259
0.439831697
0.413005272
0.470409292
0.524184477
0.473562152
0.505484461
0.469334596
0.437581274
0.467027716
0.663608563
0.466988131
0.447545037
0.485768501
0.896825397
0.499219969
0.579679144
0.453870626
0.540540541
0.495545657
21
21
0.423023578
0.491346154
0.580705009
0.664772727
0.482014388
0.454135338
0.470565149
0.433046683
0.461075441
0.430971765
0.441000747
0.537909836
0.451591063
0.664974619
0.474350205
21
21
0.452689655
0.639473684
0.516241299
0.410496167
0.353749747
0.465544617
0.396198206
21
21
0.445945946
0.502443359
0.426987768
0.60989011
0.357217113
0.465014577
0.554702495
0.476111637
0.460832745
0.482059941
21
0.456921192
0.391452478
0.814814815
0.468830216
0.483097726
0.422117743
0.433033351
0.450178513
0.808510638
0.559633028
0.427823812
0.481990232
0.413110939
0.497725448
21
0.427241963
0.443495935
0.431236586
0.50371471
0.470198675
0.612903226
0.436511984
0.449740726
0.441507799
0.776556777
21
0.499684144
0.554722639
0.479638009
0.530496454
0.3078203
0.496110631
0.508996212
0.475735479
21
0.360723982
0.430406852
0.664310954
0.493535444
0.418808092
0.471582558
0.574846206
0.458892025
0.495566502
0.689230769
0.506186122
21
1.2
0.554545455
0.603982301
0.442115573
0.396254522
0.502425502
0.461561562
0.647058824
0.793814433
0.41846473
0.768707483
21
0.480408163
0.833333333
1.02
21
0.578947368
0.484165067
0.55164034
0.467127142
0.433048433
0.596806387
0.457072772
21
1.031914894
21
1.126760563
21
0.466094033
0.58699187
0.435008666
0.642857143
0.416067653
0.82
0.418491484
0.538071066
0.410292463
0.574938575
0.430084746
0.443707713
0.593333333
0.431578947
0.669491525
0.545572917
0.399419027
0.488055556
0.432297447
0.469070343
1.64516129
0.516556291
0.453624565
1.606060606
0.433242507
0.456578263
0.459684893
0
0.48591954
0.494347379
0.453072626
0.734375
0.452679343
0.892857143
0.472739362
0.751655629
0.457703631
0.46375882
0.516142215
0.457955381
0.480846774
0.474118316
0.771276596
0.53280543
0.467226891
0.485190409
0.593582888
0.472732843
0.475570033
0.459876543
0.475664827
0.516174402
0.402636917
0.608294931
0.595103578
0.462448418
0.503144654
21
0.448131493
0.461176471
21
0.559570313
0.453327172
0.418722328
0.457934509
0.487598306
0.474103586
0.369878184
0.578457447
21
0.543307087
0.514874552
0.433513514
21
0.768939394
0.611111111
0.605555556
0.87012987
0.490844127
0.48706578
0.433679354
0.459872258
0.475601604
0.445366528
0.490063995
0.393481554
0.58490566
0.508106244
0.471500582
21
0.33887987
0.412322666
0.651351351
21
0.448508181
0.47409201
0.347735192
0.419196866
0.48056338
0.452206957
0.543209877
0.441010868
0.475766568
0.47047619
0.379960317
0.634146341
21
0.461791045
0.409702347
0.484132841
0.603092784
0.47920872
0.436178248
0.508538899
0.636190476
0.532115498
0.441767068
0.511271416
0.49472675
0.453174603
0.301573034
0.486921529
0.508699254
0.604118993
0.454615981
0.809278351
0.463949843
0.443396226
0.469914738
0.540254237
0.516129032
21
0.434925094
21
0.496197719
0.441644946
0.611464968
0.595898673
0.403721205
0.502325581
0.507598784
0.473534202
0.439292251
0.622340426
0.489120975
0.607228916
0.438380282
21
0.459379616
0.487804878
0.47869055
0.405546834
0.398213684
0.454300039
0.292613636
21
0.499142857
0.581210191
0.440699523
0.480608738
0.442119944
0.556332556
21
21
0.697749196
0.473684211
0.465819948
0.533450704
0.434285714
0.512315271
0.393184797
21
0.412180221
0.938053097
0.379373289
0.58692422
0.490265487
0.507512521
0.428514056
0.458776596
0.722222222
0.53362069
0.94017094
0.473304473
0.5218509
0.436856604
0.574903969
1.384615385
0.43236715
0.637362637
0.401652893
0.424346335
0.659448819
0.39791793
0.558035714
0.584216726
0.483381503
0.441446162
0.32490163
0.389840758
0.536713287
0.485931811
0.461440408
21
1.240740741
0.343144995
0.463113307
21
0.47940642
0.453119554
0.488070322
0.598901099
0.917910448
0.408248034
0.450355544
21
0.468531469
0.410278251
0.431358382
0.429792979
0.489490446
0.433387073
0.527595884
21
0.440490254
0.498649379
0.427291347
0.472770091
0.32003988
0.463263359
0.603151862
0.405752121
21
0.367681499
0.567862715
0.85
0.468395462
0.669767442
0.56043956
1
0.478472222
0.429735234
0.408444133
0.506532663
0.435261063
0.7265625
0.587017874
0.419041451
0.585594013
0.502805562
0.546201232
0.495289367
0.49568434
0.460085837
0.604651163
0.479560708
0.576407507
0.450549451
0.316085489
0.404966954
0.455362319
0.367910667
0.45279008
0.768939394
1.020408163
0.465811966
0.432135729
0.507009346
0.313609467
0.475292004
21
0.660465116
21
0.560636183
0.425543628
0.441242591
0.685997171
0.523099851
0.44488189
0.423063683
0.498102467
0.451656222
1.213114754
0.478431373
0.513137558
1.387755102
0.839416058
21
0.442519685
0.746835443
0.389781549
21
21
0.425103399
0.425587467
0.424691358
0.472295515
0.431515318
0.404740741
0.512858193
1.064102564
0.484819277
0.523287671
0.427997321
0.854304636
0.490546218
0.471067645
0.588235294
0.445591471
0.465587045
21
0.55399568
0.475855131
0.414403575
0.441402498
0.497783152
0.446550937
0.497401633
0.449479081
0.435244519
0.569264069
21
0.523062731
0.390172253
0.431928012
0.81443299
0.457793345
0.685358255
0.502613891
1.833333333
0.380414313
0.4747557
0.62745098
0.438007277
0.366652212
0.539961014
0.453173653
0.432215137
0.645522388
0.417499631
0.43729097
0.609951846
0.47295423
0.485927152
0.470986679
0.473269789
0.774011299
0.46244856
0.471182025
0.491629236
0.983193277
0.449216365
0.549461312
21
0.412299239
0.477982386
0.540897098
0.408004779
0.558564658
0.438704497
0.462050599
0.596125186
0.488178488
0.498799314
0.498075072
0.493223335
0.604395604
0.622754491
0.474931986
0.408974578
0.576070901
0.365280289
0.48502994
0.433132898
0.652985075
0.489349112
0.457407407
0.537699924
0.437412465
0.409862142
0.438651922
0.720588235
0.320217918
0.508890771
21
0.430662658
0.5152207
21
0.369085174
0.382119955
21
0.521515435
0.578947368
0.455365079
0.75
21
0.408566722
0.457831325
0.380792478
0.504166667
0.457519531
0.472354555
0.473684211
0.832214765
0.409655537
2.666666667
0.805785124
0.495674967
1.123595506
0.47196738
0.157446809
0.583756345
0.754716981
0.531162791
21
0.512820513
0.514008621
0.406359735
0.465587045
0.473095365
0.460927809
0.895522388
0.475098814
0.44013683
0.482966796
0.455104788
0.419464513
0.591240876
0.66374269
0.80952381
2.25
0.408963585
0.425079702
0.453457447
1.529411765
21
0.827956989
0.573415765
0.641975309
0.49122807
0.467760844
21
0.486426593
0.49751861
0.463355049
0.478191277
0.515837104
0.592321755
21
0.465565935
0.441537424
0.434146341
0.504542701
0.392539455
0.474497682
0.611111111
0.4375
0.389552654
0.740740741
0.404245501
0.436720997
0.455407303
0.554455446
0.424829157
0.479403409
0.744827586
0.473841555
0.596418733
0.348300424
0.464991983
0.430787911
0.436570862
0.854961832
0.956043956
0.45758483
0.531013616
0.47108512
0.52173913
0.266593527
0.443110454
0.459612659
0.341416101
0.461386139
21
0.624365482
0.465535525
0.551112222
0.462706716
0.703971119
0.438347321
0.501173158
0.544217687
0.478014184
0.622526636
1.487804878
0.471544715
0.538538539
0.408161178
0.409009009
0.496770721
0.378421096
0.570491803
0.558801498
0.701117318
21
0.503837719
0.482758621
0.521636507
0.498428661
0.426893524
0.66536965
0.449324324
21
0.461938245
0.96969697
0.403592675
0.383009533
0.485540335
0.684210526
0.4186224
0.371724987
0.623818526
0.450532725
0.472772277
0.576996198
0
0.465722121
0.427934621
0.471193416
0.410194175
0.42468876
0.451344608
0.98989899
0.508707124
0.596774194
0.449353108
0.459691252
0.473237598
0.440646364
0.374441466
0.431508397
0.694581281
0.334846029
0.733606557
0.485683987
0.399856167
0.443620057
21
0.469434833
0.550295858
0.426086957
0.44741533
0.503703704
0.495970991
0.506390749
0.480656506
0.458669355
21
0.394349223
0.446643984
21
0.480195599
0.64893617
0.466282697
0.4507522
0.440956291
0.406965495
0.462676056
0.449742557
21
0.523319616
0.481283422
0.642696629
0.478165939
0.679577465
0.455801105
0.534124629
0.425377644
21
0.469230769
0.462774505
0.62962963
0.504299444
0.485528647
0.464460784
0.455502392
0.463647694
0.497129736
0.412700751
0.3521682
0.545112782
0.517482517
0.516464471
0.50969779
21
0.418706294
0.447973713
0.489840348
1.512820513
0.520485584
0.443637621
21
0.440342188
0.483660131
0
0.53526971
0.68579235
0.932692308
0.432153392
21
0.436235098
0.486338798
0.547103978
0.483936422
0.474289739
0.479268293
0.489634036
0.601156069
0.535966981
0.463564132
0.187621239
21
0.457853244
0.425414365
0.468193384
0.41391241
0.526666667
0.206803939
0.435273369
2
0.537839824
0.459539474
0.416604057
0.509023355
0.407713499
0.449168646
0.517605634
0.621848739
0.40739776
0.422955264
0.295471418
0.444322845
0.426102427
21
0.455657492
0.463927532
0.773195876
21
0.478200883
0.510138741
0.429530201
0.421816894
0.699751861
0.464549064
0.523195876
21
0.424452134
0.169339995
0.87755102
0.437939698
0.469044415
0.416121545
0.440270083
0.474324725
0.50215208
0.527607362
0.611390285
21
0.464195023
0.423943105
0.644341801
0.487352445
0.395904437
0.100084222
0.414703783
0.456412104
0.789189189
0.526946108
0.420295983
0.491269467
0.743718593
0.727678571
0.642994242
21
0.438479936
0.557562077
0.422022472
0.667506297
0.479781917
0.539717084
0.262526096
0.494214876
0.435238595
21
0.438485804
0.23752119
0.531687792
0.533175355
0.545119705
0.55721393
0.858024691
0.459090909
0.429388222
0.465892598
0.477308294
21
21
1.142857143
0.464459591
21
0.466565809
0.513773222
0.439207921
21
0.402479979
0.461214953
0.620879121
0.567567568
0.29588015
0.733766234
0.595744681
1
0.48721174
0.478680203
0.460538117
0.257735149
0.532473734
0.468325792
0.682464455
0.278383838
0.337681159
0.453283125
0.472318942
0.497016706
0.506289308
0.427637392
1.264150943
0.437791602
0.440199005
0.427550517
0.629558541
0.430010493
5
0.421911422
0.623873874
0.462569316
21
0.415619753
0.453295129
0.377631368
0.409037969
0.512272367
21
21
0.512984569
0.480861244
0.41136518
0.470384615
0.503026634
0.420608354
0.598484848
21
0.633867277
0.522445081
0.476010578
0.542179262
0.405663916
0.450532248
0.456832476
0.477379095
0.44079602
0.438564197
0.422272727
0.536714976
0.392248062
0.28416168
0.44648424
0.394522968
21
0.301567034
0.409442409
0.499208861
0.57615894
0.391675196
0.517315245
0.586102719
0.45426149
0.378673384
0.435738444
0.57591623
0.339670469
0.673521851
0.45295587
1.164383562
0.461790393
0.540639269
0.512893983
0.500483092
0.474339036
0.464748201
0.496011262
0.46474181
0.424396442
0.416337286
0.429592566
0.482968988
21
0.496435515
21
0.501453488
0.46443203
0.548387097
0.512252964
0.641176471
0.941176471
0.439443962
0.514347202
0.418531606
0.768844221
0.432552954
21
0.463340892
0.446234012
0.565293602
0.452206698
0.48203179
0.689419795
0.475807652
0.452980947
0.485615251
0.457730033
0.45246238
0.510567297
0.478912101
0.440029299
0.519753086
0.339523282
21
0.479633401
0.52581262
0.694545455
0.679487179
0.530081301
0.434782609
0.383042394
0.488359502
0.359531773
0.663366337
0.42871305
0.703296703
21
0.59652333
0.510638298
0.488944724
0.449961803
0.530546624
0.578947368
0.98989899
0.481751825
0.76
0.504373178
0.462756598
0.468141127
0.540821918
0.83902439
0.421253823
1.142857143
0.40942928
21
0.387898526
0.513238289
0.433202639
21
0.531231049
0.513586957
0.430545795
0.511226252
0.529275809
0.469423825
0.423472474
21
21
0.477170994
0.482635342
21
0.810810811
21
0.437988827
0.661354582
0.509881423
0.473875181
0.26770143
0.385102567
0.480640466
0.65
0.3578125
0.902654867
0.455824607
0.346376812
0.510035419
0.565776459
0.499727223
0.632218845
21
0.801675978
0.452184179
0.513888889
0.442976356
0.426710098
0.348956608
0.49759904
0.403238242
0.549591599
0.533613445
1.08974359
0.541176471
0.472112429
0.470692325
0.462129332
0
0.527258567
0.483662055
0.755656109
0.488934426
21
0.430947581
1.482758621
0.468968597
0.395336371
21
0
0.498442368
0.373106061
0.42671984
0.554649266
0.490566038
0.461070342
0.631691649
0.486672399
0.843537415
21
0.484693878
0.446941976
21
0.446733786
0.745689655
0.483028721
0.586826347
21
0.478667082
0.446953047
0.530454042
0.43842002
0.22724825
0.62109375
0.473157163
0.54978355
0.520604396
0.492857143
0.432971716
0.487903226
0.42689177
0.474611095
0.379066478
0.554054054
0.628450106
0.775
0.457114527
0.407803141
0.46386604
0.278859212
0.466954023
0.499506417
0.638429752
0.51426025
0.442891696
0.503848431
0.594621514
0.587412587
0.436669619
0.491322792
0.427014402
0.415879828
0.518478843
0.574029126
21
0.513651087
0.39893617
0.506476684
0.527750248
0.425056948
0.45486631
21
0.4342723
0.297471264
0.487725041
0.757446809
0.49934811
21
0.51
0.503056235
0.535740604
0.474928138
0.497054492
0.516707921
0.474450549
0.507619048
0.433843384
0.463205645
0.46044712
0.450390625
0.47826087
0.542682927
0.734375
0.625368732
0.508310249
0.467224949
21
0.466884467
0.49907919
0.392218387
0.486858573
0.548185232
0.745901639
0.409836066
0.473372781
0.483267717
1.035294118
0.466826539
0.580952381
0.454839754
0.438501589
21
0.47535449
0.450459159
0.532114184
0.46331178
0.529649596
21
0.482152095
0.517691515
0.463929284
0.448285102
0.410657051
21
0.431814776
0.421530249
0.605757196
0.529639175
0.613636364
0.520093186
21
0.520618557
0.444470369
0.503100566
0.345441668
21
0.557413601
0.460486971
0.54756871
0.427725531
0.445294118
0.448453608
0.524429967
0.708185053
0.832116788
0.503401361
0.508762613
0.395973154
0.417450366
0.468692449
0.553928096
0.441860465
0.445406256
0.4728739
0.537463977
0.401185204
0.425634547
0.43384291
0.408958774
0.537280702
21
21
0.601139601
0.532921811
0.534574468
0.427144659
0.6
0.546602526
0.805232558
0.419825664
0.407654811
0.452054795
0.8125
0.458611825
0.602666667
1.404255319
0.398496241
0.424896647
0.483870968
0.566489362
0.480831409
0.650537634
21
0.480707395
0.463194988
0.378747705
0
0.476133652
0.540315877
0.860215054
0.435285685
0.406098406
0.388842164
0.459617428
0.473189608
0.36162465
0.46619898
0.47671324
0.49247091
0.448743518
0.437837838
0.553586498
21
0.454500978
1.049382716
0.459086079
0.633952255
0.63064833
0.287426455
0.477198697
0.464712919
0.45754717
0.506072874
0.43877551
21
0.499704666
0.422481673
0.538961039
0.442189812
0.565085772
2.052631579
0.574840764
21
0.506769826
0.414940656
21
0.413821938
0.536687631
0.499267936
0.459308807
0.399266728
0.493995196
0.493670886
21
0.494265429
0.506849315
0.438888889
0.497816594
0.411646586
0.456891126
0.381979152
0.480309877
0.49566132
0.89516129
0.451148307
0.467557252
0.416473111
0.436869899
0.458957887
0.536793184
21
0.494952585
0.502604167
0.47601476
0.498913043
0.399209486
0.010328292
21
0.447264584
0.54691689
0.475186104
0.576870748
0.672222222
0.46249295
0.38996139
0.514513788
0.464759536
0.439043825
0.517219787
0.471248247
0.466887417
0.539582014
0.518438178
0
0.424350772
0.394941634
0.460863846
21
1.444444444
0.460784314
0.515781923
0.475755446
0.711864407
0.515246286
0.453267163
0.610810811
0.428571429
0.44476489
0.496085011
0.477059925
0.300864309
0.55483871
0.45234435
0.487269535
21
0.398749399
0.454324734
0.433429812
0.4386
0.388396756
0.465512347
0.433918129
0.476374903
21
0.528158295
0.704797048
0.757575758
0.530503979
0.426554828
0.885714286
0.522284997
0.415151515
0.388539429
0.416479455
0.533762058
0.496119734
0.573634204
0.509242144
0.468238114
0.465201465
0.417760514
0.410916581
0.52757079
0.754098361
0.642696629
0.457912458
0.316091954
21
0.341217049
0.482022472
0.471936234
0.42578689
0.47860262
0.497522299
0.475585938
0.575931232
0.456283566
0.466897447
0.483471074
0.475508666
0.672680412
0.477842004
0.476633623
0.510334996
0.45375597
0.452003728
0.38842419
0.320930233
0.471041282
0.489018377
0.56626506
0.454441354
0.436827106
0.392461197
0.450056754
0.405918481
0.475192173
0.480769231
0.467276566
0.469815668
0.48364486
0.474901575
0.5
0.435441941
0.99
0.525402726
21
0.580057526
0.438372093
0.480582524
0.460150376
21
0.313758705
0.48946925
0.488035761
0.373768646
0.516528926
0.479365079
0.534606205
0.577167019
21
0.56133829
0.571174377
0.453742204
0.508408072
0.627871363
0.47163363
0.594202899
0.566780822
0.510623715
0.617784711
0.470348837
0.423771002
0.500690926
0.593423019
0.597765363
0.552442529
0.459925094
0.509413854
0.339517154
0.438346401
0.508389262
0.4909699
0.560723514
0.371327254
0.566947207
0.986842105
21
0.471134705
0.502109705
0.451410658
21
0.456473214
0.548092869
0.458224543
0.705882353
0.383015598
0.397321429
1.540540541
0.472432432
0.483967936
0.5606596
21
0.53696182
0.532356532
0.48549884
0.562805873
0.336666667
0.47481685
21
0.447142135
0.60989011
0.498214286
0.50310559
0.495927865
0.537720706
0.741071429
0.477110157
0.445255474
0.563481675
21
0.47745098
0.607407407
1.035714286
0.399832121
0.757322176
0.444570456
0.70212766
21
0.421085156
0.740875912
0.895104895
0.501664817
0.455820067
0.45425636
0.451208594
0.383321141
0.414551607
0.452587992
0.642201835
21
0.466520651
1.714285714
0.475852902
0.570893526
0.766467066
0.719101124
21
0.596810934
0.352649007
0.583657588
0.486784141
0.500240269
0.398523287
0.463435868
11
0.441330998
0.400995117
0.454681648
0.532806804
0.436384439
0
0.590038314
0.85840708
0.668918919
21
21
0.537936914
0.635416667
0.697508897
0.30351179
0.370800352
0.43967151
0.414812305
0.359160029
0.531496063
0.706484642
0.460122699
0.470528455
21
0.673015873
21
0.413461538
0.447219361
0.392922674
0.427738928
0.425757576
0.67679558
0.509560229
21
0.492978937
0.452758621
0.526315789
0.443609023
0.600985222
0.452997275
0.448006255
0.476038339
21
0.492788462
0.498262682
0.435199042
21
0.577319588
0.431533048
0.43701849
0.440366972
0.506788991
0.287575053
0.441473179
0.524615385
0.416397895
0.491152182
0.635135135
0.45773399
0.529936306
21
21
0.529590288
0.485895222
0.595278246
0.464017522
0.42016026
0.463318049
21
0.832116788
0.397607319
1.384615385
0.459289617
0.463017751
0.456282848
0.462914863
0.573726542
0.454832596
0.47606383
0.453993933
0.488994497
0.413382042
0.430321593
0.523158694
21
0.378457978
0.488800245
0.41936532
0.781609195
0.752688172
0.463866584
0.447183099
0.422632794
0.466571835
0.467000238
0.331002331
0.538679915
0.496116505
0.636007828
0.443524096
21
0.472392638
0.418746196
21
0.508143322
0.677922078
0.413982001
21
0.431949807
0.35575086
0.63908046
0.536231884
0.462564863
0.487411233
0.447230539
0.538628945
0.480539303
0.473238482
21
0.509673853
0.598187311
0.478482859
0.480379333
0.455341932
0.538101604
0.482061069
0.401337793
0.402088773
0.444832809
0.436444886
0.437873907
0.521674141
0.42750431
0.526515152
0
0.459097859
21
0.414073072
0.408720456
21
0.51590106
0.428023807
0.437308869
0.468784228
21
2.428571429
0.412779129
0.715355805
0.377349733
0.823170732
0.57112069
0.98
0.475757576
0.489790576
0.558232932
0.554621849
0.418418525
0.519784173
0.407258065
0.422987359
0.500473934
0.401574803
0.452408039
0.513144059
0.41093033
0.465684738
0.485343228
0.549040512
0.456806283
21
0.627906977
0
0.489806587
0.556213018
0.570351759
0.475551294
0.328424153
0.471000935
0.571637427
0.478551001
0.547486034
21
0.468710889
0.446299388
0.402373073
0.403174603
0.80625
0.543571429
0.184156925
0.433981233
0.459143969
1.113924051
0.515231788
0.559928444
0.467608228
0.410386965
0.603563474
21
0
0.546153846
0.472680601
21
0.663299663
0.334836528
0.500393701
0.49837963
0.446918955
0.599690881
0.485611511
0.426071741
0.555757026
0.412497775
0.412558774
0.475014037
0.525201613
0.807017544
0.478827362
0.428333333
0
0.476525822
0.414224138
0.456847545
0.456529151
0.31156015
0.536458333
0.573689416
0.508361204
0.416772019
0.481123389
0.4125
0.488163558
0.458850932
0.442701863
0.711864407
0.507848569
1.092307692
0.42990087
0.416859122
0.480492091
0.382976205
0.448673587
0.60455192
0.499614495
0.605309735
0.845303867
0.661971831
0.562799616
0.624784854
21
0.587649402
0.470449791
0.524705882
21
0.390488176
0.387261146
0.670984456
0.508591065
0.460447915
0.454674221
0.484520124
0.517190929
0.431790937
0.788546256
0.451333333
0.503021148
0.491661107
0.487694301
0.454653938
0.487722677
21
0.510638298
0.609480813
0.96875
0.511059371
0.406666667
0.459127228
0.594871795
0.473474801
0.516605166
0.591289782
0.465144026
0.429277332
0.47392767
0.388965517
21
0.499050332
0.492082344
0
0.499466951
0.449244633
0.500492126
0.517102616
0.653846154
0.528510638
0.596774194
0.57312253
0.438267993
0.590526316
0.43133104
21
0.4446875
0.433918129
0.500489716
0.777202073
0.476762081
0.3521682
0.432708688
0.584139265
21
0.41974752
0.430392352
0.402052382
0.495316159
0.474625144
0.508571429
1.348837209
0.45283773
0.427638415
0.464136378
0.278038602
0.477345246
0.472202674
0.588541667
21
0.262125535
0.485411141
0.65497076
0.361940299
2.25
0.420849421
0.5355494
0.51542461
0.43388615
0.443717277
0.48537234
21
0.495908347
0.525917927
0.440605051
0.385979381
21
0.52124183
21
21
21
0.46202036
0.418908629
0.697916667
21
0.366540425
0.42925119
21
0.370980707
3
21
0.530640669
0.58019802
0.848484848
0.591836735
0.421447525
0.493312954
1.203125
0.447916667
21
0.506701031
0.493036212
0.464912281
0.551198257
0.542168675
0.451384797
0.266200104
0.459308807
0.341579448
21
0.427361686
21
1.261904762
0.436149312
0.492704826
11
0.502940353
0.641826923
0.372760158
0.771929825
0.683908046
0.472649047
0.477994754
21
0.43861024
0.466344703
0.468782518
0.557971014
0.414726243
0.637323944
0.5
0.439329051
0.329624478
0.631168831
0.63364486
0.420259191
0.468733154
0.443200762
0.538317757
0.441841143
0.482074264
0.723183391
0.341189268
0.521072797
0.498533724
21
2.666666667
0.450328022
0.457971014
0.419397117
0.442442602
0.798107256
0.457091858
0.450544845
0.514162562
0.419654714
0.410742496
0.340533981
0.460431655
0.675824176
0.541310541
0.477391502
0.496319664
21
0.480769231
0.777777778
0.57957958
0.485122411
0.499605989
0.42791762
0.496275605
0.481865285
21
0.598901099
0.446841294
0.457582084
0.265465936
0.440736479
0.571030641
0.48557354
0.843137255
0.480991736
21
0.445919478
0.652439024
0.621776504
0.561046512
0.493514916
0.445933667
0.670588235
0.485026424
0.42380137
0.459941234
0.704797048
0.477854671
0.542063492
21
0.449058693
0.47768449
0.524838013
0.53003337
0.546820809
1.555555556
0.392268883
0.306768559
0.45025245
21
0.409266409
0.407487091
21
21
0.530769231
0.479522467
0.494047619
0.413547237
0.436356559
0.537164751
0.544091711
0.43542309
0.571008815
21
0.535511364
0.339362618
0.460552933
0.627254509
0.394035751
0.309005297
0.513165952
0.459866221
0.475132275
0.415492958
0.463006709
0.779279279
0.460753982
0.423511094
0.417695473
0.409358158
0.545807453
0.3866846
0.508277131
21
0.434403241
0.548064919
0.487616728
0.486091986
0.453815261
0.531313131
0.467245462
0.51584078
0.463680387
0.483430799
0.51556157
0.549915398
0.49849737
0.512277731
0.414989758
0.420200463
0.44375324
0.410981356
0.509925558
21
0.341798942
0.484930579
0.399317406
0.451073232
0.456060918
0.473333333
0.40942928
0.661354582
0.478538813
0.439764706
0.415919587
0.499447921
0.338664158
0.614457831
0.436700485
0.441100043
0.53006993
0.601423488
0.422824302
0.465443972
0.456891818
0.581039755
0.881355932
21
0.693820225
0.442093744
0.496252465
0.708333333
0.875
0.555785124
0.599724897
0.435304991
0.255183413
0.45416417
21
0.529230769
21
0.630136986
0.431212041
0.458542343
0.452188695
0.52854512
0.733108108
0.425176622
0.578485181
21
0.670731707
0.48512252
0.416383308
0.462840324
1.293103448
0.52048823
21
0.663265306
0.418633094
0.685185185
0.432044572
0.486673969
0.448285102
21
0.439829717
0.468494126
0.341859186
0.48626175
0.460650013
0.381482487
0.501340483
0.528233151
21
0.465490196
0.443098502
0.439868204
0.508287293
21
0.513746274
0.535769429
0.498054475
0.322520274
1.333333333
0.502409639
0.521649485
0.428409315
0.356971236
0.401554404
0.463846532
0.436206248
21
0.553082192
0.40199005
0.371567605
0.507487521
0.471055619
0.494363257
0.483050847
0.319088319
0.523052464
0.435109795
0.488197425
0.422991218
0.514049587
0.458978102
0.448935402
21
0.433523654
0.588235294
0.500933707
0.504405286
0.460602373
0.473643709
0.635607321
0.50137741
0.490506329
0.511938202
0
0.466440422
0.598233996
0.597107438
21
0.888888889
0.460344341
21
0.443179422
0.497193264
21
0.483193277
0.405013193
0.449347892
0.441742655
0.523850824
0.550847458
0.573141487
0.463934426
21
21
0.483351831
0.618721461
21
0.556514236
0.60326087
0.442360728
0.468594408
0.615517241
0.455759599
0.562141491
0.455159373
0.422539683
1.048780488
0.565543071
0.487723679
0.481596452
0.455038409
0.71147541
0.942307692
0.445454545
0.601423488
0.416781483
0.443545421
0.448312236
0.408898305
0.584337349
0.502780352
0.486021505
0.461194863
0.481915934
0.626349892
0.401469098
0.439217759
0.443171608
21
0.623582766
0.207398208
0.752351097
0.451230629
0.250747069
0.447374108
0.395234395
0.404590772
0.491969066
0.509734513
0.658792651
0.37567218
0.654166667
0.498861048
21
0.398522471
0.470856399
0.479193879
0.498206457
0.496979681
0.47559322
0.584382872
0.597402597
0.559554413
0.523076923
0.421300049
0.508271299
0.658878505
0.511536573
0.568070519
0.426891144
0.531021006
0.466906587
0.46797153
0.455267613
0.637096774
0.528429603
21
0.568627451
0.476224273
0.60989011
21
0.435023246
0.523765786
0.430093555
0.497536946
0.39367284
0.492516037
0.589984351
0.495873615
0.469536962
0.471207865
0.498310292
0.538406317
0.481545064
0.583577713
0.441872169
0.556742323
0.484679666
21
0.619883041
0.470294281
0.62109375
0.542993631
0.45308095
0.493045897
0.465258477
0.458577952
0.44112478
0.443937289
0.476123923
0.269230769
0.322905028
0.510162602
0.513338723
0.445870923
0.439455506
0.678100264
0.46829932
0.375848033
1.555555556
0.435723951
0.454293629
0.478119935
0.415828822
0.58358209
0.495093666
0.444343342
0.597137014
0.632218845
0.494764398
0.477561705
0.64664311
0.572502685
21
0.444664816
0.530851064
21
0.96875
1.020618557
0.678899083
0.457971014
0.452211568
0.499451153
0.408360129
0.483850129
0.906976744
21
0.6
0.4365722
0.403329065
0.474725275
21
0.383815029
0.506648936
0.550248756
0.560699588
0.424535316
0.482019704
0.555555556
0.47925436
21
0.595879556
0.527826087
0.513535685
0.455399061
0.351705531
0.487165775
0.503549696
1.102564103
0.437176706
0.509324759
0.768211921
21
0.503194888
0.386395187
0.429643334
0.438977513
0.725239617
0.502558854
21
0.407252441
0.445052331
0.419276523
0.440146631
0.466229508
0.484320557
0.541155867
0.543429844
0.5409699
0.37403709
0.421390374
0.469421488
0.431078332
0.605067064
0.511216057
21
0.42018262
0.43327723
0.507281553
0.452987698
21
0.402970297
0.607526882
0.477747502
0.47092469
0.369190295
0.568075117
1.296296296
0.477005348
0.661184211
0.562245728
0.482022472
0.438625205
21
0.447173436
0.6
0.490844354
0.518442623
21
0.500896057
21
0.441043478
0.443493996
0.48994709
0.829457364
0.659959759
0.538208169
0.433020638
0.63556338
0.420273349
0.338894682
21
0.573154362
0.478191911
0.522263451
0.461026616
0.517386723
0.799283154
0.47862069
0.962962963
0.408354115
0.413337339
0.455029094
21
0.416857236
0.541310541
0.501323452
0.630669546
0.637764933
0.60989011
0.573018081
0.523866348
0.657004831
0.405918481
0.551581843
21
0.386253521
0.465272591
0.505595117
0.49556541
0.613793103
0.390973631
0.378994238
21
0.565714286
21
0.439147133
0.442272892
0.505976096
0.592295345
0.491045398
0.466894977
0.44625781
0
0.662436548
0.48697809
0.437046005
0.539702233
0.940594059
0.416133963
0.567251462
0.440530171
0.407704655
0.513119534
0.41969697
0.756544503
21
0.666666667
0.351963251
0.424
0.391038697
0.419522326
0.471270427
0.473514509
0.506382979
0.508441558
0.579681275
0.478587774
1.02173913
0.643137255
0.482262383
0.493324433
0.435512367
0.430584919
0.682464455
0.364524615
0.607954545
0.436116868
0.684350133
0.445073613
0.422403329
0.509070918
0.401948539
0.486825596
0.847826087
0.557623479
0.409340659
0.60125261
0.476151717
0.478288633
0.407573964
0.406641604
0.505617978
0.193624068
0.524625268
0.410767697
0.428283732
0.406682787
0.633152174
0.44755877
0.575326216
0.57329463
0.475166411
0.439208749
0.455596861
0.714285714
0.590909091
0.542569659
0.476438277
0.400907716
0.458697379
0.495
0.48424289
0.46039194
0.523774146
0.654676259
0.456485356
0.494692144
0.481749311
0.500761035
0.884892086
0.481884058
21
0.799107143
0.478494624
0.365814696
0.421020702
0.456699698
0.520020534
0.438410596
0.439951865
0.392821839
0.796511628
0.485102812
0.451547231
0.476327945
0.630252101
0.43331468
0.458406305
0.388125831
0.563768116
0.454178674
0.399137855
0.452788515
0.530092593
0.343108079
0.480156344
0.698324022
0.546928328
21
21
0.43327787
0.443283582
0.471330275
0.502202643
0.428633031
0.768361582
0.493383743
0.423242468
0.445255474
0.460077383
0.521558872
0.557799091
0.487701041
0.436324168
0.433486602
0.528803545
0.553054662
0.404840155
0
0.451792829
0.453703704
0.673003802
0.346938776
0.480537535
0.751592357
0.522296885
0.441638225
0.512647555
0.402555911
0.798882682
21
0.416687443
0.734375
0.454086318
0.650246305
0.455020921
0.411061286
0.546319797
0.471328671
0.488209607
0.523502898
0.45361552
0.449652778
0.492196007
21
21
0.494025546
0.399270483
0.462187959
0.475790182
0.646511628
0.454035525
0.498675146
0.548412084
0.479334546
0.601010101
0.576595745
0.46747449
0.399092314
0.386400756
0.454043902
0.449941452
21
0.502989537
0.454192115
0.512012012
0.409786808
0.472424314
0.388628813
0.62109375
0.378670013
0.442334495
0.361591696
0.496546119
0.501785714
0.778242678
0.457519934
0.429939925
0.457092129
0.489719085
0.529255319
0.379052369
0.650537634
0.558364312
0.437991859
0.439211019
0.501522533
0.611510791
0.46719631
0.482514387
0.49879952
21
21
0.495403473
0.486651835
0.690340909
0.483652067
0.405628518
0.477272727
0.570247934
21
0.474386339
21
0.531775701
21
0.502876481
0.471933472
0.368441358
0.462801257
0.629310345
0.572463768
0.408426966
0.455696203
0.46740705
0.502879079
0.445315416
0.483938256
21
0.249729083
0.558659218
21
0.495199596
0.484942085
0.509130752
0.448318294
0.762081784
0.416080402
0.430593359
0.443408788
21
0
0.452290422
0.464803313
0.441942485
0.471523179
0.524071527
21
21
0.544973545
0.523163842
0.553639847
0.409730886
0.371174421
0.190122765
21
1.245614035
0.476987448
0.431790123
21
0.433918129
0.422663358
0.428396573
0.512846865
0.709762533
0.428209459
0.762589928
0.407882883
0.562913907
0.448729583
0.487714418
21
0.477122381
0.648854962
0.470343392
0.516893894
0.460562487
0.473423104
0.466469428
0.443118875
0.354652152
0.507876969
0
0.486430063
0.530721966
0.554199569
21
0.467590858
0.418471338
0.44813509
0.626535627
0.402792608
0.479390681
0.453971119
0.515368852
0.487895717
0.440453074
0.499390987
0.482675262
1.034090909
0.450293772
0.604910714
1.8
21
0.507564297
0.411395245
0.496569921
0.435665914
0.50498132
21
0.58184765
0.599431818
0.454906109
0.528735632
0.61875
0.645429363
0.287564767
0.465798046
21
0.478733459
0.677922078
0.461177697
0.394894453
0.508737864
0.584394904
0.456090652
0.791946309
0.522818255
0.175272383
0.503306392
0.518847007
0.482634731
0.411800487
0.398259428
0.331753555
0.514472966
0.46298984
0.47446458
0.555069292
0.433540373
0.62109375
0.630136986
0.613305613
0.502159161
0.490074845
0.528236316
0.384022605
0.518344309
0.413333333
0.674033149
0.591054313
21
21
0.567454798
0.623622047
21
0.362360791
0.639751553
0.321939704
0.471246819
0.455118874
0.584615385
0.502395619
21
0.543548387
0.467190388
0.470044379
0.537720706
21
0.465873837
0.460422164
21
0.452760736
0.449836868
0.503015075
0.362807296
0.483130488
0.470088375
0.338992113
0.467092008
0.825806452
0.459649123
0.480458572
0.459127625
0.407312144
0.50621118
0.40659147
0.478961955
0.594763092
21
0.413997214
0.39800759
0.537936914
0.488476312
0.470065482
0.432937182
0.491964286
0.484423676
0.444695898
0.435046729
0.526810913
0.490873533
0.477973568
0.431695541
0.502406739
0.491940484
0.505190311
0.461209203
0.598984772
0.514070007
0.420500874
0.550213675
0.446322908
0.464228935
21
0.251196172
0.517703349
0.439757296
0.465353418
0.600746269
21
0.527141923
21
0.509409474
0.907563025
0.491338583
0.431978502
0.388996764
0.582482993
0.518463811
0.596825397
0.546078431
0.460868979
0.489099526
0.515669516
0.47943038
21
0.476804124
0.57117595
0.805405405
0.393176617
0.919463087
0.442342342
0.399415535
0.432523759
0.420711974
0.327380952
0.577731092
0.452409399
0.458412098
0.582210243
0.388123012
0.437214305
0.243940887
1.224137931
0.268377843
21
0.529577465
0.552325581
0.443729904
0.521047228
0.443700293
0.438586957
0.722222222
0.516339869
0.478317152
0.458333333
0.455273234
0.392095769
0.473149492
0.363546936
0.49257834
21
0.664536741
0.494494494
0.44544592
0.623595506
0.519319938
0.325301205
0.539726027
0.611295681
0.453846154
0.43182701
0.64673913
0.48992674
0.371543489
0.60989011
0.418031873
0.43473174
0.53526971
0.470238095
0.461365341
0.427709263
0.457702582
0.393337066
0.459558824
0.495061359
0.441631505
0.427320955
0.407086045
0.428392832
0.445252352
0.482359278
0.444983819
0.361297145
1.131578947
0.52184466
21
0.494773519
0.453057709
0.493675889
21
0.452117378
0.470050761
0.459355194
0.451719851
0.541586074
0.526743075
0.514727908
0.508474576
0.567307692
0.532071504
0.408179631
0.441520468
0.45959596
0.441777381
0.258147199
0.468705882
0.399414941
0.410702561
0.533236994
0.385633531
0.488862131
0.490186916
0.015337423
0.660079051
0.413618636
0.425876704
0.316983688
21
0.410591603
0
21
0.434393638
0.691780822
0.443222143
21
0.504850601
0.892307692
0.475512021
0.520473157
0.403732653
0.478929282
0.378995434
0.52293578
11
0.455053043
0.477854024
0.438992779
0.400297619
0.476442562
0.605555556
0.445945946
0.410996736
0.465309898
0.538043478
0.449458484
0.462613982
0.459770115
0.542819499
0.434069044
0.481304985
0.406044408
0.682389937
21
21
0.64673913
0.244925575
0.394357041
0.460753755
0.476980728
0.419427711
0.551766139
0.478565861
0.486486486
0.514540059
0.3352
0.45314164
0.512490537
0.481163745
0.485974755
0.4992
21
0.516684607
0.531161473
0.381489842
0.46385761
21
0.461511668
0.567567568
0.486119315
0.415277031
0.472535741
0.473943662
0.597378277
0.513618677
0.496215705
0.495162709
21
1.301886792
0.433126661
0.440892948
0.45
0.413857678
21
0.531067961
0.672634271
0.462739532
0.550943396
0.569939183
0.475813544
0.434937611
0.418685121
0.38178386
0.497814473
1.048192771
0.432537221
0.521438451
0.657692308
0.561298077
21
2.176470588
0.444670238
0.644736842
0.442765473
0.382299421
0.454919908
21
0.453038674
0.477198697
0.455966649
0.560232221
0.738853503
0.571847507
0.502810424
0.479931682
0.596007046
0.220050047
0.924242424
0.467185762
0.659919028
0.433234421
0.41352657
0.451272502
21
0.467923161
0.420766921
0.533574007
0.555555556
0.485632184
0.517719569
0.533889468
0.425125895
0.712328767
0.498616662
0.665615142
0.422086592
0.543922984
0.490841442
0.427669648
0.498288509
0.548238897
0.686498856
0.447453636
0.348660714
0.435400164
0.525
0.445112782
0.432795699
0.485310734
0
0.439516129
0.481105668
0.586206897
0.524154589
0.493169399
0.445553273
0.654320988
21
0.501144165
0.439968404
0.443952394
0.547640249
0.755458515
1.01
0.445004727
0.441276728
0.511045655
0.617977528
0.65625
0.462575381
0.505526189
0.415584416
0.618644068
0.474550442
0.704491726
0.4688071
0.432681667
0.474729696
0.730769231
0.450331126
0.526226734
0.408973698
21
0.35204941
0.452446907
0.4742569
0.485279686
0.500711238
0.420656635
0.485003658
0.464135021
0.537709497
0.503128259
0.433097279
0.444868996
0.41990819
0.565613609
21
0.474332649
0.452402539
0.50483871
0.863309353
0.393258427
0.524824609
21
0.446073298
0.45154805
0.567251462
0.490374873
0.523181818
0.607661823
0.84137931
0.531092437
0.515138593
0.406368461
21
0.43885313
0.825503356
0.494393476
0.484955272
0.52886406
0.516304348
0.207664884
0.676258993
0.70661157
0.287510029
0
0.426373979
0.567539267
0.408202499
0
21
21
0.777777778
0.493564356
0.490015361
0.492416582
0.421210906
21
0.443859649
0.519341564
0.447460595
0.49822695
0.465568126
0.441814596
0.499907115
0.506648936
0.459671104
0.518838789
0.475994865
0.391594203
21
0.631961259
0.39122807
0.465843023
0.472164948
0.444825895
0.44669561
0.484780995
0.473100838
0.459143058
0.504834811
0.422341857
0.437042644
0.456358164
0.504136029
0.47260274
0.477272727
21
0.402698495
0.690839695
0.428892636
0.509115463
0.460428074
0.476998492
1.3125
0.398032497
21
0.350877193
0.510953608
0.694779116
0.431775701
0.487850467
0.635270541
0.470864662
0.46112311
21
0.648956357
0.331220285
0.514498757
0.489252815
0.434017595
0.478590375
0.620853081
0
0.47722746
0.473392933
0.50929368
21
21
0.526558891
0.451593011
0.6884273
0.445462878
0.8
0.4076837
0.390698671
0.642028986
0.400156082
21
0.410739687
0
0.435354273
0.646500593
0.90647482
0.474332649
0.574257426
0.568353068
0.895522388
0.637323944
0.513534416
0.503046716
21
0.48386045
0.509461426
0.494152047
0.429945629
0.605166052
0.512035011
0.64691358
0.444073456
0.482101348
0.485530547
0.574257426
0.784883721
0.380304243
21
0.717277487
0.468777229
0.488255034
0.400894188
0.355967616
0.480458221
0.724458204
0.512846865
0.451602766
0.734824281
0.442588727
0.766839378
0.450414713
0.383386581
0.940594059
0.317055124
0.558861578
0
0.530786773
0.541942605
0.425106746
0.444120505
0.410395408
0.42410197
21
0.392795125
0.33768546
0.560669456
0.517115805
0.410979602
11
0.509247842
0.35472155
0.427631579
0.488068182
0.458366376
0.434515689
0.503411676
0.474095395
0.189937222
0.421182266
0.418338646
0.431791222
0.622743682
0.604395604
0.480165574
0.506637168
0.575783235
1.869565217
0.580712788
21
0.865671642
0.533029613
0.75862069
0.562563581
0.417886612
0.527259684
21
0.468237705
0.630931459
0.446102819
0.726872247
0.464412238
0.460059172
1.514285714
0.967391304
0.409340659
0.627906977
21
0.450671212
0.008827857
0.40133284
21
0.442373911
0.477402928
0.471713147
0.474384731
0.410681598
0.520302172
0.466588511
0.498188406
0.673981191
0.457912458
0.40468651
0.62109375
0.43693454
0.402465555
0.457993105
21
0.423485654
0.406207827
0.409570552
0.525114155
0.496356275
0.440432326
0.4794062
0.420996536
0.45835516
0.546086957
0.55642787
21
0.404450262
0.618942731
0.531502423
21
0.435016112
0.503130336
0.413184226
0.635103926
0.489460784
0.520910209
0.547073791
0.622478386
0.459417274
0.464545543
0.538709677
0.444791101
0.442288049
0.44806338
0.605022831
0.391989494
0.894736842
0.476682632
0.491133385
0.460807601
0.453448276
0.759124088
0.406434316
0.42585034
0.385734702
0.45266657
0.548693587
0.632047478
21
0.462579772
0.429875519
0.339269152
21
0.491525424
21
0.473275862
0.484076433
0.461748634
0.530035336
0.549374131
0.474794239
0.756097561
0.456162015
0.49094097
0.322751323
0.615550756
0.440329218
0.422444183
0.322625698
0.519871106
21
0.428059794
0.466332378
0.478873239
0.455386289
0.470673776
0.452839269
0.450115522
0.469728601
0.495452748
0.430857143
0.44732577
21
0.533423363
0.472389558
0.478643216
0.458307973
0.435443038
0.418762575
0.429807053
0.456483126
0.741626794
0.421022401
0.423490875
0.372886055
0.47826087
0.452132289
0.455192494
0.478453484
0.472798949
0.461880418
0.733031674
0.526254376
21
0.334753284
0.437565582
0.482608696
0.423690205
0.451554664
0.575757576
0.435386632
0.633217993
0.595978062
21
0.3507109
0.492797119
0.577380952
0.2971078
0.578947368
0.478530781
0.521920668
0.730569948
0.434770816
21
0.463440295
0.48702218
0.481798715
21
21
0.414864865
21
0.40749822
0.388093444
0.477068345
0.411552347
21
0.400711831
0.471408647
0.818181818
0.477631579
0.511145273
21
0.656790123
0
0.482135351
0.408665682
0.343648208
0.63253012
0.83908046
21
0.411871045
0.47571116
0.44778157
0.459926017
1.869565217
21
0.481810115
0.51503268
0.428710557
0.697297297
21
0.458400646
0.637974684
0.42734667
0.491465149
0.578154426
0.590769231
0.441552295
0.514864865
0.438902085
0.411963081
0.458737151
0.446924333
0.466748768
0.43010157
0.446492271
0.530222694
0.465350224
0.830357143
0.45585767
0.593001842
0.448457223
1.526315789
21
0.539274924
0.475801749
0.282106012
0.298634599
0.466914038
0.639575972
0.472215764
0.451983458
0.448281324
0.406223717
0.711111111
0.401932191
0.497109827
0.493398533
0.373464373
0.50245098
21
0.456360709
0.469331496
0.44671916
0.483753692
0.519256308
0.401397516
21
0.603896104
0.458388028
21
0.624796085
0.414569536
0.43252869
0.395035461
0.456910569
0.400568389
0.441448382
0.63190184
0.537982565
0.636363636
1.512820513
0.46318927
0.405585106
0.429735234
0.429012727
0.436503334
0.496004262
0.528368794
0.470801268
0.446343131
0.441004184
0.471321696
1.689655172
0.775665399
0.405023193
0.472594397
0.698666667
0.451511582
0.412047141
21
0.470559251
0.493194556
0.442615455
0.549450549
0.404162103
0.519148936
0.406657756
0.42741391
21
1.355555556
0.900990099
0.782051282
0.412743205
0.47600349
21
0.689655172
0.458371247
21
0.448657188
0.377158035
0.312207792
0.662721893
0.811320755
21
0.467074318
0.421378957
0.467543369
0.375752365
0.550314465
0.316403569
0.515473033
0.411940987
0.60989011
0.510791367
0.607843137
0.415409055
0.373948689
0.462129528
0.636363636
0.768
0.630434783
0.429945055
0.207219251
0.530497181
21
0.375384615
0.446601942
0.470331043
1
0.667763158
0.415746099
0.469867211
0.349002522
0.776470588
0.423825257
0.529513889
0.549098196
0.491147036
0.471285324
21
0.342650104
0.474362416
0.469143321
0.770053476
21
0.346632246
0.406448203
0.478477854
21
0.409243456
0.538378378
0.468053492
0.444927971
0.448887057
0.83625731
0.508080808
0.59469697
1.061728395
0.498666667
21
0.476342371
0.5
0.567410281
0.382275957
0.438088829
0.654580153
0.549800797
0.678571429
0.62109375
0.390017932
0.182325182
0.385598296
0.446502715
0.481439178
0.55203252
0.815384615
0.85620915
0.474263764
0.564579606
21
0.517694064
0.460205993
0.513651877
0.422277639
0.419522326
21
0.505201266
0.46432319
0.425531915
0.444577352
0
0.452594616
21
0.473694428
0.458333333
0.493562232
0.503472222
0.714285714
0.513711152
0.534232365
21
0.660447761
0.416285154
0.622171946
0.427267068
0.464037123
0.615277778
0.561053472
0.483965626
0.507958478
0.545808967
21
21
0.548802947
0.488827776
0.467972121
0.463738318
1.909090909
0.294153846
0.43885313
21
0.560344828
0.433077345
0.447361902
0.545922116
0.446436476
0.432156863
0.838926174
0.439204127
0.451469279
11
0.491539081
0.633173844
0.569178853
0.412618495
0.447227349
0.45631068
21
0.515028018
0.410958904
0.579051383
0.491444216
0.519019987
21
0.48185981
0.398173207
0.472122302
0.452302632
0.481897628
0.474032106
0.571428571
0.525
0.722222222
0.46903608
0.487867178
0.527829314
0.399602386
0.622302158
0.444511764
0.548940464
0.434499111
21
0.206618962
0.393859849
0.460805466
1.113924051
0.450182577
0.427812223
0.371552975
0.443868739
0.621318373
0.488823529
0.462159154
11
0.625322997
0.417348356
0.378589838
0.448763736
0.445569171
0.405326269
0.474452555
0.833333333
0.462951986
0.417008197
21
0.485464296
21
0.444900352
0.40077036
0.49905482
0.435515051
0.457075472
0.484090909
0.484702093
0.430151339
21
0.722627737
0.440870241
0.456707458
0.504081633
0.6
0.466464127
0.467902996
0.367609254
0.928571429
0.52835408
0.55664814
0.485066723
0.340788072
0.501453488
0.53164557
0.337662338
0.466332378
0.485337727
0.438943894
21
0.481873954
21
0.508362168
0.471656977
0.426199262
0.481535119
0.385321101
1.529411765
0.519693365
0.814371257
0
21
0.427366864
0.433587654
0.555871212
0.441893027
0.505646173
0.473891273
0.680851064
0.487951807
0.445066124
0.458304618
0.458661417
0.422405239
0.52478551
0.527991782
0.509647372
0.62741652
0.526211015
0.495391705
0.500654165
0.675141243
0.486618799
0.469561688
0.493889591
0.486290056
0.50155521
0.398797595
0.570552147
0.523225241
0.480167015
0.388322521
0.317073171
0.614379085
1.2
0.499003984
0.561419472
0.460704607
0.727564103
0.440763052
0.529106628
0.561904762
0.441633378
0.472925344
0.433290708
21
0.471368887
0.224352332
0.561557789
0.362848893
0.444899003
0.450704225
0.42596433
0.433726925
21
0.498303167
21
0.43765586
0
0.433695652
0.540034072
0.496222852
0.461538462
0.51002004
0.449121901
0.402114681
1.606060606
0.515363128
21
0.560377358
21
0.324192235
0.49
0
0.426905343
0.414201183
0.396475771
0.489335006
0.498419389
0.407167745
0.468105986
0.711743772
0.506268657
0.490959666
0.421942968
0.498522583
0.387968079
0.502362205
0.476987448
0.535962877
0.449214917
0.600461894
0.473958333
0.538954109
0.495107632
0.430710863
0.646271511
21
0.496070273
0.606343284
21
0.453519613
0.512480499
0.481602914
21
0.463495382
0.416871523
0.52746114
0.501210654
0.403283369
0.367141454
0.460784314
0.468480138
0.49765808
0.55
0.385057471
21
0.458109147
21
0.618398637
0.399394856
0.467391304
0.60042735
0.504098361
0.542890717
0.660621762
0.489705882
0.516763006
0.502970297
0.49255751
0.433986102
0.408534512
0.446942635
0.394142934
0.4826546
21
21
0.372585413
0.563033175
0.565934066
0.435015506
0.433568193
0.485294118
0.300434044
0.702380952
0.42649803
21
0.439161626
0.453589954
0.594249201
0.443342425
0.503432494
0.390200559
21
0.427181091
0.518867925
0.43281766
0.436846039
0.786458333
0.347368421
0.421675774
21
21
0.478947368
0.544707091
0.410516745
0.401252857
21
1.947368421
0.550420168
0.451891739
0.427311522
0.542258788
21
0.588039867
0.455405897
0.53593947
0.479477612
0.495550847
0.485604607
0.544303797
0.459058672
0.467475193
0.428505958
0.593548387
0.888111888
0.508137432
0.501328273
0.596176822
0.460325894
0.537206526
21
0.487987988
1.138888889
0.38258538
0.224906065
0.452667423
0.436692506
0.461030383
0.495966693
0.50023663
0.494133885
0.435590969
0.47731605
0.501219512
0.833333333
21
0.475707034
0.402991706
0.467367257
0.34202454
0.415909091
0.498197115
0.390618943
0.520417854
21
1.391304348
0.499327052
21
0.472644928
0.490056818
0.948275862
0.99
0.487084871
0.442030953
0.516314779
1.472222222
0.989690722
0.392670157
0.539568345
0.421286611
0.466165414
0.465920426
0.436863016
21
0.461982676
0.499285374
0.43725943
21
0.382547721
21
21
0.406408629
0.406038304
0.46207124
0.784671533
0.823899371
0.904411765
0.499510284
0.44695122
0.699646643
0.399467936
21
0.286995516
0.921052632
0
0.424670433
21
0.50823673
0.448501873
0.577970297
0.702777778
0.473959696
0.445127918
0.468462758
0.472801053
0.577205882
0.518867925
0.777777778
0.452701579
0.485436893
0.487206823
0.515343915
0.802469136
0.605633803
0.428421053
0.505494505
0.507042254
0.417882529
0.5390625
0.503613369
0.835526316
0.605691057
1.259259259
0.460450498
21
0.560910308
0.497058824
0.486472425
21
21
0.493524514
0.425021061
0.433691087
0.410367851
0.624505929
0.378461861
0.507451565
0.455454979
0.481096408
0.462527716
0.479232112
0.451254114
0.396950203
0.400265369
0.670731707
0.504828326
0.381459566
0.389461436
0.375526242
0.620879121
0.47571116
0.453325554
0.52447946
0.543424318
0.444165335
0.442310647
0.51147541
0.70977918
0.444716243
0.436363636
0.517391304
0.492818671
0.427907877
0.869230769
0.478250756
0.383659332
0.376229508
0.661246612
0.561016949
0.476454294
0.467093561
21
21
21
0.419315616
1.133333333
0.445659845
0.52782194
0.521539872
0.51419214
0.351485149
0.465725112
0.482822656
0.511913357
0.468709257
0.454156342
21
0.518518519
0.417331813
0.461524024
0.470081744
21
0.458955224
0.47954866
0.483010978
21
0.460399033
0.350503919
0.424624333
0.481138319
0.347863617
0.415354331
0.420661503
0.430144705
0.605769231
0.476135489
0.515757742
0.420118343
0.409753645
1.2
21
0.436868093
0.477333333
0.336340504
0.4727883
0.36969697
21
0.5
0.429140966
0.471550498
0.461748634
0.50698324
0.651757188
0.272090989
0.468637347
0.396968094
0.440576827
0.47639485
0.484943538
21
0.468712635
0.458757365
0.50174216
21
0.461594203
0.513345748
0.462154942
0.421976479
0.531719533
0.435391801
0.509830057
0.878205128
0.6875
0.483682008
0.499738357
0.48451387
0.484193012
0.45090694
0.402877698
0.489149306
0.628630705
0.438961596
0.473976109
0.564294632
0.466958212
0.455877863
0.359949303
0.599547511
0.412367395
0.674584323
0.316016732
0.479010163
0.433549911
0.452140209
0.405462185
0.429208987
0.484137056
21
0.473170732
0.47810407
21
0.428030303
0.586080586
0.480136209
0.481332202
0.454687704
0.497477296
0.535714286
0.399661463
0.663157895
0.54740958
0.442197566
0.488674972
0.423315603
0.508118434
0.479518072
0.454756871
0.456909938
0.391459075
21
0.575903614
0.577754892
0.439380911
0.525045263
0.426855895
0.510846448
0.6
0.468274329
0.503427788
0.566084788
0.492936428
0.489989463
0.447992352
0.598599767
0.435428107
0.522133939
0.288737894
0.454643921
0.471943888
1.066666667
0.622611465
0.417328793
0.482517483
0.450106914
0.42552504
0.408788774
0.524926686
0.502522704
0.49478673
0.557377049
0.500627353
0.473595977
0.505411255
0.4762309
0.462238705
0.418388573
0.702702703
0.426932236
0.442580946
0.459937332
0.737037037
21
0.592411261
21
0.446557971
21
0.863309353
0.464640561
0.423089983
0.458755427
0.834645669
0.471363824
0.548780488
0.517110266
0.495741056
21
0.422957371
0.542890717
0.264435146
0.514725872
0.381260097
0.425427192
0.501983003
0.477966102
0.40188172
1.952380952
0.410294579
0.482472325
0.60989011
0.446879466
21
0.71372549
0.45807379
0.462700229
21
0.647249191
21
0.316731518
21
0.484587338
0.485237484
0.783464567
0.491646778
0.43840438
0.51104263
0.432752871
0.494853849
3
0.453738477
0.34863388
0.395665323
0.526556777
0.608527132
0.76097561
21
0.449173408
0.485878963
0.394736842
21
1.056338028
0.631481481
0.451115619
0.456568557
0.609427609
21
0.595450049
0.560544218
21
0.232799853
0.40377159
0.488099229
0.496382637
0.463728442
0.576419214
0.458465559
0.476293103
0.509803922
0.459197787
21
0.414839011
0.432669323
21
0.472361809
1.340425532
0.674129353
0.417156287
0.596866097
0.421848502
0.751131222
0.526315789
0.582846004
0.744791667
0.483639266
0.51183432
0.451263538
0.817610063
0.451283637
0.429141717
0.565454545
1.625
0.43715847
0.579545455
0.598253275
0.552547771
2.25
0.763975155
0.452741759
0.470805369
21
0.464818763
0.805031447
0.470421649
0.442896175
0.44247191
0.401417526
0.472947408
0.479123173
1.228070175
0.592592593
0.507728894
0.496262458
0.360713857
0.547445255
0.339378826
0.382225864
0.720164609
0.46716233
0.380872048
0.579083838
0.432697357
0.617647059
0.591397849
0.468929804
0.376136777
0.60326087
0.53746594
0.506276151
0.891304348
1.075
0.468575419
0.414186194
0.415109667
0.909090909
0.48004315
0.437927407
0.391306017
0.512557078
1.416666667
0.48017149
21
0.427184466
0.451459606
0.705882353
0.541990669
0.485164395
0.464028777
0.666666667
0.391150315
0.459227468
0.493393393
21
0.49844624
0.511318242
0.414183223
0.989690722
0.429474516
21
0.446475888
0.317564608
0.737201365
0.526315789
0.524777637
0.382163412
0.518707483
0.46350365
0.465020576
0.447591026
0.609756098
0.474795967
21
0.607058824
0.46948089
21
0.436913896
0.799065421
0.25931508
0.639198218
0.548148148
1.10989011
0.474272931
0.558183538
0.692528736
21
0.434146341
