embed_ratio
0
0
0
0
0
0
0
0
0
0
0
0.004065041
0
-1
0
0
0
0
0
0
0
0
0
2.36E-04
-1
0.010638298
0
0
0
0
0
0
0
0
0
0
0
0
0
0
0
0.00204918
0
0
0
0
0
0
0
0
0
0
0
0
0
-1
0
0
0.055555556
0
0
0
0
0
0
0.007407407
0
0
0
0
0
0
0
-1
0
0
0
0
-1
0
0.013513514
0
0
0
0
0
0
0
0
0
-1
0
0
0
0
0
0
-1
0
0
0
0
0
0
0
0
0
0
0
0
0
0
0
0
0.047619048
0
0
0
0
0
0
0
0
0
0.03125
0
0
0
0
0
0
0
0.005847953
0
0
0
0
0
0
0
0
0
0
-1
0
0
0
0
0
0
0.001512859
0
0
0
-1
0
-1
-1
0
0
0
0
0
0
0
0
0
0
0
-1
0
0
0
0
0
-1
0
0
0
0
0
0
0
0
0
0
0
0
-1
0
0
0
0
0
0.005012531
0
0
0.00621118
0
0
-1
-1
0
0
0
0
0
0
0
0
0
0
0
-1
0.023809524
0
0
0
0
-1
0
0
0
0
0
0
0
0
0
0
0
-1
0
0
0
-1
0
0
0
-1
0
0
0
0
0
0
0
0
0
0
0
0
0
0
-1
-1
0
0
0
-1
0
0
0.003424658
0
0
0
0
0
0
0
0
0
-1
0
0
0
0
0
0
0
0
0.041666667
0
0
0
0
0
0
0
0
0
0
0
0
0
0
0
0
0
0
0
0.001727116
0
0
-1
0
0
0
0
0.007874016
0
0
0
0
0
0
0
0
0
0
0
-1
0
0
0
-1
0
0
0
0
0
0
0
0
0
0
0
0
0
0
0
0.00617284
0
0
0
0
0
0
0
0
0
0
0.001254705
0
0
0
0
0
0
0
0
0
0
0
0
0
0.008605852
0
0
0
0
0
0
-1
0
0
0
0
0
0
0
0
0
-1
0
0
0
0
0
0
0
0
0
0
-1
0
-1
0
0
0
0
0
-1
0
0
0
0
0
-1
0
0
-1
0
0
0
0.002380952
0.009615385
0
0.007936508
-1
0
0
0
0
0
0
0
0
0
0
0.001150748
0
0
0
0.001190476
0
0
0
-1
0
0
0
0
0
0
0
0
0
0
0
0
0
0
0
0
0
0
0
-1
0
0
0
0
0
0.017857143
0
-1
-1
0
0
0
0
0
0
0
0
-1
0
0
0
0
0
0
0
-1
0
0
0
0
0
0.020547945
0
0
0
0
0
0
0
0
0
0
0
0
0
0
0
0
0
0
0
0
0
0
0
0
0
0
0
0
0
-1
-1
0
0
0
0
0
0
0
0
0
-1
0
0.013888889
-1
0
0
0
0
0.052631579
0
-1
-1
0
0
0.001930502
0
0
0
0
0
-1
0
0
-1
0
0
0
0
0
0
0
0
0
0
0
0
0
0
0
0.052631579
-1
0.011111111
0
0
0
0
0
-1
0
-1
0
0
-1
0
0
0
0
0
0
0
0
-1
0
0
0
0
-1
-1
0.006024096
0
0.00308642
0
0
0
0
0
0
0
0
0
0
0
0
0
0
0
0
0
0
0
0
0
0
0
0
0
0
0
0
-1
0
-1
0
0
0
0
0
-1
0
0
0
0
-1
0
0
0
-1
0
0
0
0
0
-1
0
0
0
0
0.007104796
0
0
0
0
0
0
0
0
0
0
0
0
0
0.006329114
0
0.005208333
0
0
0
-1
0
0
0
0
0
-1
-1
0
0
0
0
0
0.01010101
0
-1
0
-1
0
0
0
-1
0
0
0
0
0
0.002118644
0
0
0
0
0
0
0.111111111
0
0
0.011363636
0
0
0
0
0
0
0
-1
0.004363002
0
0
0
0
-1
0
0
0
0
0
0
0
0
0
0
0
0
0
0
0
0
0
0
0
0
0
-1
0
0
0
-1
0.003389831
0
0
0
0
0
0
0
-1
0
0
0
0
0
0
0
0
0
0
0
0
0
0
0
0
0
0
0
0.004219409
-1
0
0
0
0
0
0
0
0
0
0
0
0
0
0
0
0
0
0
-1
0
0
0
0
0
0.071428571
0
0
0
0
0
0.012618297
0
0
0
0
0
0
0
0
-1
0
0
0
0
0
0
0
0
-1
0
0
0
-1
0
0
0
-1
0
0
0
0
0
0
0
0
0
0
0
0
0
0
0
0
0
0
-1
0
0
0
-1
0
0
0
0
0
0
0
-1
0
0
0.076923077
-1
0
0
0
0
0
0
0
0
0
0
0
0
0
0
0
0
0
0
0
0
0
0
0
0
-1
0
0
0
0
0
-1
0
-1
0
0.1
0
0
0
0
0
0.083333333
0
0
0
0
0
0
0
0
0
0
0
0
0
0
-1
-1
0
0
0.005586592
0
0
0
0
0
0
0
0
0
-1
0
0
0
0
-1
0
0.002164502
0
0
0
0
0
0
0.028571429
0
0
0
0
0
-1
0
0
-1
-1
0
-1
0.003436426
0
0
6.30E-04
-1
0
-1
0
-1
0
0
0
0
0
0
0
-1
0
0
0
0
0
0
0
0
0
0
0.007092199
0
0
0
0
0
0.018181818
0
0
0
0
0
0
0
0
0
0
0
0
0.003367003
0
0
0
0
0
0
0
0
0
0
0
0
0
0
0
0
0
0
0
-1
0.004219409
0
0
0
-1
0
0
0
0
-1
-1
0
0
0
0
0.1
0
0
0
0
0
0
0
0
0.010309278
0
0
0.005586592
0
0
0
-1
0
0
0
0
0
0
0
0
0
0.071428571
0
0
0
0
0
0
0
0
0
0
0
0
0
0
0
0
0
0
0
0
0
0
-1
0
0
0
-1
0
0
0
0
0
0
-1
0
0
0
-1
0
0
0
0
0
0
0
0
0
0
0
0
0
0
0
0
0
0
0
0
0.003389831
0
0
0
0
0.006535948
0
0
0
0
0
0
0
0
-1
0
0
0
0
0.071428571
0
0.002197802
0
0
0
0
0
0
0
0
0
0
0
0
0
0
0
0
-1
0
-1
0
0
0
0
0.013157895
0
0
0
0
0
0
0
0
0
0
0
-1
-1
0
0
0
0
0.011494253
0
0.009009009
0
0
0
0
0
0
-1
0
0
0
0
0
0
0
0
0
-1
0
0
0
0
-1
0
0
0
0
0
0
0
-1
0
0
0
0
0
0
0
0
0
0
-1
0
0
-1
0
0
0
-1
0
0
0
0
0.001572327
0
0
0
0
0.001273885
0
0
0
0
0
0
0
0.001267427
0
0
0
0
0
0
0
-1
0
0
0
0
0
0
0
0.004149378
0
0
0
-1
0
0
0
0
0
0
0
-1
0
0
0
-1
-1
0
0
0
0
0
0
0.002222222
0
-1
0
0
-1
-1
0
0
0
0
0
0
0
-1
-1
0
0
0
0
0
0
-1
0
0
0
0
0
0
0.05
0
0
0
0
0
0
0
0
0
0
0.001612903
0
0
0
0
0
0
0
0
0
0
0
0
0
0.01
0
0
0
0
0
-1
0
0
0
0.001745201
0
0
0
0
0
0
0
0
0
0
0
0
0
0.001362398
0
0
0
0
0
0
0
0
0
0
0
0
0
0
0
0
0
0
0
-1
0
0
0
-1
0
0
0
0
6.24E-04
0
0
0
0
-1
0
0
0
0
0
0
0
0
-1
0
0
0
0
0
0
0
0
0
0
0
0
0
0
-1
-1
0
0
0
0
0
0
-1
0
0
0
0
0
-1
-1
0
0
0
0
0
0
0
0
0
-1
0.023809524
0
0
0
0
0
0
-1
-1
0
0
0
0
0.001404494
0
0
0
0
0
0
0
0
0
0
0.003194888
0
0
0
0.004587156
0
0
-1
0.020833333
0
0
0
0
0
0
0
0
0
0
0
-1
0.00228833
0
-1
0
0
0
0
0
0
0
0.005025126
0
0
0
0
0
0
0
0.003610108
0
0
0
0
0
0
0
0
0
0
0
0
0
0
0
0
0
0
0
0
0
0
0
0
-1
0
0
-1
0
0
0
0
-1
-1
0
0
0
0
0
-1
0
0
0
-1
0
0.007407407
0
0
0
0
0
0
0
0
0.028571429
0
0
0
0
0
0
0
0
0.001038422
0
0.001455604
0
0
0
0
0
0
0.006514658
0
-1
0
0
0
0
0
0
0
0
0
0
0
0.019607843
0
0
0
0
0
0
0
0
0
0
0
0
0
0.001686341
0
0
0.003144654
0
0
0
0
-1
0
0
-1
0
0
0
-1
0
0
0
0
0
0
-1
0
0
-1
0.148148148
-1
0
0
0
0
0
0
0
0
0
0
0
0
0
0
0
-1
0
0
0
0
0
0
0
0
0
0
0
0
-1
0.001386963
-1
0.001582278
0
0
0
0
0
0
0
0
0
0.013157895
0
0.03030303
0
0
0
0
0
0
0
0
0
0
0
0
0
0
0
0
0
0
0
0
0
0
-1
0
0
0
0
0
0
8.93E-04
0
0
-1
0
0
0
-1
0
0
0
-1
0
-1
0
0
0
0
0.018867925
0
-1
0.002028398
0
-1
0.018518519
0
0
0
0
0
0
0
0.001355014
0
-1
0
0
0
0
0
0
0
0
0
0
0
0
0
0
0
0
0
-1
0
0
0
0
0
0
0
0
0
0
0
0
0
0
0
0
0
0
0
0
0
0
0
0
0
0
-1
0
0
0
0
0
0
0
0
0
0.002105263
0
-1
0
0
0
0
0
0
0
0
0
0
0
0
-1
0
0
0
0
7.70E-04
0
0
0
0
0
-1
0
0.002857143
0
0
0
0
0
0
0
0
0
0.003367003
0
0
0
0
0
0
0
-1
0
-1
0
0
-1
0
0
0.001574803
0
0
0
-1
0
0
0
0
0
0
0
0
0
-1
0
0
0
0.001968504
-1
0
0
0.001930502
0
0
0
-1
-1
0
0
0
-1
0
0
0.005376344
0.020618557
-1
0
0
0
0
0
0
0
0
0
0
0
0
0
0
0
0
0
0
0
0
0.003003003
0
0
0
0
0
0
0
0
0
0
-1
0
0
0
0
0
0
0.001336898
0
-1
0
0
0
-1
0
0
0
0
0
0
0
0
-1
0
0
0
0
0
0
0
-1
0
0
0
0
0
0
0
0
0
0
0
0
0
0
-1
0
0
0
-1
0
0
-1
0
0
0
0
0
0
0
0
0
0
0
0
0
0
0
-1
0
0
-1
0
0
0
0
0
0
0
0
0
0
0
0
0
0
0
0
0
0
0
0
0.001239157
0
0
0
0
0
0
0
0
0
0
0
0
0
0
0
0
0
0
0
-1
0
0
0
0.001373626
0
0
0
0
0
0
0
0
0
0
0
0
0
0
0
0.003436426
0
0
0
0
-1
0.008
0
0
0
0
0
-1
0
0.00203666
0
0
0
0
0
0
0
0
0
0.004784689
0
-1
0
0
0.003289474
0
0
0
0
0
0
0
0
0
0
0
0
0
0
0.001129944
0
0
0
0
0
0
0
0
0
0
0
0
0
0
0
0
-1
0
0.027027027
0
-1
-1
0
0
0
0
0
0
0
0
2.13E-04
0
0
0
0
-1
-1
0
0
0.024390244
0
0
-1
-1
0
0
0
0
0
0
0
0
0
0
0
0
0
0
0
0
0
0
0
-1
-1
-1
0
0
-1
0
0
0.002941176
-1
0
0
0
0
0
0
0
0.007575758
0
0
0
0
0
0
0
-1
0
0
0
0
0
0
0
0
0
0
0
0
0
0
0
0
0
0
0
0
0
0
0
0
0
0
0
0
0
0
0
0
0.003745318
0
0
0
0
0
0
0.00990099
0.008474576
-1
0
0
0
-1
-1
0
0
-1
0
-1
0
0
0
0
0
0
0
0
0
0
0
0
0
0
0
0
0
0
0
0
0
0
-1
0
0
0
0
0
0
0
0
0.005649718
0
0
0
0
0
-1
0
0
0
0
0
0
0.001930502
0
-1
-1
0
0
0
0
-1
0
0.009708738
0
0
0.004373178
0
0
0
0
0
0
0
0
0
0
0
0
-1
0
-1
0
0
0
0
0
0
0
0
0
0
0
0
0
0
0
-1
0
0
0
-1
0
0
0
0
0
0
0
0
0
0
0
0
-1
0
0
0
0
0
0.016949153
0
0
0
0
0
0
0
0
0
0
0
0
-1
0
0
0
0
-1
0
0.01010101
0
0
0
0
0
0
-1
0
0
0
0.007194245
0
0.005405405
-1
0
0
0
0
-1
0
0.004347826
0
0
-1
0
0
0
0
0
0
0
0
0.066666667
0
0
0
0
0
0
0
0.011764706
0.00310559
0
-1
0
0
0
0
0
0
-1
-1
0
0
-1
-1
0
0
-1
0
0
0
0
0
0
0
0
0
0
0
0
0
0
0
0
0
0
0
-1
0
0
0
0
0
0
0
0
0
0
0
0
0
0
0
0
0
0
-1
0
0
0.001677852
0.125
0.00617284
0
0
0
-1
0
0
0
0
-1
0
0
0
-1
0
0
0
0
0.005780347
0
0
-1
0
0
0
0
0
0
-1
0
0
0.001328021
0
0
0
0
0
0
0
0
0
0
0
0
0
0
0.027777778
0
0
0
0
0
0
0.003787879
0
0
0.029411765
0
0
0
0
0
-1
0
0
0
0
0
-1
0
0
0
0
0.004587156
0
0
0.00990099
0
0
0
0
0
0
0
-1
0.009615385
0
0.005076142
0
0
0
0
-1
0
0
0
0
0
0
0
0
0
0
-1
0
-1
0
2.96E-04
0
0
0.004504505
0
0
0
0
0
0
0
0
-1
0
0
-1
0
0
0
0
0
0.083333333
0
0.011363636
0
0
0
0
0
0
0
0
0
0
0
0
0
-1
0
0
0
0
0
0
0
0
0
0
0
0
0
-1
0.00952381
-1
0
0
0
0
0
0
0
0
0
0
0
0.002077562
0
0
0
0
0
0
0
0
0
0
0
0
0
0
0
0
0
0
0
0
0
-1
0
0
0
0
0
-1
-1
0
0
0
0
0
0
0
0
0
-1
0
0
0
0
0
0
0
0
0
0
0
0
-1
0
0
0.028301887
0.02173913
0
0
0
0
-1
0.016393443
0
0
0
0
0
0
0
0
0
-1
0
-1
0
0
0
0
0
0
0
0
0
0
0
0
0
0
0
0
0
0
0
0
0
0
0
0
0
0
0
0
0
0
0
-1
-1
0
-1
0
-1
0
0
0
0
0
0
0
0
0
0
0
0
0
0
-1
0
0
0
0
0
0.001156069
0
0
0.005128205
0
0
0
0
0
0
0
0.00152207
0
0
0
0
0
0
0
0
0
0
0
0
0
0
0.006578947
0.002227171
-1
-1
0
0
0
0
0.003584229
0
0
0
0
0
0
0.005714286
0
0
0
-1
-1
0
0
0
4.87E-04
0
0
0
-1
-1
0
0
0
0
0
0.004329004
0
0
0
0
-1
0
0
0
0
0
0
0
0
0
0
0
0
0
0
-1
0
0
0
0
0
0
0
0
0
0.022727273
-1
0
0
0
0
0.012345679
0
0
0
-1
0
0
0
0
0
0
0
0
0
0
0
-1
0
0
0
0
0
0
0
0
0
0
0
-1
0
0
0
-1
0
0
0
-1
0
0
0
-1
0
-1
0
-1
0
0.008547009
0
0
0
0
0
0
0
0
0
0
0
0
0
0
0
0.001536098
0
0
0
0
0
0
0.008264463
0
0
-1
0
0
0
0
0
0
0
0
0
0
0
0
0.005076142
0
0
0
0.002061856
0
0
0
0
0
0
0
0
0
0
0
0
-1
0.003457217
0
-1
0
0
0
0
0
0
0.007194245
0
-1
0
0
0
-1
0
0
0
0
0
0
0
7.69E-04
0
0
0
0
0
0
0
-1
0
4.98E-04
0
-1
0
0
0
0
0
0
0
0
0
0
0
0.004854369
-1
0
0
0
0
0
0
0
0
0
0
0
0
0
0
0
0
0
0
0
0
0
0
0
0
-1
0
-1
0
0
0
0
0
0
0
0
0
0.011235955
0
0
0
-1
0
0
0
0
0
0.00204499
0
-1
0
0
0
0
0
0
-1
-1
0.019607843
-1
0
0.011111111
8.77E-04
0
0
-1
0
0
-1
0
0
0
0
0
0
0
0
0.001082251
0
0
0
0
0
0.032258065
0
0.002145923
0
0
0
0
0
0
0
0
0
0
0
-1
0
0
0
-1
0
0
0
0
0
0
0
-1
0
0
0
0
0.003795066
0
0
-1
0
0
0
0
0
0
0
0
-1
0
0
0
0
0
0
0
0
0
0
0
0
0.027027027
0
0.001203369
0.025510204
0
0
0
0
0
0
0
0
0
0
0
0
0
0
0
0
-1
0
0
0
0.001727116
-1
0.028571429
-1
0
0
0
0
0.009803922
0
0
0
0
0
0
0
0
0
-1
0
0
0
-1
-1
0
0
0.008130081
0
0
0
0
0
0
0
0.009756098
0
0.006711409
0
0
0
0.007407407
-1
0
0
0
0
0
0.001216545
0.008163265
0
0
0
-1
0
0
0
0.033333333
0
0
0
0
0
0
0
0
0
0
0
0
0
0
0
0
0
0
0
0
0.035714286
0
0
0
0.066666667
0
0
-1
0
0
0
0
0
0.003169572
0
0
0
0
0
0
0
0
0
0
0
0
0
1.80E-04
0
0
0.005
0
0
0
0
0
0
0
-1
0
0
-1
0
0
-1
0
0
0
0
-1
0
0
0.004065041
0
0
0
0
0
0
0
0
0
0
0
0
0
0.027777778
0
-1
0
0
0
0
0
0.001438849
-1
0
0
0
0
0
0
-1
0
0
0
0
0
0
-1
0
0
0.018181818
0
0
-1
0
0
0
0
0
0
-1
0
0
0
0
0
0.00310559
0
0
0.001468429
0.025641026
0
0
0
0
0
0
0
0
0
0
0
0
0
0
0
0
0
0
0
0
0
0
0
0
-1
0
0
0
0
0
0
0
0
0
0
0
0.006622517
0
0
0
0
0
0
0
0
-1
-1
0
0
0
0
0.027777778
0
-1
0
0
0
0.002233805
0
0
0.001068376
0
0
0
0
0
-1
0
0
0
0
0
0
0
0
0
0
0
0
0
0
0
0
0
0.021276596
0
0
0
-1
0
0.032258065
0
0
0
0
0
0
0
-1
4.04E-04
0
-1
0
0
0
0
0
0
0
0
-1
0
0
0.016666667
0
0
0
0
0
-1
0
-1
0
0
0
0
0
0.012958963
0
0
0
0.005494505
0
0
-1
-1
0
0
0
0
0.001785714
0
-1
0
0
-1
0
0
0
0
-1
0
0
0
0
0
0
0
0
0
0
0
-1
0
0
0
0
0
0
0
-1
0.004237288
0
0
0
0
0
0
0
0
0
0
0
0
-1
0
0
0
-1
0
0
0
0
0
0
0
-1
0
0
0
0
0
0
0
0
0.010309278
0
0
-1
0
0
0
0
0
0
0
0
0
0
0
0
0
0
0
-1
0
0
0
0
0
0
0
0
0
-1
0
0
0
0
0
0
0
0
0
0
0
-1
-1
0
0
-1
0
0
0.011494253
-1
0
0
0
0
0
0
0
0
0.002197802
-1
0
0
0
0
0
0
0.00621118
0
0
0
0
0
0
0
0
0
0
0
0
0
0
-1
-1
0
0
0
0
0
-1
-1
0
0
0
-1
0
0
0
-1
0
0.005494505
0
0
0
0
0
0
0
0.00280112
0
0
0
0
0
0
-1
0
0
0
0
0
0
0
0
0
0
0
0
0
0
0
0
0
0
0
0
0
0
0
0
0.007326007
0
0
-1
0
-1
0
0
0
0
0.018518519
0
0
0
0
0
0
-1
0
0
0
0
0
0
0
0.003968254
0
0
0
0
0
0
0
8.16E-04
-1
0
0
0
0.013333333
0
0
0
0
0.005235602
0
0
0
-1
0
0
0
0
0
0
0.214285714
0
0
-1
0
0
0
0
0
0.1
0
-1
0
0
0
-1
0
0
0
0
0
0
0
-1
-1
0
0
-1
0.083333333
-1
0
0
0
0
0
0
0.001658375
0
0
0
0
0
0.007874016
0
0.003496503
0
-1
0
0
0
0.004694836
0
0
0
0
0
0.008810573
0
0
0
0
0
-1
0
0
0
0.002298851
-1
0
0
0
5.18E-04
-1
-1
0
0
0
0
0
0
0
0
0
-1
0
0
-1
0
0.028571429
0
0
-1
-1
0
0
0
-1
0
0
0
0
0
0
0
0
0
0
0
0
0.032258065
0
0
0
0
0
0
0
0
0
0
0.005128205
0
0
0
0
0
0
0
-1
0
0
0
0
0
0
-1
0
0
0
0
0
-1
0
0
0
0
0
0
0
0
0
0
0
0
0.007692308
0
0
0
0
0
-1
0
0
0
0
0
0
0
0
0
0
0
0
0
0
-1
0
0
0
0
0
-1
0
0
0
0
0
-1
0
0
0
0
0
0
-1
0
0
0
0
-1
0
0
-1
0
0
0.001956947
0
0
0
0
0
0
0
0.002785515
0
0
0
0
0
0
0
0
0
0
-1
-1
0
0
0
0
0
0
0
0
0
0
0
0
0.017241379
0
0.021978022
0
0
0
0
0
-1
0
0
0
-1
0
0
0
0
0
0
0
0
0
0
0
0
0
0
0
-1
0
0
0
0.014492754
0
0
0
0
0
0
0
-1
0
0
0
0
0
0
0.00952381
-1
0
-1
-1
0
0
0
0
0
0
0
-1
0
0
0
0
0
0
0
0
0.001338688
0
0
0
0
0
0
0
-1
0
0
0.002024291
0
0
-1
-1
0
0
0.00330033
0
0
0
-1
0
0
0
0
0
0
0
0
-1
0
0.002331002
0
-1
0
0
0
0
0
0
0
0
0
0
0
0
0
0
0
0
-1
0
0
0
0
0
0
0
0
-1
0
0
0
0
0
0.043478261
0
0
0
0
0
0
0
0
0
0
0
0
0
0
0
0
0
-1
0
0
0
0
0
0
0
0
0
0
0
0.004405286
0
0
0
0
0
0
0
0
0
0
0
0
0
0.014084507
0.003257329
7.66E-04
0
0
0
0
0
0.003759398
0
0
0
0
-1
0
0
0
0
-1
0
0.002409639
0
0
0
0
0
0
-1
0
0
0
0
0
0
0
0
0
0
0
0
0
0
0
0
0
0
0
0
0
0.003802281
0
0
0
0
-1
0
0
0
-1
0
0.004587156
0
0
-1
0
0
0
0
0
-1
0
0
0
0.009090909
0
0
-1
0.002832861
0
0
0
0
0
0.066666667
0
0
0
-1
0
0
0
0
0
0
0
-1
0
0
0.045454545
0
0
0
0
0
0
0
0
-1
0
0
0
0
0
0
-1
0
0
0
0
0
0
0
-1
0
0
0
0
-1
-1
0
0
0
-1
-1
0
0
0
0
0
0
0.007483819
0
0
0
0
0
-1
0
-1
0
0
0
0
0
0
0
-1
0
0
0
0
0
0
0
0
-1
0
0
0
-1
0
0
0
0.001402525
0
0
0
0
0
0
0
0
0
-1
-1
0
0
0
0
0
0
-1
0
0
0
0
0
0
0
0
0
0
0
0
0
0.008064516
0
-1
0
0
0
0
0
0
0
0
0
0
0.001014199
0
0
0
0.004545455
-1
0
0
-1
0
0
0
-1
0
0
0
0
0
0
0
0
0
0
-1
0
0
0.004166667
0
-1
0
0
0
0
0
0
-1
0
0
0.005319149
-1
0
-1
0
0
-1
0
0
-1
0
-1
0
0
0
0.001396648
0
0
0.058823529
0
0
0
0
0
0
0
0
0
0
0
0
0
0
0
0
0
-1
0
-1
0
0
0
0.005952381
0
0
0.010416667
0
0
-1
0
0
0
0
0
0
0
0
0
0
0
0
0
0
0
-1
-1
0
0
-1
0
0
0
0
0
0
0
0
0
0
0
0
0
0
0
0
-1
0
0
0.00304878
0
0.001388889
0
0
0
0
-1
0
0
0
0
0
0
0
0
0
0
0
0
0
0.004405286
0
0
0
0
0
-1
0
0
0
-1
0
0
0
0
0
0
0
0.004255319
0
0
0
0
0
-1
0
0
-1
0
0.014925373
0
0.003278689
0
0
0
0
0
0
0
0
0
0
-1
0
0
-1
0
0
0
0.003496503
0
0
0
0
0
0
0
-1
0
0
0
0
0
0
0.005780347
0
-1
0
0
0
0
0
0
0.1
0
0
0
0
0
0
0
-1
0
0
0
0
0
0
0
0
0
0
0
-1
0
0
0
0
-1
0
-1
-1
-1
0
0
0
-1
0
0
-1
0
0
-1
0
0
0
0
0
0
0
6.35E-04
-1
0
0
0
0
0
0
0
0
0
-1
0
-1
0
0
0
-1
0
0
0
0
0
0
0
-1
0
0
0
0
0
0
0
0
-1
0
0
0
0
0.001310616
0
0
0
0
0
0.006711409
0.00330033
-1
0
0
0
0
0
0
0.00152207
0
0
0
0
0
0
0
0
0
0
-1
0.004524887
0
0
0
0
0
0
0
-1
0
0
0
0
0
0
0
0
0
-1
0
0
0
0
0
0
0
0
0
0
0
0
0
-1
0
0.002386635
0.003731343
0
0
0
0
0
0
-1
0
0.0075
-1
-1
0
0
0
0
0
0
0
0
0
-1
0
0
0
0.022222222
0
0
0
0
0
0
0
0
0
0
0
0
0
0
0
-1
0
0
0
0
0
0
0
0
0
0
0
0
0
0
0
0
0
0
0
-1
0
0
0
0
0
0
0
0
0
0
0
0
0
0
0.001172333
0
0
0
0
0
0
0
0
-1
0
0
0
0
0
0
0.008474576
0
0
0
-1
0
-1
0
0
0
0
0
0
0.003508772
0
-1
0
0
0
0
0
0
-1
0
0
0
0
0
0
-1
3.63E-04
0
0
0
-1
0
0
0
-1
0
0
0
0
-1
0
0.001597444
0.003003003
0
0
0
0
0
0
0
0
0
-1
0
0.001694915
0.001901141
0
0
0
0
0
0
0
0
7.12E-04
0
0
0
-1
0
0
0
0
0
0
0
0
0
0
-1
0
0
0
-1
0
0
-1
0
0
-1
-1
0
0
0
0
0
0
0.00990099
-1
-1
0
0
-1
0
0
0
0
0
0
0.008928571
0
0
0
0
0
0
0
0.038461538
0
0
0
0
0
0
0.001663894
0
0
0
0
0
0
0
0
0
-1
0
0
0
0
0
0
0
0
0
0
0
0
0
0
-1
0
0
0
0
-1
0
0
0
0
0
0
0
0
-1
0
0.002312139
0
0
0
0
0
0
-1
0
0
0
-1
0
0
0
0
0
0
0
0
0
0
0
0
0
0
0
0
0
-1
0
0
0
0
0.009228188
-1
0
0
0
0.001091703
0
0
0
0
0
0
0
0.014492754
0
0
0.166666667
0
0
0
0
0
0
0
0
0
-1
0
0.019607843
0
-1
0
0
-1
0
0.0625
0.012345679
0
0
0
0
0
0
-1
0.01
0
0
0
-1
0
0
0
0
0
0
0
0
-1
0
0
0
0
0
0
0
0
0
0
0
-1
0
0
0
0
0.022727273
0
-1
0
0
0
0
0
0.008333333
0.011363636
0
0
0
0
0
-1
0
0
-1
0
0
0
0.001166861
-1
0
0
0
0
0
0
0
0
0
0
0
0
-1
0
0
0
0
-1
0
-1
0
0
0
0.04
0
0
0
0.010869565
0
0
-1
0.009615385
0
0
0
0
0
0
0
0
0.003802281
0
-1
0
0
0
0
0
0
0
0
0
0
0
-1
6.62E-04
0
0
0
0
0
0
-1
0
-1
7.19E-04
0
0
0
0
0
0
-1
0
0
0
0
0
0
0
0
0
0
0
0.029850746
-1
0
0
0
0
0
0
0
0
0
0
0
0
0
0
0
0
0
0
0
0
0
0
0
0
0
0
0
0
0.004784689
0
0
0
0.003610108
0
0
0
0
0
0
0
0
0
0
0.008547009
0
-1
0
0
0.034482759
0
0
0
0
0.001259446
0
0
0
0
0
0
0
0
0.002564103
0
0
-1
0.026315789
0
0
0
0
0
0
0
0
0
0
0
0
0.016949153
0
0
0
0
0
0
0
0
0
0
0.04
0
-1
-1
0
0
0
0
0
0
0
0
0
0
0
0
0
0
0
0
0
0
-1
0
0
0
0.001587302
0
0
0.003401361
0
0
0
0
-1
0
0
0
0
0
0
0
0
0
0
0
0
0
-1
-1
0
0
0
0
0
0
0
0
0
0
0
0
0
0
0
0
-1
0
0
0
0
0
0
0
0
0.001022495
-1
0
0
0
0
0
0
0
0
0
0
0
0
0
0
0
0
0
0
-1
-1
-1
0
0
0
0
0
0.027777778
-1
0
-1
0
-1
0
0
0
0
0.018181818
0
0
0
0
0
0
0
-1
4.73E-04
0
-1
0
0
0
0
0
0
0
0
-1
-1
0
0
0
0.007025761
0
-1
-1
0
0
0
0
0
0
-1
0
0.012820513
0
-1
0
0
0
0
0
0
0
0
0
0
0
-1
0
0
0
0
0
0
0
0
0
0
-1
0
0
0
-1
0
-1
0
0
0
0
0
0.011363636
0
0
0
0
0
0
0
0
-1
0
0
0
0
0
-1
0
0
0
0
0
0
0
0
-1
0.00280112
0
0
0
0
0
0
0
0
0
0
0
0
0
0
0
0
0
0
0
0
0
0
0
0
0
0
0
0.00265252
0
0
0
-1
-1
0
0
-1
0
0.016949153
0
0
0
0
0
-1
0
0
0
0
-1
0
0
-1
0
0
0
0
0
0
0
0
0
0
0
0
0
0
0
0
0
-1
0
0
0
0
0
0
0
0
0
0
0
0
0
0.001788909
0.003344482
0
0
0
0
0
0
0
0
0
-1
0
0
0
-1
0
-1
0
-1
0
0
0
0
0
0
0
0
0
0
0
0
0
-1
0
0
0
0
0
0
0
0
0
0
0
0
0
0
0
0
0
0
0.008045977
-1
0
0
0
0
0
0
0
-1
0
0
0
0
0
0
0
-1
0.027777778
0
0
0
0
0
0
0.020408163
0
0
0
0
0
0
0
0
0
0
0
0
0
0
0
0
0
0
0
0
0
0
0.010309278
0
0
0
-1
0
0
0
-1
9.37E-04
0
0
0
0
0
0
0
0.024752475
0
0
0
0
0
0
0
0
0
0
0
0
0
-1
0
0
0
0
-1
0
-1
-1
0
0
0
-1
0
0
0
0
0
0
0
0
-1
0
0
-1
0
0
0
0
0
0
0
0
0
0
0
0
0.001883239
0
0.02
-1
-1
0
0
0
0
0
0
0
0
0
0
0
0
0
0
0
0
-1
0
0
0.015151515
0
-1
0
0
0
0
0
0
0
0
0
0
-1
0
0
0
0
0
-1
-1
0
0
0
0
0
0
0
0
0
0
0
0
0
0
-1
0
0
0
0
0
0
-1
0
0
0
0
0
0
0
0
0
0
0.076923077
0
0
0
0
0
-1
0
0
0
0.010752688
0
0
0
-1
0
0
0
0
0
0
0
0
0
0.015873016
0
0
0
0
0
0
0
-1
0
0
0
0
0
0
0
-1
0
0
0.00152207
0
0.027027027
0
0
0
0
0
0
0
0
0
0
0
0
0
0
0
0
0
0
0
-1
0
0
0
0
0
0
0
0
0.007722008
0
0
0
0
0
-1
0
0
0
0
0
0
-1
0
0
0
0
0.004878049
0
0
0
0
0
-1
0
0
0
0
0
0
0
0
-1
0
-1
0
0
0
-1
-1
-1
0
0
0
0
0
-1
0
0
0
0
0
0
0
0
0
0
0
0
-1
0
0
0
0
0
0
0
0
0
0
0
0
0
0
0
0
-1
0
0
0
0
0
0
0.090909091
0
-1
0
0
0.028571429
0
0
0
0
0
-1
0
0
0
0
0
0
0
-1
7.77E-04
0
0
-1
-1
0
0
0
0
0
0
0
0
0
-1
0
-1
0
0
0
0
0.022222222
0.006578947
0
0
0
0
-1
0
0
0
0
0.006711409
0
0
0
0
0
0
0.041666667
0
-1
0
0
0
0
0.001455604
0
0
0
0
0
0
0
0
0
0
0
0
-1
0
0
0
0
0
0
-1
0
0
0
0.004444444
0
-1
0.006578947
-1
0
0
0
0
0
0.011709602
0
0
0
3.61E-04
0
0
0
0
0
0
0
-1
0
0.011363636
0.019607843
0
0
0
-1
0
0
0.002392344
0
0
0
0
0
0
0
-1
0
-1
0
-1
0
0
0
0
3.12E-04
0
0
0
0
0
0
0
0
0
0
-1
0
0.002024291
0
0
0.005076142
0
0
0
0
0
0
-1
0
0.011494253
0
-1
0
0
0
0
0
0
0
0
0
0
0
0
0
0
0
0
0
0
0
0.00295858
0
0
0
0
0
0
0
0
-1
0
0
-1
-1
0
-1
0
0
0
0
0
0
0
6.10E-04
0
0
0
0
0
0
0
-1
0
0
0
0
0
0
0
0
0
0
-1
-1
0
0
0
0
0
0
0
0
0.027777778
0
0
0
0
0
0
0
0
0
0
0
-1
0
0
0
0
0
0
0
0
0
-1
0
0
0.009389671
0
0
0
0
0
-1
-1
0
0
0
-1
-1
0
-1
0
0
0
0
-1
0
0.001560062
0
0
0
-1
0
-1
0
0
0
0
0
-1
0
0
0
0
0
-1
0
0
0
0
-1
0
0
0.001251564
0
0
0
0
0
0
2.45E-04
0
0
0
0
0
0
0
0
0
0
0
0
-1
0
0
8.64E-04
7.67E-04
0
0
0
8.16E-04
0
0
0
0
0
0
0.018518519
0.007352941
-1
0.001953125
0
6.14E-04
0
0.004255319
0
-1
0
0
-1
0
0
0
0
0
0
-1
0
0
0
0.125
0
0
0
0
0
0
0
0
0
0
0
0
0.023255814
0
0
0
0
0
-1
0
0
0
0
0
0.009615385
0
0
-1
0
0.071428571
0
0
0
-1
0
0
-1
0
0
0
0
0
-1
0
0
0
0
0.006289308
0
0
0
0
0
0
0
0
0
-1
0
0
0
0
0
-1
0
0
0
0
0
0
0
0
0
0
0
0
0
0
-1
0.006493506
0
0
0
-1
0
0
0
-1
0
0
0
0
0
0
0
0
0
0
-1
0
0.001117318
0
0
0
0.01
0
0
0
0
0
0
0.001697793
0
0
0
0.04
0
0
-1
0
0
0.009009009
0
0
-1
0
0
0
0
-1
0
-1
0
0
0
0
0
0
0
-1
0
0
0
0
0
0
0
0
0
0
-1
-1
0
0
0.001798561
0
0.25
0
0
-1
0
0
0
0
0
0
0
0
0
-1
0
0
0
6.35E-04
0
0
-1
0
0.009174312
0
0
0
-1
0
0
0
0
0
0
0
0
0
0
0
0
0
0
0
0
0
-1
0
0
0
0.083333333
0
0
0
0
0
0
0
-1
0
0
0.00254065
0
0
0
0
0
0
0
-1
0
-1
0
0
0
0
0
0
0
0
-1
0
0
0
0
0
0
0
0
0
0
0
0
0.007751938
0
0
0
0
0
0
-1
0
-1
0
0
0
0
0
0
0
0
-1
-1
0
0
0
0
0
0
0
0
0
0
0
0
0
0
0
0
0.003533569
0.003125
0
0
0
0
0
0.00172117
0
0
0
0
0
0
0
0
0
0
0.005524862
0
0
0
0
0
0
0
0
-1
0
0
0
0
0
0
0
8.82E-04
-1
0.003184713
-1
0
-1
0
0
0
0
-1
0
0
0
0
-1
0
-1
0.001605136
0
-1
0
0.003367003
0
0
0.005555556
0
0
0
0.003401361
0
0
0
0
0
0
0
0
0
0
0
0
0
0
-1
0
0
-1
0.00152439
0
0.014403292
-1
0
0
0
0
0
0
0
0
0
0
0
-1
0
-1
0
0
0
0
0
0
0
0
0
0
0
0
0
0
0
0
-1
-1
0
0
0
0
0
0
0
0.034482759
0
-1
0
0
0
0
0
0
-1
0
0
0
0
0.032258065
0
0
-1
-1
0
0
0
0
-1
0
0
0
0
0
-1
0
0
0.008196721
0
0
0
0.008474576
0
0
0
0
0
0
0
0
0
0
-1
0
0
0
0
0
0
0
0
0
0
0
0
0
0
-1
0
0
0
0
0
0
0
0
-1
0
0
-1
0
0
0
0
0
0
0
0
0
0
0
0
0
0.002416918
0
-1
0
0
0
-1
0
-1
-1
0
0
0
0
0
0
0
0
0
0
-1
0
0
-1
0
-1
0
0
0
0
0
0
0
0
0
0
0
0.005665722
0
0
0
0
0
0
0
0
0.012024048
0
0
0
0
0
0
-1
0.006849315
0
0
-1
-1
0
0
0
3.37E-04
0
0
0
0
0
0
0
0
0
0.002631579
0
0
0
0
0
0
0
0
0
0.004854369
0
0
0
0
0
0
0
0
0
0
0
0
0
0
0
0
0
-1
-1
-1
0
0
0
0
0
0
0
0
0
0
0
0
-1
0
0
0
0
-1
0
0
0
-1
0
0
0
0
0
0
0
0
0
0
0
0
0
0
-1
0
0
0
0
0
-1
-1
0
0
0
0
0
0
0
0
0
0
0
-1
0
0
0
-1
0
0
0
0
0
0
0
0
0
0
0
0
0
0
0
0
0.028571429
0
0
0
0
0
0
0
0
0
0
0
0
0
0
0
0
-1
0
0
-1
0
0
0
0
0
0
0
0.001052632
0
0
0
0
0
0
0
0
0
0
-1
0
0
0.005089059
-1
0
0
0
0
0
0
0
0
0.001070664
0
0
0
0
0
0
0
0
0
0
0
0
0
0
0
0
0
0
0
0
0
0
0
0
0
0
0
0
-1
0
-1
0
-1
0
0
0
0
0
0
0
0.006329114
0
-1
0
0
0
0
0
0
0
0
0
0
4.21E-04
0
0
0
-1
0
0
0.002747253
-1
0
-1
0
-1
0.020109689
0
0
0
0
-1
0
0.004662005
0
0
0
0
0
0
0
-1
0
0
0.00141844
-1
0
0.012048193
0
0
0
-1
0
0
-1
0
0
0.001919386
0
0
0
0
0
0
0
-1
0
0.002192982
-1
0
0
0
0.007092199
0
0
0.027027027
0
0
0
0
0
0
0
0
0
0
0
0
0
0
0
0
0
0
0
-1
0
0
0
0
0.001349528
0
0
0
0
0
0
0
0
0
0
4.76E-04
0
-1
0
0
0.002150538
0
0
0
0
0
0
0
0
0
0
0
0
0
-1
0
0
0
0
0.001481481
-1
0
0
0
0
0
0
0
0
0.003021148
0
-1
0
0
0
0
0
-1
0
0.001293661
0
0.004807692
0
0
0
0
0
0
0
0
-1
0.019230769
0
-1
0
0
0
0
0
0
0
0
0
-1
0
