frameTagRatio
0.09077381
0.098707403
0.072447859
0.095860566
0.024908425
0.01984127
0.039568345
0.02661597
0.021705426
0.012
0.056497175
0.162689805
0.074576271
0.057692308
0.078431373
0.054992764
0.157575758
0.099778271
0.035864979
0.07345576
0.064489112
0.105577689
0.041262136
0.002975637
0.081314879
0.173210162
0.007968127
0.00496963
0.075471698
0.032291667
0.027027027
0.055214724
0.03820598
0.027660854
0.082568807
0.084805654
0.046441948
0.040764331
0.05669145
0.035058431
0.058227848
0.008849558
0.072669826
0.070116861
0.029319372
0.022196262
0.078947368
0.026812919
0.041106719
0.094736842
0.125827815
0.035453597
0.018083183
0.057034221
0.07311828
0.044101433
0.03030303
0.009281876
0.040860215
0.013615734
0.007462687
0.057491289
0.049032258
0.040752351
0.047830923
0.027705628
0.090573013
0.038765823
0.024596464
0.046511628
0.029478458
0.043478261
0.052873563
0.065957447
0.053359684
0.021961933
0.060371517
0.038523274
0.022304833
0.073883162
0.016528926
0.034980989
0.076923077
0.036297641
0.036199095
0.00754717
0.029622063
0.044742729
0.035330261
0.102362205
0.061020036
0.059282371
0.024390244
0.014534884
0.05862069
0.058426966
0.065296252
0.021875
0.006795017
0.015732547
0.037408759
0.060301508
0.083969466
0.043256997
0.023809524
0.06352459
0.052369077
0.051620648
0.072072072
0.041484716
0.164215686
0.014366565
0.019248396
0.018907563
0.101851852
0.007905138
0.043478261
0.097046414
0.138059701
0.066595059
0.027284264
0.031152648
0.055865922
0.076612903
0.054499366
0.029591837
0.057720058
0.048229548
0.015695067
0.047091413
0.030050083
0.083769634
0.034437663
0.017975402
0.039665971
0.063763608
0.041916168
0.067028986
0.070769231
0.034324943
0.032648126
0.010648148
0.025041736
0.315789474
0.087947883
0.1
0.098609355
0.162621359
0.086956522
0.043202033
0.031307551
0.024608501
0.090909091
0.238095238
0.081001473
0.056603774
0.063492063
0.167464115
0.047075606
0.098240469
0.105726872
0.070257611
0.036166365
0.072368421
0.017160686
0.09335443
0.040145985
0.033500838
0.125
0.038331454
0.02970297
0.060702875
0.028767123
0.029017857
0.046078431
0.045757072
0.002928647
0.046099291
0.076219512
0.056234719
0.053061224
0.039138943
0
0.024478042
0.036734694
0.119842829
0.060422961
0.069069069
0.022167488
0.00990099
0.035281147
0.020989505
0.077821012
0.013513514
0.095846645
0.041666667
0.072
0.031565657
0.041901188
0.017114914
0.044334975
0.075294118
0.05775076
0.032145624
0.058712121
0.066666667
0.022277228
0.079268293
0.043010753
0.01416613
0.127232143
0.064383562
0.026666667
0.072897196
0.026078235
0.017293998
0.037406484
0.01164338
0.037518038
0.044776119
0.063305979
0.028492647
0.03163017
0.053921569
0.101485149
0.004550626
0.111753372
0.059322034
0.064615385
0.035971223
0.08492201
0.140625
0.076219512
0.043280182
0.049275362
0.049605411
0.066666667
0.060702875
0.043137255
0.037990196
0.100478469
0.050343249
0.060897436
0.02739726
0.040632054
0.034602076
0.043132804
0.045840407
0.004219409
0.006410256
0.04607721
0.025316456
0.122807018
0.05952381
0.344262295
0.048109966
0.071748879
0.122395833
0.079656863
0.020134228
0.04109589
0.066831683
0.032875368
0.032490975
0.013824885
0.032144119
0.06875
0.053156146
0.089686099
0.028248588
0.066206897
0.027960526
0.035714286
0.048309179
0.045751634
0.059566787
0.055803571
0.003410853
0.039529915
0.037996546
0.016545334
0.027642276
0.035190616
0.054794521
0.072625698
0.052112676
0.093085106
0.169014085
0.025974026
0.055335968
0.024444444
0.034328358
0.009784736
0.009478673
0.143646409
0.09495549
0.023109244
0.090180361
0.113207547
0.016183986
0.01814059
0.120576671
0.054313099
0.036714976
0.002380952
0.037760995
0.026455026
0.042813456
0.025204789
0.086092715
0.093264249
0.040250447
0.037800687
0.083076923
0.054252199
0.061482821
0.011267606
0.103070175
0.035796767
0.078393881
0.032072368
0.037190083
0.013475576
0.049586777
0.04
0.170212766
0.04140527
0.03427065
0.017291066
0.231292517
0.025936599
0.068493151
0.03006012
0.100671141
0.104938272
0.021186441
0.055384615
0.045485404
0.04965358
0.011173184
0.023160763
0.001757469
0.029745042
0.03101023
0.041139241
0.101620029
0.058585859
0.030625832
0.031674208
0.082608696
0.015037594
0.076470588
0.054282268
0.024475524
0.025408348
0.08313253
0.064220183
0.016815035
0.022494888
0.013761468
0.061293984
0.06744868
0.029411765
0.056382979
0.059275521
0.031347962
0.030646992
0.075098814
0.066298343
0.055846422
0.025157233
0.024048096
0.002101392
0
0.028968714
0.024935512
0.152777778
0.052092229
0.029345372
0.051529791
0.054123711
0.022346369
0.084775087
0.014659018
0.036133695
0.052313883
0.077806122
0.088967972
0.072139303
0.038461538
0.081939799
0.046920821
0.181818182
0.11589896
0.14619883
0.028220859
0.055299539
0.045958796
0.058333333
0.073170732
0.038704581
0.030250648
0.046062407
0.013986014
0.07337884
0.091139241
0.079545455
0.119402985
0.122887865
0.034711965
0.046255507
0.123809524
0.096815287
0.018591549
0.038461538
0.017316017
0.018115942
0.084210526
0.032146958
0.049342105
0.13986014
0.055882353
0.056478405
0.023376623
0.036630037
0.036563071
0.03591954
0.068014706
0.055891239
0.052259887
0.012057565
0.027289266
0.031151558
0.075851393
0.048598131
0.069532238
0.03030303
0.096408318
0.09486166
0.054750403
0.037209302
0.0234375
0.076470588
0.042270531
0.032069971
0.046263345
0.042323651
0.064908722
0.04784689
0.06501182
0.04587156
0.109589041
0.0151912
0.04265873
0.014925373
0.100877193
0.067137809
0.009
0.031842305
0.095360825
0.062579821
0.155555556
0.026266417
0.054814815
0.053582555
0.042444822
0.08649789
0.014324082
0.023529412
0.026833631
0.029542097
0.03379224
0.045643154
0
0.160798122
0.021778584
0.035581913
0.016783217
0.128378378
0.029605263
0.053146853
0.026162791
0.038961039
0.02266289
0.01537476
0.104199067
0.053682896
0.078680203
0.044100119
0.060606061
0.114206128
0.044487427
0.06
0.039419087
0.012987013
0.026143791
0.05
0.030124427
0.075650118
0.062787136
0.039325843
0.04950495
0.04
0.036281179
0.047311828
0.036
0.009920635
0.042553191
0.065714286
0.077005348
0.050691244
0.05920444
0.079800499
0.060240964
0.067153285
0.046783626
0.03785489
0.020900322
0.012690355
0.024911032
0.110070258
0.090625
0.031319911
0.028815849
0.045610034
0.029232643
0.036569987
0.096357227
0.043117745
0.025
0.056461731
0.057026477
0.166666667
0.025469982
0.105042017
0.070098576
0.047898338
0.034539474
0.079620853
0.015923567
0.03196347
0.140186916
0.084444444
0.008645533
0.065018315
0.044444444
0.104255319
0.055813953
0.04516129
0.054464286
0.037815126
0.023121387
0.09807074
0.054018445
0.088888889
0.143712575
0.045234249
0.047003525
0.051975052
0.075134168
0.142561983
0.027918782
0.105527638
0.029299363
0.036723164
0.072100313
0.068527919
0.060606061
0.021518987
0.108
0.014314928
0.049844237
0.051004637
0.018711019
0.029100529
0.038167939
0.085574572
0.087248322
0.079457364
0.029227557
0.04887218
0.073921971
0.031972455
0.094736842
0.169230769
0.010752688
0.034482759
0.025236593
0.020979021
0.023529412
0.07027027
0.012444444
0.058282209
0.098765432
0.082969432
0.032051282
0.011000524
0.145728643
0.033898305
0.07063197
0.045294414
0.080147965
0.014492754
0.007786429
0.090425532
0.036036036
0.04318618
0.034482759
0.019422572
0.048281506
0.03649635
0.024955437
0.060344828
0.021118012
0.049610895
0.118055556
0.071317829
0.049227799
0.057416268
0.109004739
0.106811146
0.03250774
0.060927152
0.02189781
0.025962787
0.058823529
0.045454545
0.114285714
0.067106711
0.08365019
0.023400936
0.026490066
0.015243902
0.023529412
0.151515152
0.079766537
0.091836735
0.045191194
0.085613416
0.053140097
0.061567164
0.008939974
0.061601643
0.028391167
0.033020973
0.037530266
0.039349423
0.019577134
0.041942605
0.085889571
0.06010929
0.109375
0.035266458
0.042281219
0.036072144
0.05092091
0.024827586
0.065217391
0.039111111
0.032762097
0.026058632
0.054435484
0.158974359
0.024368231
0.050175029
0.029048208
0.028451001
0.041331803
0.049833887
0.067264574
0.050754458
0.06
0.044
0.067365269
0.030075188
0.05988024
0.064073227
0.120689655
0.102040816
0.040598291
0.040145985
0.065359477
0.056451613
0.052539405
0.006339917
0.074626866
0.08778626
0.026548673
0.01875
0.10230179
0.078947368
0.046035806
0.082105263
0.167938931
0.028735632
0.182758621
0.045336788
0.044554455
0.030448718
0.006705784
0.097804391
0.01069716
0.045243619
0.018942384
0.005434783
0.035641548
0.024650781
0.062930187
0.052959502
0.06984127
0.076492537
0.019559902
0.023281596
0.10483871
0.043399638
0.06779661
0.013490725
0.101851852
0.038798498
0.006875
0.024707412
0.017751479
0.075268817
0.106182796
0.031716418
0.024911032
0.092402464
0.033126294
0.043520309
0.070895522
0.022566996
0.033333333
0.064792176
0.006092254
0.060606061
0.033106961
0.062750334
0.010622155
0.023356401
0.006784969
0.036951501
0.106694561
0.045375218
0.027467811
0.072327044
0.068535826
0.06424581
0.038415366
0.028818444
0.024255024
0.131506849
0.052132701
0.08411215
0.032608696
0.015806988
0.06442577
0.102941176
0.025751073
0.060070671
0.016791045
0.050898204
0.074505239
0.041301627
0.016897081
0.170212766
0.062275449
0.048241206
0.018248175
0.034482759
0.085069444
0.035268185
0.020588235
0.045454545
0.034979424
0.006809848
0.013645224
0.01754386
0.063444109
0.072695035
0.102189781
0.0472103
0.03289977
0.099273608
0.040333797
0.047495682
0.04109589
0.030402629
0.100263852
0.030349014
0.048267327
0.034105534
0.034951456
0.071823204
0.028238183
0.066860465
0.037199125
0.064356436
0.037444934
0.099206349
0.040677966
0.020363636
0.071283096
0.094972067
0.06884058
0.042553191
0.052401747
0.015625
0.016735537
0.023529412
0.114164905
0.195918367
0.035450517
0.048969072
0.051779935
0.049295775
0.116212339
0.027000964
0.076
0.030900373
0.013925152
0.063202247
0.08045977
0.047619048
0.102728732
0.028571429
0.024816176
0.065972222
0.043386243
0.056268509
0.086574655
0.011933174
0.039772727
0.028818444
0.078031212
0.028708134
0.08125
0.094043887
0.025
0.058201058
0.17
0.053675613
0.089473684
0.01510574
0.035443038
0.072131148
0.01965812
0.028037383
0.087759815
0.027901078
0.072356215
0.029880478
0.053658537
0.020689655
0.025889968
0.053639847
0.00661157
0.097186701
0.069164265
0.042553191
0.063063063
0.013513514
0.064272212
0.038352273
0.079027356
0.037581699
0.190909091
0.062146893
0.069672131
0.105263158
0.070154578
0.046961326
0.025
0.016699411
0.072164948
0.060356653
0.028876334
0.075862069
0.051873199
0.018724922
0.03125
0.048951049
0.047413793
0.060506051
0.056547619
0.034368071
0.00170068
0.052873563
0.103546099
0.050925926
0.209677419
0.024096386
0.063981043
0.037974684
0.023529412
0.053354891
0.037735849
0.037804878
0.048309179
0.031573754
0.147916667
0.076771654
0.059031877
0.194244604
0.024737631
0.114285714
0.030917874
0.191176471
0.060526316
0.103286385
0.058685446
0.104294479
0.023489933
0.015151515
0.03515625
0.055084746
0.078014184
0.086397059
0.034034034
0.075657895
0.030511811
0.03554724
0.031223629
0.020236088
0.054644809
0.077568134
0.024137931
0.042654028
0.043551089
0.04628331
0.003515968
0.124352332
0.028116214
0.014691479
0.269230769
0.028368794
0.058411215
0.064516129
0.03892944
0.06424581
0.026452732
0.05005005
0.136
0.034151547
0.043575419
0.020144628
0.12565445
0.05952381
0.113772455
0.053412463
0.106557377
0.024390244
0.036129032
0.025280899
0.020408163
0.04342791
0.017614091
0.03087886
0.045296167
0.028534371
0.036488027
0.06044905
0.020689655
0.166666667
0.0296
0.045918367
0.020594966
0.026086957
0.076023392
0.101036269
0.03299725
0.025688073
0.045563549
0.021912351
0.02907916
0.042397661
0.039832285
0.016736402
0.039308176
0.031906615
0.045302013
0.082666667
0.109223301
0.068862275
0.075242718
0.062137531
0.063360882
0.009884679
0.015197568
0.015384615
0.129133858
0.052808989
0.058470765
0.046585495
0.050561798
0.073529412
0.033236994
0.020291693
0.086956522
0.0925
0.064351379
0.04206501
0.041615667
0.007415859
0.140449438
0.03539823
0.020491803
0.043235704
0.019582245
0.024722933
0.084745763
0.171717172
0.015476785
0.051282051
0.033942559
0.034985423
0.026239067
0.011185682
0.044032445
0.012987013
0.041907514
0.06379822
0.086007702
0.034039334
0.048175182
0.02688172
0.036312849
0.062834225
0.046979866
0.03988604
0.05601318
0.038596491
0.002676182
0.031738281
0.035744681
0.013899614
0.155555556
0.031197302
0.174603175
0.098823529
0.061538462
0.13034188
0.048243314
0.057298772
0.037135279
0.111258278
0.159482759
0.048237477
0.039735099
0.041904762
0.075
0.015957447
0.25
0.030405405
0.011070111
0.084664537
0.023104693
0.065693431
0.025
0.024691358
0.04652568
0.12987013
0.005938914
0.036203523
0.070512821
0.02241594
0.026470588
0.044728435
0.021074816
0.052104208
0.041198502
0.098081023
0.056551724
0.046717172
0.030612245
0.027824621
0.052631579
0.013157895
0.06779661
0.079625293
0.046454768
0.015850144
0.038054968
0.086153846
0.057647059
0.021437579
0.043581616
0.11637931
0.039426523
0.026825633
0.027823241
0.021793797
0.031590414
0.068181818
0.003248863
0.04835924
0.00729927
0.026217228
0.073921971
0.010227273
0.049786629
0.018599562
0.058219178
0.021978022
0.152941176
0.074074074
0.081481481
0.057187017
0.023391813
0.039770005
0.086092715
0.07480315
0.014680484
0.052854123
0.043209877
0.077192982
0.068273092
0.087765957
0.029532404
0.119596542
0.03364486
0.034482759
0.067538126
0.018209408
0.033444816
0.030769231
0.095688749
0.050387597
0.034627492
0.198717949
0.096997691
0.029220779
0.021367521
0.034934498
0.05019305
0.086286595
0.027673897
0.094664372
0.042328042
0.014040562
0.097946288
0.022535211
0.07804878
0.032019704
0.076323988
0.074656189
0.029411765
0.137026239
0.024484536
0.054945055
0.023195876
0.139810427
0.014507254
0.02173913
0.051515152
0.027929569
0.045627376
0.081081081
0.076682316
0.074576271
0.09047619
0.065603924
0.01863354
0.035377358
0.090180361
0.036977492
0.026184539
0.111662531
0.054545455
0.034146341
0.037634409
0.027466368
0.028485757
0.038004751
0.016897081
0.169230769
0.027256208
0.039927405
0.111111111
0.074693423
0.033268102
0.088235294
0.066225166
0.033492823
0.058917197
0.014112903
0.033175355
0.055374593
0.028769841
0.028735632
0.024
0.026978417
0.057866184
0.061403509
0.099697885
0.046198268
0.042222222
0.046464646
0.019285309
0.020134228
0.07972973
0.031380753
0.017199017
0.072490706
0.071367884
0.127272727
0.084951456
0.037513398
0.022494888
0.058898848
0.038496792
0.086003373
0.079613993
0.016344725
0.023972603
0.022857143
0.019251337
0.040085898
0.033557047
0.096153846
0.028748591
0.052380952
0.038230241
0.042988741
0.042253521
0.025
0.043243243
0.098280098
0.06374502
0.011472275
0.037811746
0.047785548
0.038737446
0.028235294
0.023529412
0.106090373
0.013805004
0.040229885
0.060906516
0.041594454
0.172774869
0.078431373
0.028279654
0.062780269
0.053571429
0.093378608
0.149100257
0.0765625
0.041338583
0.018132975
0.025270758
0.082278481
0.111111111
0.030618893
0.081395349
0.046439628
0.008522727
0.09486166
0.014577259
0.130325815
0.049655172
0.120512821
0.046511628
0.110817942
0.186046512
0.041758242
0.016064257
0.053078556
0.092105263
0.032600455
0.054435484
0.107843137
0.039325843
0.031968592
0.064761905
0.014322917
0.042635659
0.018050542
0.057939914
0.024647887
0.016632017
0.014625229
0.02850062
0.082397004
0.017391304
0.029711375
0.031698113
0.112021858
0.049822064
0.044444444
0.072335025
0.177777778
0.010909091
0.066298343
0.086956522
0.068720379
0.093663912
0.034626039
0.018376723
0.163398693
0.026390198
0.254545455
0.04964539
0.077253219
0.010584445
0.138888889
0.04389313
0.082551595
0.027687296
0.03257329
0.101694915
0.038596491
0.111731844
0.069444444
0.038303694
0.050108932
0.040268456
0.056852792
0.087328767
0.0992
0.010166359
0.100653595
0.082725061
0.021984216
0.057522124
0.062663185
0.028248588
0.053571429
0.069767442
0.04674221
0.08492201
0.050051073
0.01863354
0.024390244
0.09141791
0.049038462
0.061093248
0.049445865
0.043478261
0.020627063
0.019009217
0.081578947
0.014358974
0.044811321
0.044776119
0.08390411
0.07310705
0.015288788
0.071038251
0.0488677
0.110512129
0.030696576
0.045537341
0.077862595
0.100840336
0.016784452
0.092669433
0.084422111
0.098765432
0.066985646
0.033802817
0.034825871
0.064989518
0.093275488
0.028395062
0.074427481
0.074492099
0.02610317
0.092342342
0.052401747
0.031989763
0.019076923
0.060240964
0.080394922
0.072327044
0.003759398
0.034482759
0.040201005
0.011500261
0.059405941
0.077419355
0.044662309
0.091988131
0.06271777
0.061682243
0.018063584
0.038317757
0.009803922
0.012372635
0.035849057
0.101265823
0.006369427
0.036170213
0.033195021
0.078947368
0.017821782
0.026032316
0.066536204
0.005878713
0.037974684
0.09228039
0.033824805
0.067588326
0.080145719
0.09252669
0.016134454
0.033018868
0.023933403
0.081081081
0.017410229
0.033874382
0.214285714
0.104513064
0.041147132
0.03024055
0.039520958
0.018617021
0.074179743
0.024046434
0.004142502
0.005499154
0.004166667
0.070422535
0.047709924
0.058759521
0.185714286
0.030129125
0.035413153
0.061394381
0.031770045
0.025830258
0.016842105
0.035541195
0.071100917
0.041109969
0.08
0.072440945
0.014851485
0.037328094
0.03197026
0.025801407
0.022578296
0.035595106
0.09380531
0.048811014
0.077075099
0.033442088
0.061946903
0.050607287
0.015358362
0.05834464
0.02850062
0.186440678
0.02293578
0.090643275
0.026666667
0.006696429
0.02892562
0.017964072
0.037037037
0.142465753
0.180904523
0.117537313
0.022710623
0.03930131
0.038772213
0.076712329
0.103286385
0.058663029
0.046511628
0.169117647
0.013605442
0.106870229
0.020681265
0.189655172
0.014507772
0.105263158
0.068322981
0.116696589
0.048453608
0.036817102
0.115879828
0.079777365
0.168604651
0.038199181
0.052109181
0.094629156
0.129151292
0.029875519
0.027377522
0.138059701
0.12202381
0.050909091
0.061617458
0.034129693
0.02425876
0.058426966
0.011375755
0.06175772
0.051001821
0.010067114
0.025104603
0.022151899
0.056325823
0.153846154
0.052752294
0.138211382
0.016824395
0.016850292
0.041290323
0.067567568
0.026183283
0.090646095
0.029171529
0.030237581
0.078028747
0.051747312
0.179372197
0.037735849
0.01881068
0.088414634
0.083897158
0.06043956
0.039915966
0.031055901
0.080123267
0.058500914
0.150134048
0.061452514
0.0484375
0.134615385
0.207142857
0.046831956
0
0.042713568
0.021482277
0.016227181
0.075471698
0.02371134
0.050117925
0.085910653
0.015055468
0.027642276
0.079301075
0.076682316
0.036969697
0.03909465
0.039930556
0.023542601
0.038383838
0.012454593
0.083188908
0.037204059
0
0.052269601
0.109947644
0.088512241
0.041347626
0.038897893
0.006738544
0.026871401
0.024163569
0.079032258
0.008290816
0.01598721
0.036180308
0.00987564
0.046717172
0.041666667
0.058267717
0.038999576
0.1
0.094240838
0.055771725
0.0205864
0.082046332
0.071684588
0.061983471
0.050341297
0.157303371
0.056795132
0.076443058
0.04400978
0.152224824
0.038895859
0.166666667
0.116094987
0.047115385
0.091575092
0.075409836
0.024268824
0.059322034
0.023023023
0.019148936
0.09244373
0.020472441
0.051878354
0.007014809
0.006984127
0.042253521
0.014175258
0.075968992
0.028404344
0.05511811
0.100609756
0.088852989
0.016582915
0.054151625
0.051918736
0.028077754
0.044280443
0.043073341
0.055865922
0.041002278
0.017361111
0.025896414
0.018087855
0.007623888
0.047732697
0.037168142
0.069290466
0.040865385
0.056179775
0.016055046
0.047120419
0.014767932
0.075757576
0.08719346
0.074688797
0.1125
0.026859504
0.061181435
0.004504505
0.104056437
0.017932489
0.048387097
0.17
0.058679707
0.009111617
0.029879518
0.016747704
0.026936027
0.071871128
0.027994792
0.032450897
0.025879917
0.106557377
0.01590106
0.019189765
0.079283887
0.033214709
0.029850746
0.018324607
0.086500655
0.043373494
0.082698585
0.028203556
0.043224299
0.127591707
0.058461538
0.034330986
0.178217822
0.026184539
0.032017076
0.027848101
0.065099458
0.02151463
0.067650677
0.111111111
0.025854879
0.049649533
0.133333333
0.087878788
0.086882453
0.004405286
0.024024024
0.088888889
0.17325228
0.088328076
0.032690696
0.060143627
0.106557377
0.046391753
0.057603687
0.213414634
0.034550839
0.111111111
0.04180602
0.051724138
0.083018868
0.03125
0.056379822
0.098850575
0.085964912
0.032786885
0.124390244
0.06557377
0.042505593
0.017458101
0.057934509
0.070643642
0.058275058
0.027932961
0.136111111
0.041036717
0.03062201
0.074242424
0.027262814
0.031969911
0.028203556
0.015317287
0.022566996
0.008172363
0.026369168
0.066666667
0.071759259
0.107579462
0.020325203
0.041166381
0.042131351
0.055690073
0.014705882
0.061093248
0.026584867
0.053211009
0.180327869
0.064587973
0.047384008
0.065510597
0.032290114
0.050179211
0.037735849
0.123505976
0.1
0.027826087
0.138801262
0.034582133
0.024472574
0.029925187
0.014728682
0.020182605
0.070707071
0.023616236
0.042438272
0.040178571
0.170212766
0.073529412
0.125
0.026970954
0.064102564
0.064393939
0.044117647
0.072555205
0.055248619
0.037760417
0.03113879
0.081818182
0.008359758
0.07173913
0.056603774
0.054151625
0.109947644
0.062634989
0.048295455
0.089347079
0.020100503
0.070754717
0.024355972
0.108433735
0.013605442
0.050828729
0.036717063
0.088295688
0.097560976
0.107142857
0.120689655
0.065217391
0.046258503
0.045673077
0.041526375
0.052173913
0.027874564
0.126582278
0.008506616
0.035128806
0.027918782
0.053794428
0.030352748
0.028358209
0.064
0.055172414
0.032840722
0.022222222
0.037354086
0.025922671
0.087048832
0.029350105
0.037237644
0.050615595
0.07518797
0.056603774
0.04109589
0.082474227
0.021638331
0.047120419
0.027272727
0.032450331
0.060509554
0.014319809
0.020560748
0.030696066
0.042328042
0.07480916
0.036866359
0.021495327
0.07832618
0.012403101
0.061290323
0.028503563
0.011741683
0.019076305
0.084291188
0.032700422
0.138461538
0.060941828
0.063897764
0
0.062256809
0.072088725
0.057926829
0.059912854
0.047034765
0.096202532
0.029550827
0.079418345
0.094707521
0.077380952
0.022641509
0.093484419
0.039182283
0.103953148
0.012048193
0.102088167
0.048064085
0.029146426
0.120567376
0.028177458
0.063938619
0.068965517
0.089533417
0.01734104
0.017684887
0.012035011
0.043887147
0.094562648
0.006884682
0.058823529
0.018359853
0.037234043
0.126984127
0.031779661
0.026819923
0.054140127
0.047961631
0.132231405
0.02774427
0.080840229
0.089678511
0.033898305
0.113733906
0
0.042424242
0.068027211
0.019774011
0.034364261
0.081896552
0.035433071
0.007343413
0.031185031
0.152
0.160427807
0.007371007
0.03346856
0.031463748
0.062611807
0.117021277
0.091295117
0.192982456
0.027777778
0.038312527
0.027303754
0.028430161
0.066666667
0.020765027
0.036392405
0.05199115
0.065934066
0.151515152
0.028257457
0.169811321
0.027989822
0.062992126
0.008338679
0.005838848
0.026666667
0.031165312
0.169491525
0.052542373
0.060702875
0.153005464
0.020654045
0.096456693
0.344827586
0.069100391
0.04245283
0.115384615
0.014547161
0.003831418
0.064220183
0.112676056
0.013796384
0.103244838
0.059021922
0.032432432
0.052892562
0.079159935
0.055155875
0.03180212
0.035281147
0.019607843
0.075117371
0.02027027
0.02758367
0.037383178
0.073319756
0.057315234
0.044765343
0.028887001
0.005698006
0.074954296
0.03038674
0.019067797
0.059590317
0.075829384
0.032175032
0.037333333
0.033096927
0.083916084
0.087900724
0.067988669
0.071307301
0.047389558
0.041077441
0.111111111
0.047154472
0.05
0.070521862
0.024981631
0.050089445
0.053590568
0.098253275
0.058558559
0.083432658
0.090047393
0.017513135
0.113636364
0.028220859
0.168421053
0.019543974
0.055932203
0.055072464
0.128404669
0.056179775
0.152631579
0.036585366
0.067669173
0.012950971
0.071428571
0.022591362
0.035998326
0.008333333
0.037037037
0.036988686
0.013084112
0.001805054
0.009881423
0.080097087
0.017820425
0.059782609
0.048172757
0.056402439
0.028629857
0.039167687
0.035343035
0.042016807
0.068004459
0.028423773
0.035739313
0.083333333
0.038235294
0.038709677
0.036144578
0.04338843
0.028100775
0.051106026
0.033647376
0.017657993
0.023404255
0.046004843
0.025150905
0.050092764
0.029810298
0.036395147
0.023155627
0.084319527
0.05513308
0.033570702
0.067567568
0.018126888
0.104669887
0.083333333
0.138424821
0.003373494
0.084179971
0.04787234
0.036777583
0.021868787
0.031746032
0.098591549
0.032945736
0.051759834
0.24137931
0.055793991
0.0875
0.030913978
0.101036269
0.028050491
0.083989501
0.023826715
0.032098765
0.064984709
0.023131673
0.034739454
0.013615734
0.051401869
0.03803132
0.06043956
0.197183099
0.034567901
0.04064617
0.028050491
0.034690799
0.05907173
0.018867925
0.03125
0.082408875
0.131578947
0.109816972
0.047961631
0.094339623
0.075968992
0.025495751
0.041188386
0.074829932
0.025210084
0.024955437
0.344827586
0.066095471
0.041019956
0.059178744
0.020833333
0.11299435
0.027918782
0.024663677
0.004021448
0.076682316
0.035123967
0.038054968
0.086486486
0.046526055
0.051353875
0.028930818
0.147887324
0.090432503
0.020416667
0.058823529
0.174603175
0.072463768
0.051219512
0.149779736
0.026570048
0.074427481
0.052151239
0.075728155
0.04416761
0.034548944
0.044665012
0.077777778
0.023558083
0.034170854
0.075657895
0.035169988
0.05
0.058230683
0.028001697
0.053406998
0.139120095
0.065868263
0.083682008
0.041116006
0.092541436
0.03898051
0.065989848
0.034076016
0.027027027
0.046875
0.07852194
0.024198969
0.037735849
0.075968992
0.041953232
0.019639935
0.026989936
0.041412911
0.084656085
0.011608624
0.021186441
0.09787234
0.037974684
0.010755258
0.029761905
0.016177958
0.025477707
0.057313944
0.034285714
0.055194805
0.075409836
0.024647887
0.085929108
0.030208333
0.149466192
0.133079848
0.031847134
0.046242775
0.094339623
0.015834348
0.020979021
0.027586207
0.084409991
0.024174053
0.083617747
0.082825822
0.100609756
0.034574468
0.025423729
0.03626943
0.042105263
0.025445293
0.042991755
0.111424542
0.051111111
0.101851852
0.059925094
0.1875
0.208053691
0.106546855
0.021655066
0.13960114
0.014084507
0.007191522
0.068062827
0.013888889
0.060458652
0.073710074
0.064102564
0.169421488
0.027977044
0.064981949
0.008183306
0.015441176
0.074074074
0.070996979
0.150326797
0.026511135
0.035136642
0.032986111
0.052447552
0.076023392
0.028490028
0.042635659
0.014454665
0.045133992
0.038461538
0.042056075
0.028248588
0.019246862
0.101265823
0.108792846
0.051685393
0.170842825
0.048387097
0.016309013
0.092243187
0.096938776
0.072635135
0.042424242
0.055350554
0.028070175
0.078512397
0
0.022836538
0.031588448
0.062111801
0.084710744
0.03052729
0.065217391
0.101204819
0.102564103
0.035794183
0.051020408
0.029814666
0.084482759
0.027139875
0.034351145
0.03148855
0.052631579
0
0.02739726
0.049566295
0.035891089
0.069478908
0.033374536
0.041198502
0.142857143
0.051219512
0.027672956
0.043715847
0.019438445
0.038348083
0.101333333
0.049107143
0.230263158
0.015866209
0.004965243
0.047741935
0.016871166
0.011013216
0.030653951
0.015384615
0.081920904
0.037463977
0.05511811
0.052287582
0.019607843
0.024271845
0.166666667
0.01585504
0.016146394
0.255813953
0.07804878
0.081395349
0.041800643
0.101196953
0.036717063
0.081504702
0.088820827
0.255813953
0.074829932
0.05248227
0.029891304
0.036781609
0.018939394
0.034274194
0.053125
0.147727273
0.03988604
0.064748201
0.063694268
0.021786492
0.078431373
0.014967926
0.062836625
0.029150824
0.08034188
0.034324943
0.026610644
0.026022305
0.066666667
0.048387097
0
0.0317139
0.048
0.060535506
0.044444444
0.028921023
0.015181195
0.026506024
0.041994751
0.117647059
0.014944769
0.019629226
0.049910873
0.021645022
0.055737705
0.191304348
0.057755776
0.266055046
0.078005115
0.011282051
0.104116223
0.025280899
0.01984127
0.017278618
0.104761905
0.124675325
0.024255788
0.054323725
0.028985507
0.043010753
0.022825659
0.078333333
0.062724014
0.028608583
0.016149068
0.156378601
0.022242817
0.015151515
0.063037249
0.04174397
0.122186495
0.124197002
0.262135922
0.023893805
0.051841746
0.024263432
0.053691275
0.00811359
0.110552764
0.033288948
0.032
0.016021362
0.029612756
0.044739022
0.032921811
0.049698795
0.043103448
0.061752988
0.117647059
0.036697248
0.076219512
0.042857143
0.039215686
0.044334975
0.07755102
0.073903002
0.040055249
0.012915725
0.031737194
0.026591107
0.031938326
0.062899787
0.035019455
0.081411126
0.044375645
0.020119225
0.003102378
0.039647577
0.062121212
0.041899441
0.032596042
0.035469108
0.077795786
0.062295082
0.059544658
0.049566295
0.058087578
0.024861878
0.090634441
0.130081301
0.017897092
0.022680412
0.038616251
0.023858214
0.166666667
0.018768769
0.034302326
0.09963548
0.047272727
0.037383178
0.046743697
0.062413315
0.013103038
0.033737024
0
0.030769231
0.05452213
0.023185484
0.021352313
0.036029412
0.220588235
0.074576271
0.024734982
0.056518463
0.037209302
0.11637931
0.038327526
0.043399638
0.092105263
0.092006033
0.069579288
0.017262639
0.074829932
0.079754601
0.09939759
0.040909091
0.057553957
0.024096386
0.059130435
0.030612245
0.09929078
0.043956044
0.037229437
0.04381161
0.071170084
0.117967332
0.054054054
0.125
0.008915305
0.033550792
0.02960103
0.062745098
0.071856287
0.134615385
0.018823529
0.055639098
0.005249344
0.149450549
0.010752688
0.035767511
0.032208589
0.02781457
0.055829228
0.059701493
0.076502732
0.02637486
0.040462428
0.022880215
0.083086053
0.021752266
0.043942993
0.025022341
0.037656904
0.084558824
0.047085202
0.076452599
0.095703125
0.044247788
0.091715976
0.048780488
0.050397878
0.03286385
0.052166225
0.060556465
0.066433566
0.106557377
0.06557377
0.045534151
0.082568807
0.024
0.030229746
0.035563082
0.028571429
0.0270027
0.006495615
0.005244755
0.136134454
0.058371736
0.050228311
0.034452297
0.074380165
0.042372881
0.009253139
0.046994536
0.020979021
0.142857143
0.017928287
0.011627907
0.09037037
0.166666667
0.068396226
0.041666667
0.030334728
0.024390244
0.04070407
0.166666667
0.063253012
0.048201989
0.054272517
0.036829464
0.026845638
0.024822695
0.098121086
0.127272727
0.038095238
0.042218021
0.053311793
0.120481928
0.044280443
0.02173913
0.058020478
0.037701975
0.092807425
0.026279391
0.441699605
0.01598579
0.102342787
0.026595745
0.037735849
0.051553206
0.041543027
0.051660517
0.142857143
0.048205128
0.022807018
0.071236559
0.064343164
0.066350711
0.068728522
0.103174603
0.055106539
0.076595745
0.105769231
0.050478677
0.073664825
0.059656218
0.067028986
0.088095238
0.056433409
0.038490007
0.157360406
0.026515152
0.027419355
0.117302053
0.003412969
0.075452716
0.152993348
0.179487179
0.02467344
0.081424936
0.054285714
0.158878505
0.104986877
0.040302267
0.084337349
0.012820513
0.089681774
0.096774194
0.01369863
0.10738255
0.115942029
0.036345776
0.10488677
0.065972222
0.028953229
0.079002079
0.142241379
0.036076663
0.061617458
0.036363636
0.113300493
0.048818898
0.04245283
0.086419753
0.157142857
0.083686441
0.029082774
0.075376884
0.025177026
0.08173913
0.009324009
0.06042885
0.006302521
0.031390135
0.100478469
0.051975052
0.055865922
0.086021505
0.082039911
0.053857351
0.062096774
0.022792023
0.041353383
0.062721893
0.062421973
0.088825215
0.081521739
0.025125628
0.030888031
0.034482759
0.135135135
0.026153846
0.070422535
0.145833333
0.022312373
0.085141903
0.120720721
0.022241232
0.010989011
0.043327556
0.053422371
0.028178694
0.122077922
0.065116279
0.03565365
0.094170404
0.048355899
0.03436019
0.0976
0.062992126
0.019384265
0.027075812
0.061041293
0.083333333
0.030232558
0.040909091
0.013306039
0.037147103
0.034412955
0.00754717
0.034305317
0.023827825
0.077689243
0.060702875
0.100702576
0.02295082
0.07972028
0.066334992
0.02788536
0.071428571
0.035239362
0.016096579
0.036053131
0.047619048
0.082429501
0.041009464
0.072324723
0.040609137
0.060606061
0.072347267
0.049657534
0.019057172
0.080701754
0.038297872
0.035714286
0.066582915
0.019480519
0.030844156
0.018907563
0.074766355
0.012126112
0.043062201
0.036613272
0.044794189
0.142857143
0.044419134
0.237113402
0.098846787
0.083056478
0.035153328
0.037766831
0.040843215
0.099173554
0.033707865
0.091900312
0.033007335
0.031684699
0.032786885
0.037037037
0.048629531
0.08033241
0.024518389
0.060402685
0.116788321
0.049180328
0.078947368
0.073421439
0.049586777
0.036741214
0.008230453
0.00726257
0.149253731
0.085828343
0.049792531
0.023529412
0.029094828
0.085217391
0.092402464
0.066481994
0.032445923
0.018685567
0.037601626
0.062600321
0.026162791
0.056291391
0.262135922
0.04595186
0.019955654
0.028834602
0.032520325
0.066985646
0.099173554
0.00170503
0.027918782
0.014981273
0.056962025
0.019875776
0.039236479
0.105769231
0.027681661
0.10755814
0.083086053
0.06557377
0.126696833
0.115755627
0.145348837
0.08678501
0.024390244
0.055555556
0.03551251
0.035420099
0.058897243
0.199186992
0.041874377
0.074144487
0.042704626
0.065616798
0.032967033
0.023133544
0.03814262
0.023060797
0.032485876
0.039241623
0.077738516
0.04950495
0.072847682
0.069738481
0.081942337
0.04379562
0.113941019
0.015639374
0.0609319
0.03037037
0.068669528
0.014380531
0.013551666
0.036823936
0.040865385
0.319327731
0.058823529
0.074581431
0.075872534
0.097560976
0.034013605
0.053984576
0.030563003
0.032010243
0.046153846
0.097387173
0.033783784
0.032534247
0.083941606
0.103448276
0.050119332
0.070351759
0.035971223
0.092307692
0.030874786
0.038461538
0.020930233
0.063758389
0.061946903
0.085227273
0.005447471
0.02238806
0.060939061
0.070694087
0.056872038
0.08040201
0.019319227
0.087398374
0.1015625
0.018385292
0.051948052
0.102803738
0.087759815
0.028732042
0.072978304
0.121527778
0.037516749
0.058577406
0.068268015
0.139664804
0.041570439
0.084677419
0.106299213
0.045886076
0.01793722
0.079452055
0.068139963
0.092369478
0.036585366
0.053602812
0.016233766
0.025069638
0.027144408
0.048857368
0.041916168
0.034517766
0.040433925
0.030528053
0.03742515
0.026235243
0.009584665
0.05156724
0.04068078
0.080882353
0.047169811
0.027083333
0.030985915
0.079681275
0.035639413
0.107355865
0.063862928
0.01585504
0.059405941
0.141242938
0.113432836
0.074561404
0.072
0.056365403
0.009478673
0.046237088
0.027632562
0.02278481
0.098187311
0.103392569
0.038297872
0.033860045
0.028267104
0.053982301
0.023320378
0.021314387
0.092307692
0.069114471
0.033970276
0.092857143
0.04028436
0.04787234
0.025
0.033898305
0.057714959
0.157894737
0.192546584
0.048648649
0.064338235
0.059782609
0.076219512
0.027850305
0.041118421
0.02833226
0.053763441
0.038793103
0.053465347
0.041474654
0.120622568
0.0273619
0.015400411
0.034816248
0.103448276
0.071684588
0.02
0.088156723
0.103386809
0.053374233
0.077939234
0.038374718
0.041189931
0.012202208
0.056930693
0.073313783
0.039819005
0.024958403
0.102915952
0.029264811
0.076219512
0.034177215
0.058116232
0.05
0.022435897
0.075418994
0.004244482
0.170798898
0.027329193
0.053623188
0.054272517
0.050583658
0.0625
0.049429658
0.042857143
0.052631579
0.022068966
0.122222222
0.059751973
0.101333333
0.076315789
0.04964539
0.021220159
0.048034934
0.2
0.084048027
0.019407559
0.038626609
0.070381232
0.02
0.031818182
0.024834437
0.085714286
0.047770701
0.064935065
0.019455253
0.046601942
0.023391813
0.046783626
0.032694476
0.0765625
0.022121669
0.016412661
0.072100313
0.046391753
0.024048096
0.03421728
0.036745407
0.035564854
0.189655172
0.137931034
0.068893528
0.074688797
0.075851393
0.185929648
0.032894737
0.042424242
0.022613065
0.070532915
0.035483871
0.082474227
0.05620155
0.08
0.041747573
0.02189781
0.043624161
0.01701427
0.077464789
0.044036697
0.024918743
0.045393858
0.034161491
0.052287582
0.024475524
0.028708134
0.166666667
0.126373626
0.058648111
0.171717172
0.065860215
0.040515654
0.138392857
0.055858311
0.133587786
0.04296875
0.041111111
0.113793103
0.052770449
0.207407407
0.04607721
0.066666667
0.064680851
0.033128834
0.042592593
0.04601227
0.040640394
0.058823529
0.030942335
0.045774648
0.060773481
0.063291139
0.037974684
0.058073654
0.045637584
0.045703839
0.141843972
0.074340528
0.040690506
0.051413882
0.077735125
0.029062087
0.074433657
0.054545455
0.022633745
0.069464544
0.024505929
0.094871795
0.055194805
0.066752246
0.043478261
0.066473988
0.041050903
0.046989721
0.017063314
0.025588536
0.023072594
0.051546392
0.068965517
0.131578947
0.022749753
0.061093248
0.060702875
0.064676617
0.085803432
0.022540984
0.026766595
0.025316456
0.059701493
0.034934498
0.026996625
0.016923843
0.126934985
0.035897436
0.082379863
0.028070175
0.050397878
0.014897579
0.096219931
0.085487078
0.070512821
0.059866962
0.066282421
0.073446328
0.049295775
0.029761905
0.053543307
0.052325581
0.013623978
0.051785714
0.032938076
0.032490975
0.051896208
0.009713977
0.028317152
0.108108108
0.072327044
0.024968789
0.012256267
0.015811966
0.12173913
0.045402951
0
0.01793722
0.085766423
0.062686567
0.100775194
0.04107425
0.076923077
0.111581921
0.026771654
0.015801354
0.025369979
0.004370629
0.067692308
0.044375645
0.020547945
0.346153846
0.024604569
0.001975309
0.067599068
0.027079304
0.023529412
0.067209776
0.044742729
0.07826087
0.018489985
0.027982327
0.035960875
0.015463918
0.041594454
0.009603842
0.028169014
0.111531191
0.056478405
0.032502709
0.124378109
0.006809848
0.037383178
0.04826546
0.015151515
0.157142857
0.029780564
0.04516129
0.059790732
0.065359477
0.03030303
0.033658537
0.106666667
0.247058824
0.017310253
0.057591623
0.023591088
0.048961424
0.089285714
0.081168831
0.025870647
0.074116306
0.023054755
0.061165049
0.024899598
0.028257457
0.044186047
0.012641384
0.024604569
0.045548654
0.157303371
0.046312178
0.015450644
0.03314121
0.05511811
0.032102729
0.031914894
0.088669951
0.0486618
0.129692833
0.059753954
0.020523708
0.028340081
0.051048314
0.063205418
0.045931759
0.109375
0.045454545
0.006711409
0.017054264
0.034790366
0.033069399
0.071574642
0
0.119148936
0.029411765
0.049568966
0
0.044654939
0.036521739
0.096018735
0.061093248
0.059770115
0.022571148
0.089411765
0.040948276
0.026684456
0.039708266
0.048245614
0.050980392
0.02173913
0.079288026
0.047029703
0.109090909
0.11190234
0.054279749
0.02978236
0.027681661
0.060096154
0.024828767
0.028099174
0.116760829
0.046568627
0.052948255
0.052631579
0.040769231
0.028985507
0.06374502
0.117241379
0.178947368
0.027692308
0.030208333
0.03255814
0.090261283
0.013636364
0.075085324
0.049425861
0.040278854
0.02084507
0.117808219
0.019441069
0.078740157
0.023566379
0.055214724
0.027531957
0.051835853
0.02739726
0.088566828
0.072192513
0.053763441
0.044609665
0.038062284
0.034482759
0.022749753
0.059674503
0.029268293
0.019522777
0.066536204
0.036791007
0.090909091
0.044705882
0.123839009
0.046004843
0.01320132
0.043879908
0.023909986
0.061111111
0.037383178
0.040421793
0.051282051
0.041726619
0.06372549
0.02774427
0.02283105
0.029810298
0.028967254
0.025974026
0.007178107
0.034722222
0.029746835
0.006809848
0.040217391
0.161764706
0.034666667
0.032786885
0.026679842
0.018467221
0.014631685
0.174311927
0.081911263
0.163265306
0.025906736
0.009988249
0.05950096
0.1625
0.057692308
0.074898785
0.026315789
0.039529915
0.030004688
0.035137702
0.044736842
0.082397004
0.027613412
0.042253521
0.046153846
0.046535677
0.071895425
0.013736264
0.104651163
0.077399381
0.132743363
0.037688442
0.037914692
0.020437956
0.026217228
0.080145719
0.038461538
0.064417178
0.12
0.114235501
0.051162791
0.038674033
0.051529791
0.019364833
0.061598952
0.07860262
0.037126715
0.066765579
0.02661597
0.017391304
0.018716578
0.041322314
0.033085194
0.021645022
0.053587648
0.016931217
0.076794658
0.007326007
0.05
0.075342466
0.025043178
0.046548957
0.039377289
0.100182149
0.058207218
0.035369775
0.022179975
0.082089552
0.03930131
0.033635188
0.102150538
0.042431193
0.041312272
0.036686391
0.016260163
0.060897436
0.027914614
0.053497942
0.041441441
0.026362039
0.022435897
0.018853405
0.01827957
0.035416667
0.044088176
0.031603774
0.022084196
0.019298246
0.030674847
0.060908084
0.124688279
0.077241379
0.029579067
0.085048011
0.009061489
0.032624113
0.126865672
0.049210207
0.053977273
0.04
0.077868852
0.092807425
0.015829528
0.047794118
0.025716385
0.035149385
0.049763033
0.02690583
0.098240469
0.024647887
0.109947644
0.048927614
0.076555024
0.022222222
0.037593985
0.271317829
0.073103448
0.082458771
0.081005587
0.007092199
0.094161959
0.014925373
0.001466706
0.007266122
0.071801567
0.073217726
0.059171598
0.027044025
0.042824074
0
0.031976744
0.066358025
0.035005834
0.071755725
0.033444816
0.039175258
0.028192371
0.031788079
0.010899183
0.096491228
0.024390244
0.03757416
0.042979943
0.016522423
0.072192513
0.080508475
0.070261438
0.055309735
0.033726128
0.015753938
0.032686415
0.028227194
0.037815126
0.141439206
0.040549379
0.105328377
0.223684211
0.024296675
0.013722127
0.094302554
0.037305699
0.037735849
0.104225352
0.00408998
0.061093248
0.134680135
0.043175487
0.077134986
0.037531276
0.024734982
0.084955752
0.014427412
0.026943005
0.018342821
0.079069767
0.035558781
0.044014085
0.025998143
0.014018692
0.021621622
0.068846816
0.031128405
0.028289474
0.024778761
0.08839779
0.02775291
0.035198556
0.038793103
0.051724138
0.024734982
0.104868914
0.041166381
0.043269231
0.199211045
0.096477795
0.070281124
0.067757009
0.023529412
0
0.099765258
0.032365145
0.096069869
0.105354059
0.116591928
0.04375
0.015625
0.030481283
0.077363897
0.0315197
0.030520646
0.065217391
0.018719212
0.029498525
0.051172708
0.022342586
0.050704225
0.050607287
0.033167496
0.069468268
0.037037037
0.060584462
0.154639175
0.048550725
0.021218344
0.051724138
0.053156146
0.04040404
0.09352518
0.018761726
0.025993884
0.045586809
0.052493438
0.035783366
0.036511156
0.024159664
0.081447964
0.045550847
0.063583815
0.058394161
0.007575758
0.026996625
0.02673031
0.093939394
0.076452599
0.037837838
0.092473118
0.028571429
0.038737446
0.017684887
0.026244344
0.05
0.157407407
0.022167488
0.035190616
0.09352518
0.009328358
0.020557029
0.054156171
0.084415584
0.025641026
0.120879121
0.042477876
0.028282828
0.041916168
0.082539683
0.023564065
0.100795756
0.014953271
0.016949153
0.127906977
0.066864785
0.017699115
0.052041633
0.037
0.054298643
0.038626609
0.086834734
0.007982262
0.092307692
0.062355658
0.041825095
0.077586207
0.068345324
0.06547619
0.017130621
0.11
0.095481671
0.096153846
0.026200873
0.028865979
0.010492333
0.033333333
0.077044025
0.057189542
0.039092055
0.04
0.061082024
0.122399021
0.026392962
0.035137702
0.040650407
0.036858974
0.014398514
0.052132701
0.071691176
0.052980132
0.059808612
0.17
0.060998152
0.075581395
0.043373494
0.037463977
0.11815562
0.024539877
0.035037879
0.043809524
0.014647137
0.032471437
0.024610748
0.004520796
0.088626292
0.024746907
0.127744511
0.04622157
0.084677419
0.008321775
0.046511628
0.098591549
0.051329056
0.048329049
0.047717842
0.020475561
0.08677686
0.04368932
0.018387553
0.03115016
0.047619048
0.047297297
0.004597701
0.042322835
0.061403509
0.053892216
0.030337079
0.042609854
0.022425249
0.028571429
0.106598985
0.05
0.025586354
0.085074627
0.089705882
0.03271028
0.168421053
0.041666667
0.038369305
0.056022409
0.071428571
0.046402152
0.084615385
0.077120823
0.116336634
0.121654501
0.02962963
0.067164179
0.06185567
0.017156863
0.010802469
0.032755299
0.045558087
0.025510204
0.01773399
0.027542373
0.046718576
0.111111111
0.055248619
0.012512031
0.16
0.030828516
0.059748428
0.073170732
0.02406639
0.034115139
0.046875
0.168224299
0.015337423
0.027511962
0.021156559
0.088390501
0.132511556
0.03640257
0.081632653
0.052969502
0.044444444
0.100806452
0.042553191
0.031055901
0.205882353
0.058242843
0.087475149
0.015873016
0.072948328
0.03125
0.053892216
0.122352941
0.053917439
0.138228942
0.023622047
0.041062802
0.037825059
0.030666667
0.076305221
0.026168224
0.026247849
0.025899281
0.096638655
0.051111111
0.028732042
0.0503663
0.116465863
0.019873532
0.046575342
0.027835052
0.006944444
0.075067024
0.116
0.063333333
0.117073171
0.132352941
0.112903226
0.072327044
0.06116208
0.03930131
0.044593088
0.068656716
0.046370968
0.047387606
0.057142857
0.06407767
0.062659847
0.025149701
0.035576923
0.031512605
0.0657277
0.056657224
0.025032092
0.02345679
0.023845764
0.036818851
0.033625731
0.069175992
0.015248796
0.167597765
0.04184322
0.060822898
0.012552301
0.040616246
0.055702918
0.079136691
0.044692737
0.028949951
0.034722222
0.087719298
0.129411765
0.082311734
0.096121417
0.026946108
0.020224719
0.035139092
0.08348135
0.037533512
0.018733274
0.023529412
0.105603448
0.002092488
0.0816
0.006315789
0.044684129
0.041904762
0.054373522
0.066783831
0.040268456
0.014771049
0.022885572
0.1015625
0.004672897
0.026778883
0.069498069
0.04716227
0.012820513
0.004579517
0.056410256
0.083665339
0.049865229
0.026687598
0.070850202
0.061946903
0.076443058
0.021156559
0.075901328
0.026239067
0.078817734
0.060273973
0.009978992
0.080760095
0.034313725
0.037347561
0.130755064
0.075268817
0.008818342
0.025423729
0.049382716
0.015664691
0.075279756
0.018372703
0.034038638
0.112676056
0.078431373
0.106741573
0.037171351
0.16112532
0.028823058
0.081881533
0.06512605
0.058355438
0.029235382
0.047486034
0.073131955
0.027845036
0.029380902
0.036191297
0.025641026
0.105960265
0.046767538
0.085020243
0.039419087
0.210843373
0.029023747
0.060965954
0.080827068
0.060209424
0.040685225
0.029745042
0.04859335
0.031862745
0.035750766
0.021877205
0.06440678
0.049707602
0.105263158
0.033005211
0.021390374
0.053191489
0.03539823
0.075284091
0.031473534
0.126344086
0.024630542
0.039097744
0.027855153
0.015691869
0.09141791
0.073375262
0
0.086705202
0.097368421
0.064
0.004521818
0.083333333
0.015712682
0.066037736
0.050574713
0.025629887
0.030241935
0.029062087
0.041855204
0.015086207
0.042437432
0.046812749
0.077079108
0.076846307
0.01525747
0.091836735
0.037757437
0.037472036
0.033980583
0.032064128
0.035629454
0.022026432
0.090452261
0.191616766
0.08137045
0.011575563
0.046119235
0.068965517
0.075657895
0.263157895
0.04091653
0.178378378
0.025423729
0.035589672
0.016696482
0.034993271
0.01306036
0.07112069
0.117359413
0.127272727
0.02383532
0.039231385
0.066666667
0.008975101
0.035661218
0.198717949
0.164102564
0.061583578
0.033218786
0.037444934
0.059386973
0.054012346
0.009205984
0.019323671
0.058035714
0.075324675
0.164113786
0.023529412
0.06185567
0.034324943
0.055921053
0.017652251
0.039399625
0.036190476
0.022577611
0.075901328
0.072864322
0.029787234
0.050847458
0.229166667
0.086898396
0.013349515
0.037717602
0.097152429
0.027672273
0.081818182
0.077380952
0.034398034
0.027259684
0.05229794
0.042226488
0.080578512
0.023529412
0.048762737
0.093922652
0.054635762
0.211428571
0.018766756
0.015151515
0.02027027
0.128630705
0.037671233
0.068548387
0.048275862
0.029268293
0.036144578
0.029275809
0.186046512
0.070726916
0.120171674
0.018973214
0.076923077
0.027067669
0.074600355
0.036666667
0.121004566
0.041958042
0.03030303
0.031504617
0.051724138
0.036553525
0.02020202
0.008678238
0.073461284
0.079295154
0.049479167
0.059566787
0.075819672
0.100222717
0.019900498
0.040816327
0.073701843
0.009352518
0.113989637
0.019174041
0.027422303
0.016963528
0.031830239
0.04315197
0.018126888
0.021428571
0.089834515
0.042016807
0.01910828
0.03200883
0.16
0.056944444
0.067400275
0.026829268
0.017944535
0.037851038
0.072916667
0.076212471
0.02739726
0.042216359
0.082720588
0.036082474
0.028512182
0.031758958
0.073908175
0.024761905
0.054279749
0.048366013
0.042207792
0.070911722
0.037944284
0.09602649
0.054545455
0.041909197
0.050595238
0.037037037
0.023668639
0.092672414
0.043126685
0.027613412
0.053418803
0.029850746
0.051130777
0.077894737
0.03510351
0.0284126
0.021494371
0.083418108
0.05065123
0.053333333
0.027143738
0.053960964
0.044278607
0.061521253
0.028248588
0.061041293
0.042056075
0.096330275
0.058823529
0.058939096
0.071906355
0.054406964
0.090909091
0.037478705
0.032894737
0.104026846
0.031013616
0.069400631
0.022195561
0.0137781
0.089160839
0.006369427
0.012650602
0.012594458
0.375
0.044753086
0.07345576
0.041602465
0.008090615
0.062893082
0.026485788
0.036101083
0.023529412
0.022033898
0.022440393
0.017199017
0.046099291
0.026540284
0.058641975
0.038123167
0.108345534
0.063380282
0.031598513
0.017536534
0.015186029
0.020512821
0.084033613
0.022698613
0.127527216
0.048728814
0.071258907
0.183333333
0.09
0.02771855
0.045454545
0.072555205
0.051242236
0.061046512
0.02020202
0.110552764
0.059259259
0.219512195
0.033293698
0.186813187
0.166666667
0.118483412
0.021077283
0.041067762
0.071428571
0.06937799
0.023391813
0.025445293
0.06122449
0.077868852
0.047468354
0.042087542
0.073800738
0.01980198
0.014376997
0.029486099
0.081790123
0.036809816
0.021299255
0.082159624
0.04341534
0.069548872
0.038804071
0.014747191
0.031034483
0.030239833
0.077656676
0.099009901
0.125
0.027210884
0.073157612
0.085714286
0.069977427
0.067619048
0.030528667
0.067681895
0.044573643
0.037000493
0.025572005
0.035945363
0.027210884
0.012658228
0.084210526
0.034846029
0.039653036
0.128571429
0.026608911
0.033018868
0.035036496
0.074509804
0.055721393
0.004140787
0.060509554
0.0505689
0.030208333
0.031135531
0.043758044
0.037444934
0.036585366
0.042
0.071984436
0.039622642
0.03908046
0.022918258
0.057324841
0.0625
0.059210526
0.053571429
0.02247191
0.069148936
0.03280543
0.023468057
0.033430233
0.022641509
0.014005602
0.034007353
0.012734991
0.125295508
0.017132552
0.058035714
0.067901235
0.055964654
0.09209454
0.029220779
0.09202454
0.097649186
0.033065237
0.054231717
0.113895216
0.051813472
0.046065259
0.047511312
0.037581699
0.101694915
0.095081967
0.021682567
0.069037657
0.010695187
0.02200489
0.017094017
0.01439342
0.031044214
0.081632653
0.097472924
0.036723164
0.123145401
0.069605568
0.051306873
0.03080766
0.032432432
0.066206897
0.06185567
0.045698925
0.048169557
0.047138047
0.066425121
0.080071174
0.100719424
0.088825215
0.347826087
0.041474654
0.024401689
0.052227343
0.015564202
0.035545024
0.180878553
0.029350105
0.032282859
0.171875
0.085106383
0.025069638
0.037302726
0.029552716
0.02097429
0.015021459
0.037168142
0.030643514
0.014268728
0.024678112
0.075471698
0.086267606
0.070866142
0.002104156
0.054662379
0.03221957
0.061662198
0.057397959
0.026898734
0.090558767
0.019968471
0.087859425
0.031266561
0.096774194
0.074265976
0.027363184
0.067765568
0.028328612
0.053658537
0.057877814
0.0734375
0.086419753
0.006949807
0.0256917
0.118942731
0.090909091
0.03087886
0.021192053
0.016819572
0.020703934
0.024765158
0.026977595
0.069852941
0.037823234
0.048648649
0.073076923
0.038583749
0.016153846
0.039538715
0.079479769
0.037825059
0.010285714
0.031037093
0.109375
0.086474501
0.022006472
0.040055249
0.020025031
0.016116654
0.063636364
0.060390764
0.057877814
0.081632653
0.04248366
0.055737705
0.064516129
0.06424581
0.067307692
0.107142857
0.088186356
0.090909091
0.006351039
0.115702479
0.092592593
0.011411411
0.063492063
0.041860465
0.047557841
0.107142857
0.028015564
0.046337818
0.141700405
0.122478386
0.04248366
0.014084507
0.043678161
0.058897243
0.068846816
0.03122498
0.10328068
0.05982906
0.065420561
0.023546726
0.09
0.03414264
0.045307443
0.027173913
0.024475524
0.094202899
0.036101083
0.052991453
0.040097205
0.068047337
0.133165829
0.097026604
0.092485549
0.061046512
0.151869159
0.108433735
0.034892353
0.050709939
0.017921147
0.034106412
0.064606742
0.028011204
0.054014599
0.043956044
0.058558559
0.049844237
0.025752405
0.040685225
0.044919786
0.117857143
0.057956778
0.064763996
0.013483146
0.038461538
0.070987654
0.047619048
0.019722425
0.024242424
0.027848101
0.025374856
0.079945799
0.071146245
0.071895425
0.042056075
0.041742287
0.021268794
0.022979398
0.048419637
0.19047619
0.069135802
0.161616162
0.06805293
0.019575856
0.0775
0.08
0.033153431
0.114583333
0.019211325
0.098101266
0.082802548
0.04749788
0.051169591
0.025848142
0.068775791
0.010896899
0.023529412
0.025423729
0.090697674
0.023952096
0.04041721
0.138755981
0.109329446
0.086206897
0.080536913
0.104384134
0.047835991
0.085714286
0.036781609
0.132211538
0.142066421
0.022900763
0.059047619
0.073333333
0.045102185
0.036708861
0.025848142
0.02676399
0.018992933
0.046328671
0.082503556
0.022445363
0.07948244
0.044311377
0.02238806
0.020257827
0.050473186
0.058510638
0.068493151
0.033547114
0.03164557
0.032345013
0.041916168
0.186721992
0.021276596
0.043478261
0.083188908
0.11746988
0.021788991
0.077328647
0.040955631
0.047169811
0.059701493
0.03875969
0.050420168
0.01734104
0.026039642
0.041514931
0.09765625
0.038274933
0.022819473
0.053278689
0.058134083
0.027732463
0.032697548
0.028021016
0.029021559
0.039705882
0.034663866
0.020458265
0.009641342
0.073779796
0.01888668
0.041052632
0.032906764
0.017264276
0.071170084
0.148148148
0.057459677
0.03510351
0.069767442
0.108348135
0.032967033
0.015697921
0.226027397
0.045
0.064814815
0.02853351
0.178571429
0.022222222
0.006809848
0.059293044
0.040498442
0.051162791
0.032293987
0.034138218
0.09495549
0.043153049
0.024623803
0.028108108
0.053117783
0.068656716
0.035598706
0.013392857
0.022070015
0.012960437
0.06741573
0.073015873
0.033120279
0.021052632
0.062733383
0.119092628
0.028421053
0.067708333
0.029360967
0.016483516
0.059748428
0.052083333
0.126903553
0.092953523
0.148514851
0.047272727
0.07217695
0.042959427
0.344827586
0.125
0.026431718
0.051671733
0.041245791
0.146110057
0.088339223
0.058098592
0.082170543
0.088785047
0.039772727
0.041343669
0.021636241
0.021505376
0.017485822
0.165384615
0.077087794
0.043927649
0.035332786
0.027124774
0.059471366
0.0413343
0.051446945
0.033694344
0.043715847
0.099156118
0.03014553
0.055956679
0.06043956
0.094240838
0.028571429
0.017964072
0.192307692
0.056433409
0
0.043935053
0.028301887
0.00508044
0.016057092
0.023427867
0.156398104
0.098434004
0.021222411
0.053571429
0.064718163
0.110294118
0.029119788
0.183520599
0.030931339
0.106007067
0.10693302
0.030978934
0.018003914
0.032338308
0.154166667
0.038617886
0.044198895
0.042813456
0.057915058
0.054961832
0.039419087
0.032752613
0.065028902
0.17370892
0.027173913
0.084701815
0.066433566
0.042553191
0.052552553
0.05371248
0.022498803
0.043085476
0.026252983
0.031578947
0.04494382
0.068676717
0.047328244
0.071550256
0.046539379
0.032258065
0.057471264
0.10230179
0.179104478
0.018120045
0.083827265
0.033374158
0.03071364
0.061715481
0.087755102
0.016806723
0.117333333
0.035874439
0.051903114
0.375
0.042279412
0.06940874
0.066957787
0.126865672
0.052631579
0.05859375
0.143478261
0.042914172
0.012279765
0.114341085
0.036516854
0.032374101
0.065217391
0.024154589
0.06122449
0.029490617
0.013166557
0.126213592
0.063569682
0.098780488
0.016352201
0.05163728
0.045226131
0.117880795
0.018860017
0.124475524
0.030805687
0.04353562
0.081712062
0.024134313
0.019485581
0.02675841
0.046251994
0.056460369
0.030092593
0.021171489
0.043981481
0.028169014
0.030487805
0.086956522
0.018038331
0.012008734
0.089552239
0.037351443
0.034482759
0.071428571
0.083969466
0.059615385
0.095757576
0.092948718
0.049886621
0.079724409
0.021459227
0.174603175
0.054568528
0.055105348
0.005965062
0.019736842
0.045454545
0.016549441
0.032679739
0.047075606
0.05630355
0.040983607
0.03125
0.02247191
0.014545455
0.019774011
0.035862069
0.020440252
0.003853565
0.105263158
0.028081123
0.024456522
0.178082192
0.036111111
0.075
0.068846816
0.033854167
0.023130301
0.052419355
0.079283887
0.05518018
0.045521292
0.022271715
0.106557377
0.038720539
0.019064125
0.028801843
0.060570071
0.046989721
0.046948357
0.028656126
0.077117573
0.075098814
0.094972067
0.060897436
0.023622047
0.071641791
0.06779661
0.018786127
0.053231939
0.062027231
0.029350105
0.082627119
0.018103448
0.06
0.026239067
0.065714286
0.093495935
0.033158813
0.041522491
0.014687882
0.117136659
0.012809564
0.012121212
0.085308057
0.096774194
0.017777778
0.025217391
0.02265861
0.015645372
0.033546326
0.113207547
0.060702875
0.059897736
0.044466403
0.03299725
0.020833333
0.013094418
0.190184049
0.069230769
0.077568134
0.056951424
0.032544379
0.045757865
0.063703704
0.030965392
0.104863222
0.06875
0.04622871
0.07
0.040339703
0.036039768
0.101293103
0.042253521
0.141732283
0.034482759
0.059459459
0.005139302
0.021884498
0.016688062
0.074074074
0.041860465
0.049012436
0.026086957
0.164102564
0.022508039
0.07925636
0.008064516
0.026722925
0.03902439
0.041065483
0.076205288
0.017977528
0.124161074
0.045454545
0.019081272
0.046753247
0.058823529
0.083516484
0.025776603
0.135802469
0.030208333
0.167095116
0.168316832
0.071428571
0.074215761
0.111742424
0.02958153
0.046908316
0.084507042
0.052980132
0.098214286
0.067773167
0.023529412
0.042492918
0.03652968
0.034816248
0.042446043
0.014534884
0.106666667
0.023633678
0.086206897
0.059479554
0.034934498
0.013605442
0.034532374
0.139175258
0.066985646
0.043824701
0.082352941
0.030818278
0.02
0.08
0.012182203
0.052455357
0.009478673
0.048843188
0.173441734
0.035552683
0.130630631
0.017847485
0.091649695
0.021978022
0.029319372
0.095789474
0.072727273
0.067510549
0.031366295
0.043478261
0.031888798
0.10230179
0.088142707
0.0375
0.042723632
0.082051282
0.056030389
0.070175439
0.037154989
0.044789357
0.117647059
0.090909091
0.013108614
0.041079812
0.091666667
0.043877551
0.034451496
0.024866785
0.072327044
0.095238095
0.059016393
0.055916775
0.1301059
0.041111111
0.04296875
0.076086957
0.03874092
0.017836812
0.015397083
0.080645161
0
0.04447533
0.023545706
0.026352288
0.070754717
0.047337278
0.056772908
0.016451234
0.040590406
0.025193798
0.010197578
0.017766497
0.039316239
0.03625
0.039215686
0.016632017
0.048140044
0.166666667
0.050331126
0.045812455
0.027027027
0.049107143
0.086419753
0.055023923
0.069672131
0.12195122
0.005988024
0.01980198
0.008557457
0.044830741
0.053375196
0.056397306
0.027348395
0.018565401
0.070853462
0.042918455
0.026862027
0.014177694
0.055214724
0.035940803
0.074875208
0.04712813
0.059936909
0.060475162
0.112359551
0.046165884
0.017894737
0.007135827
0
0.066157761
0.090909091
0.028368794
0.062372188
0.1
0.061493411
0.01145535
0.075555556
0.04989605
0.068027211
0.037815126
0.082152975
0.039473684
0.007104796
0.0304
0.073170732
0.042272127
0.068508287
0.069014085
0.01826484
0.068783069
0.037190083
0.023880597
0.044929397
0.032258065
0.035487959
0.042352941
0.106666667
0.122641509
0.10178117
0.131336406
0.028150134
0.052631579
0.064788732
0.191011236
0.025906736
0.053824363
0.061488673
0.039836568
0.111402359
0.043103448
0.011295681
0.050473186
0.036437247
0.1
0.037209302
0.079150579
0.102189781
0.093178037
0.084269663
0.043373494
0.137380192
0.035856574
0.038602941
0.003041568
0.196428571
0.108974359
0.044368601
0.031746032
0.015804598
0.022222222
0.0523918
0.038720539
0.185714286
0.04886148
0.061497326
0.061776062
0.057377049
0.076009501
0.014795474
0.095100865
0.04887218
0.063191153
0.225165563
0.049930652
0.010351967
0.058084772
0.166666667
0.076086957
0.045385779
0.050535988
0.093137255
0.071969697
0.103896104
0.128318584
0.01734104
0.07114094
0.018310445
0.010526316
0.041226216
0.060734463
0.022463768
0.02759009
0.123076923
0.030130293
0.067085954
0.068571429
0.05204461
0.02885906
0.049049049
0.044117647
0.04375
0.058252427
0.040302267
0.04788961
0.023529412
0.069243156
0.110714286
0.004827031
0.117283951
0.055160142
0.056847545
0.076320939
0.194968553
0.12962963
0.030753968
0.012608353
0.033226152
0.007348785
0.030229746
0.081188119
0.103559871
0.06231454
0.081556997
0.051006711
0.04048583
0.103448276
0.019047619
0.021929825
0.122983871
0.024647887
0.072100313
0.082405345
0.067114094
0.068153656
0.03307393
0.036484245
0.101204819
0.151943463
0.046793761
0.09375
0.044469783
0.076271186
0.142156863
0.178861789
0.047933884
0.04090268
0.018393393
0.037735849
0.042237443
0.031666667
0.060382916
0.054166667
0.122077922
0.056296296
0.023529412
0.058365759
0.033541342
0.018978102
0.25
0.029094828
0
0.033793103
0.041189931
0.03003003
0.060702875
0.035502959
0.085217391
0.019520548
0.084070796
0.050464807
0.084710744
0.055327869
0.081168831
0.023356871
0.073129252
0.0103751
0.104918033
0.058712121
0.019969278
0.038834951
0.094202899
0.026356589
0.030164534
0.024719101
0.042758621
0.08361204
0.040816327
0.026641294
0.077253219
0.052
0.017857143
0.028233749
0.066543438
0.010021786
0.016080402
0.054574639
0.059288538
0.102888087
0.054809843
0.00740436
0.02919708
0.125
0.082987552
0.026286966
0.085561497
0.076323988
0.023624954
0.07568438
0.032527106
0.104347826
0.038461538
0.027855153
0.043373494
0.008896797
0.077181208
0.022853613
0.059139785
0.068322981
0.149171271
0.028503563
0.026352288
0.04379562
0.013268999
0.027240143
0.034320323
0.058536585
0.120991254
0.039951574
0.018181818
0.048494983
0.05982906
0.02003643
0.042168675
0.073839662
0.063636364
0.060897436
0.07165109
0.01682243
0.050328228
0.035294118
0.034146341
0.046753247
0.08034188
0.068389058
0.042910448
0.038819876
0.032618026
0.016898608
0.017751479
0.080065359
0.076923077
0.012229016
0.032956222
0.085616438
0.043478261
0.061093248
0.016371078
0.18699187
0.043258832
0.059149723
0.086872587
0.032242541
0.04679803
0.007538803
0.034156977
0.079182631
0.018638574
0.035074627
0.020979021
0.029695024
0.019607843
0.022016222
0.10251046
0.022859518
0.043414634
0.017814727
0.051369863
0.020741672
0.039817975
0.055498458
0.038986355
0.001724138
0.134883721
0.139534884
0.105442177
0.063439065
0.06462585
0.036945813
0.065380493
0.125984252
0.105519481
0.046189376
0.001519097
0.178082192
0.076124567
0.050535988
0.053254438
0.057142857
0.052995392
0.1015625
0.031283711
0.032467532
0.075675676
0.258741259
0.008123477
0.024473148
0.021390374
0.043583535
0.041617122
0.023203169
0.041580042
0.07654921
0.151162791
0.026744186
0.06374502
0.070671378
0.051685393
0.049689441
0.093421053
0.030578512
0.030159669
0.057627119
0.017508418
0.049226442
0.166666667
0.067584481
0.044303797
0.037966932
0.082113304
0.100795756
0.051376147
0.043668122
0.052631579
0.014690451
0.037878788
0.024882313
0.116045845
0.037757437
0.034229829
0.067549669
0.075757576
0.035313002
0.056213018
0.05229794
0.046296296
0.0609319
0.02016129
0.069204152
0.028614458
0.034782609
0.034001744
0.036283186
0.030701754
0.023171988
0.027679205
0.023391813
0.032773109
0.067178503
0.060897436
0.03125
0.081761006
0.088772846
0.031760035
0.0765625
0.068062827
0.064039409
0.1019678
0.027477102
0.029850746
0.109756098
0.065967016
0.075409836
0.090909091
0.038815789
0.027883397
0.024827586
0.041284404
0.165745856
0.025516403
0.09351145
0.1002331
0.018691589
0.038490007
0.072289157
0.096676737
0.017241379
0.030264817
0.086792453
0.043055556
0.074398249
0.015873016
0.031481481
0.016949153
0.023529412
0.023633678
0.029569892
0.074074074
0.018121911
0.040254237
0.03630363
0.016871865
0.049907579
0.030054645
0.019214703
0.023529412
0.060897436
0.069529652
0.054794521
0.013212221
0.00660793
0.073482428
0.124260355
0.043300654
0.058676654
0.044776119
0.152263374
0.03170609
0.017582418
0.032183908
0.159663866
0.147260274
0.04379562
0.091487669
0.034673552
0.037283622
0.066864785
0.098484848
0.106960951
0.018416206
0.096590909
0.023529412
0.024491923
0.074229692
0.034061135
0.049295775
0.069306931
0.062157221
0.055846422
0.032247229
0.008165829
0.091314031
0.055248619
0.25
0.089485459
0.029299363
0.05019305
0.049924357
0.02919708
0.072761194
0.061965812
0.058928571
0.019685039
0.07751938
0.03343949
0.0765625
0.05155642
0.040112597
0.032035485
0.073226545
0.03814262
0.064015519
0.107954545
0.027428571
0.011158022
0.056882022
0.005730659
0.028272251
0.03307888
0.051784816
0.043478261
0.047619048
0.069602273
0.054673721
0.023702032
0.007518797
0.021296296
0.098181818
0.040772532
0.031520081
0.045398773
0.092783505
0.035908142
0.032414911
0.012345679
0.014452474
0.06020558
0.041615667
0.018737673
0.034743202
0.084551148
0.017660044
0.03180212
0.241830065
0.041666667
0.037940379
0.030674847
0.053497942
0.072413793
0.073529412
0.07860262
0.037900875
0.189189189
0.032815199
0.035805627
0.124497992
0.039164491
0.028364514
0.053913043
0.04
0.046979866
0.012686156
0.017391304
0.02006689
0.01722488
0.043103448
0.064285714
0.017721519
0.013245033
0.080882353
0.09832636
0.061433447
0.10295858
0.058823529
0.04245283
0.048979592
0.01242236
0.032046015
0.070886076
0.099630996
0.033029613
0.079422383
0.00625
0.055776892
0.06043956
0.073736537
0.133333333
0.069444444
0.018691589
0.058626466
0.016643551
0.129496403
0.080385852
0.022458629
0.109223301
0.059743954
0.0625
0.088803089
0.011560694
0.221153846
0.071794872
0.037102473
0.056716418
0.034482759
0.030798845
0.120171674
0.117525773
0.056122449
0.030812325
0.015345269
0.082872928
0.056112224
0.054481547
0.035922766
0.056768559
0.033361848
0.10230179
0.082474227
0.026954178
0.038994801
0.084057971
0.024691358
0.059193955
0.026347305
0.106583072
0.122807018
0.10989011
0.010309278
0.054187192
0.02130898
0.025888325
0.040638607
0.034313725
0.080536913
0.038083538
0.021879022
0.031197302
0.028985507
0.023529412
0.082882883
0.018628281
0.05
0.098196393
0.10701107
0.022789426
0.047904192
0.020191286
0.01572327
0.032327586
0.041338583
0.034101382
0.037333333
0.039826213
0.034253092
0.17248062
0.073421439
0.070407041
0.183206107
0.09765625
0.019073569
0.026920552
0.053435115
0.095100865
0.018592297
0.034097954
0
0.026086957
0.040160643
0.040363269
0.18
0.022857143
0.03539823
0.07300885
0.072649573
0.0864
0.044666667
0.105476673
0.014272971
0.012569832
0.051587302
0
0.07483871
0.053278689
0.073746313
0.112852665
0.022696929
0.049132948
0.024543379
0.048571429
0.046551724
0.011121409
0.050802139
0.074137931
0.044342508
0.040037244
0.012181617
0.05027933
0.058962264
0.048498845
0.002529511
0.026397516
0.071428571
0.031607629
0.067771084
0.068389058
0.069767442
0.002996255
0.078740157
0.176470588
0.039534884
0.032828283
0.023391813
0.013177711
0.007549069
0.135220126
0.055260361
0.033935018
0.008827238
0.179419525
0.027829314
0.044715447
0.050125313
0.019769357
0.086223984
0.04047619
0.083146067
0.111850866
0.033163265
0.032355915
0.078651685
0.015932521
0.045434098
0.045038168
0.064579256
0.087719298
0.033096927
0.053571429
0.033126294
0.071361502
0.053380783
0.081081081
0.021399653
0.073619632
0.068548387
0.031982942
0.079646018
0.039151713
0.048859935
0.063333333
0.026446281
0.020376176
0.11971831
0.036656891
0.074427481
0.122873346
0.016574586
0.064981949
0.061488673
0.030477759
0.078703704
0.033472803
0.054131054
0.04150454
0.064759036
0.005988024
0.04845815
0.048640916
0.059674503
0.046544429
0.048007246
0.1008
0.147058824
0.096774194
0.036036036
0.040880503
0.033587786
0.029431001
0.014619883
0.006233304
0.051948052
0.011788977
0.047858942
0.075
0.062770563
0.029166667
0.094281298
0.047775947
0.092909535
0.152542373
0.121495327
0.118451025
0.027894003
0.059405941
0.14084507
0.088235294
0
0.025841346
0.125
0.041025641
0.034907598
0.031473534
0.057416268
0.048951049
0.07550077
0.101176471
0.068757539
0.006477733
0.100436681
0.023060797
0.027465668
0.064965197
0.022103971
0.108843537
0.124050633
0.024305556
0.044247788
0.03125
0.18699187
0.03451829
0.065604499
0.057915058
0.106382979
0.039751553
0.043179588
0.049557522
0.056470588
0.08045977
0.031128405
0.122807018
0.042755344
0.064182195
0.031808036
0.0802213
0
0.101449275
0
0.036190476
0.031007752
0.072463768
0.063432836
0.017923362
0.06653426
0.037940379
0.0472103
0.012618297
0.03003337
0.044483986
0.057441253
0.062588905
0.025473071
0.081196581
0.032679739
0.045413261
0.049842271
0.139751553
0.011848341
0.05625
0.02864259
0.027920647
0.06566916
0.021152829
0.018597997
0.039728682
0.006809848
0.044609665
0.043902439
0.044444444
0.013951171
0.039344262
0.022517321
0.045011253
0.026528258
0.06124604
0.031185031
0.05015674
0.086131387
0.127659574
0.038577456
0.084507042
0.096646943
0.037351443
0.055727554
0.039830508
0.100826446
0.068003487
0.003831418
0.063752277
0.065159574
0.045669291
0.0267335
0.07001321
0.043583535
0.043269231
0.113772455
0.054279749
0.021487603
0.038724374
0.121428571
0.058528428
0.037678975
0.017809439
0.035140562
0.106741573
0.021113244
0.026436782
0.01875
0.026804124
0.04109589
0.097170972
0.028490028
0.055975794
0.030192132
0.063535912
0.030651341
0.078108941
0.046723301
0.028134557
0.006993007
0.074380165
0.06185567
0.02866242
0.033348355
0.071672355
0.052586207
0.124293785
0.120720721
0.09569378
0.027797081
0.033878505
0.019674355
0.008988764
0.071428571
0.045248869
0.075203252
0.068493151
0.068912711
0.040909091
0.068181818
0.062827225
0.045034642
0.25
0.041871921
0.035388128
0.051896208
0.07082153
0.05
0.016528926
0.083732057
0.076566125
0.021881838
0.017073171
0
0.050816697
0.061093248
0.139784946
0.026795284
0.070680628
0.041666667
0.026252983
0.058823529
0.091176471
0.038083538
0.068219634
0.060897436
0.058670143
0.046938776
0.071428571
0.00125299
0.065359477
0.028138528
0.072792363
0.043993232
0.072859745
0.019147399
0.058626466
0.107969152
0.053356282
0.026717557
0.036241611
0.095132743
0.045801527
0.049180328
0.0765625
0.080229226
0.103524229
0.038135593
0.057377049
0.087649402
0.041958042
0.029337197
0.06
0.026397516
0.105670103
0.115107914
0.038599641
0.092473118
0.025700935
0.031282586
0.010703364
0.085106383
0.087248322
0.053763441
0.019641332
0.076233184
0.058693245
0.038251366
0.070866142
0.125412541
0.023913043
0.033070866
0.039312039
0.019375673
0.013064972
0.002161383
0.014074595
0.03236246
0.055625
0.030215827
0.044386423
0.072243346
0.036778694
0.023529412
0.029970452
0.040632054
0.072407045
0.113253012
0.043831169
0.031921824
7.38E-04
0.036363636
0.023882897
0.030588235
0.12195122
0.026730938
0.05451448
0.031216362
0.106557377
0.035211268
0.060702875
0.061420345
0.007462687
0.025752946
0.031055901
0.041131105
0.037179487
0.120689655
0.026143791
0.037878788
0.063063063
0.056231003
0.033126294
0.020925808
0.055396371
0.091176471
0.012738854
0.002072232
0.053294574
0.025477707
0.071005917
0.031347962
0.051470588
0.102766798
0.032332564
0.070828331
0.092081031
0.028639618
0.06141522
0.068716094
0.046546547
0.028571429
0.035087719
0.036756126
0.166666667
0.034412955
0.129770992
0.015340364
0.084226646
0.04
0.051515152
0.040598291
0.013953488
0.023993808
0.012329656
0.01910828
0.036447639
0.225352113
0.076682316
0.024347826
0.042798354
0.06227758
0.027405422
0.114446529
0.092156863
0.037716616
0.027459954
0.096153846
0.017621145
0.073226545
0.115294118
0.054794521
0.032490975
0.029291553
0.076205288
0.036931818
0.168949772
0.129518072
0.092457421
0.178571429
0.068807339
0.047073791
0.245901639
0.02781457
0.039492243
0.072761194
0.03057554
0.091743119
0.013880126
0.025482625
0.078303426
0.03286385
0.004371585
0.044483986
0.042431193
0.030376671
0.053934571
0.034013605
0.068037975
0.090909091
0.024793388
0.030170049
0.057581574
0.00994109
0.147186147
0.051224944
0.049751244
0.026162791
0.11637931
0.047911548
0.047072331
0.019908116
0.009954058
0.006507592
0.040540541
0.041984733
0.017751479
0.057692308
0.046357616
0.049822064
0.040603248
0.021298174
0.008849558
0.163855422
0.011388286
0.101694915
0.029866667
0.06029106
0
0.011336032
0.118483412
0.06231003
0.041406693
0.096114519
0.047516199
0.115207373
0.054441261
0.082644628
0.082369942
0.08125
0.032258065
0.110169492
0.016806723
0.060606061
0.116883117
0.011363636
0.027976578
0.07826087
0.104166667
0.044364508
0.035205365
0.033182504
0.138461538
0.078291815
0.032140248
0.114713217
0.110526316
0.017041053
0.084452975
0.02374169
0.022488756
0.016727273
0.098765432
0.103030303
0.022419628
0.041322314
0.050605061
0.023255814
0.059259259
0.025036819
0.089820359
0.026184539
0.031616983
0.032195122
0.077155825
0.02484472
0.079320113
0.042654028
0.02283105
0.09439528
0.051351351
0.027710843
0.048691099
0.093928981
0.045
0.032480315
0.023659306
0.161616162
0.053370787
0.026627219
0.051515152
0.101075269
0.04109589
0.024096386
0.079207921
0.063636364
0.058823529
0.027929569
0.124668435
0.041182682
0.035315985
0.075669383
0.015965167
0.016491754
0.089015152
0.06741573
0.021696252
0.011633789
0.074468085
0.039319872
0.071240106
0.262135922
0.222222222
0.014003295
0.046568627
0.069053708
0.073469388
0.063810392
0.109170306
0.046103183
0.063551402
0.095166163
0.070763501
0.048582996
0.108381503
0.071942446
0.044164038
0.044080605
0.084812623
0.044412607
0.089361702
0.048122066
0.06020558
0.0831643
0.015673981
0.066496164
0.079199304
0.058724832
0.069735007
0.016897081
0.041164659
0.080508475
0.061956522
0.064171123
0.031674208
0.053491828
0.086510264
0.096774194
0.064761905
0.031981279
0.094017094
0.010212097
0.069060773
0.06640625
0.052380952
0.025369979
0.045955882
0.142857143
0.071082391
0.016829746
0.061290323
0.051355207
0.082332762
0.043397969
0.061744966
0.02705314
0.052631579
0.077348066
0.049180328
0.074582924
0.025125628
0.085964912
0.145374449
0.143646409
0.030618893
0.048
0.044736842
0.053769401
0.028248588
0.049403748
0.044303797
0.138936535
0.048257373
0.053596615
0.271317829
0.009925558
0.076036866
0.050470488
0.047619048
0.14479638
0.109090909
0.0625
0.080808081
0.103614458
0.075851393
0.008238525
0.086705202
0.131944444
0.024952015
0.025939177
0.003266639
0.045283019
0.022146508
0.040201005
0.017123288
0.078378378
0.037553648
0.009338314
0.046391753
0.099547511
0.050684932
0.073251942
0.020990764
0.006125574
0.015200869
0.066202091
0.123966942
0.108695652
0.039835165
0.019522777
0.06010929
0.020628684
0.040221914
0.033932136
0.040828062
0.032411821
0.064088398
0.031707317
0.037302726
0.015209125
0.100263852
0.059544658
0.023809524
0.131455399
0.117171717
0.105802048
0.12
0.035294118
0.051470588
0.065335753
0.018404908
0.037800687
0.007751938
0.031700288
0.086680761
0.044905009
0.040358744
0.060998152
0.085076709
0.103641457
0.054249548
0.053781513
0.023529412
0.032079646
0.074468085
0.084985836
0.052301255
0.031683168
0.040382572
0.004915835
0.036027264
0.060897436
0.008971705
0.059139785
0.004666667
0.121387283
0.025316456
0.027806385
0.008219178
0.075144509
0.21875
0.161702128
0.037991859
0.156498674
0.166666667
0.048913043
0.04023845
0.075242718
0.02853598
0.043478261
0.006369427
0.178947368
0.195652174
0.051926298
0.026677782
0.057324841
0.074468085
0.0330033
0.069216758
0.039650696
0.003663004
0.05785124
0.099118943
0.038754325
0.034990792
0.031936128
0.04524181
0.026360544
0.025056948
0.0576
0.066513761
0.192
0.108359133
0.050301811
0.064777328
0.155279503
0.036679537
0.016230839
0.03943662
0.059322034
0.15498155
0.06185567
0.030164534
0.077464789
0.073834197
0.116959064
0.01659496
0.084070796
0.056092843
0.039340102
0.032231405
0.014994233
0.008880118
0.057921635
0.018534863
0.190217391
0.049822064
0.026348808
0.027958993
0.015120556
0.014705882
0.014705882
0.025886865
0.05785124
0.067146283
0.050412466
0.114492754
0.025210084
0.045454545
0.006517691
0.131513648
0.043478261
0.087533156
0.285714286
0.077348066
0.035781544
0.143939394
0.074702886
0
0.147368421
0.101167315
0.036697248
0.036129032
0.026156942
0.042755344
0.029680365
0.11732852
0.046653144
0.042079208
0.032407407
0.061662198
0.002070393
0.056149733
0.022178218
0.035087719
0.057902973
0.039777588
0.073170732
0.085923218
0.09057971
0.038717735
0.022653722
0.042253521
0.022383147
0.033802817
0.017761989
0.045333333
0.024604569
0.019618834
0.027619821
0.015503876
0.007990868
0.045696068
0.031076582
0.024691358
0.035384615
0.082174463
0.146226415
0.076923077
0.032825322
0.023
0.030795552
0.046153846
0.014799154
0.022680412
0.024822695
0.038147139
0.012618297
0.072890026
0.054450262
0.072222222
0.055555556
0.044466403
0.021390374
0.028415301
0.022222222
0.037091988
0.046075085
0.026699029
0.063291139
0.03976802
0.122047244
0.032171582
0.080831409
0.080234834
0.019746121
0.021052632
0.052700922
0.021989529
0.027059531
0.030694669
0.017647059
0.047761194
0.114583333
0.064220183
0.112651646
0.102766798
0.046357616
0.055714286
0.029535865
0.11
0.05787037
0.058510638
0.050919378
0.052910053
0.087030717
0.015880893
0.04040404
0.036553525
0.0625
0.026315789
0.086727989
0.04532967
0.085450346
0.070707071
0.04415372
0.030805687
0.060556465
0.037735849
0.036837376
0.117647059
0.03451582
0.019986216
0.01980198
0.040920716
0.064690027
0.054195804
0.068432671
0.059233449
0.105809129
0.042600897
0.146226415
0.091549296
0.042643923
0.165644172
0.006683003
0.047236181
0.011869436
0.067669173
0.024137931
0.070652174
0.01958042
0.010380623
0.018292683
0.036363636
0.067861716
0.071428571
0.04185022
0.014339941
0.029493088
0.076205288
0.066985646
0.061705989
0.02481556
0.166666667
0.042253521
0.03141994
0.024734982
0.067729084
0.017035775
0.044722719
0.100478469
0.059620596
0.072390572
0.01201373
0.129589633
0.06155303
0.031746032
0.061630219
0.017361111
0.183098592
0.007062147
0.018679119
0.071428571
0.071960298
0.065380493
0.029776675
0.016676961
0.077220077
0.045685279
0.072961373
0.007712082
0.030694669
0.065375303
0.085889571
0.11686747
0.076655052
0.037254902
0.037
0.011876485
0.06300813
0.030833333
0.061983471
0.12804878
0.1015625
0.040730337
0.030208333
0.098873592
0.051813472
0.020851434
0.078651685
0.047835991
0.120283019
0.021246459
0.083191851
0.010898159
0.02310231
0.005732152
0.025641026
0.143442623
0.052631579
0.038961039
0.086153846
0.031397174
0.101049869
0.026221692
0.066878981
0.006053269
0.047398844
0.013274336
0.031914894
0.042857143
0.045774648
0.125693161
0.042857143
0.035908596
0.050104384
0.006622517
0.031165312
0.032624113
0.014022787
0.064676617
0.060137457
0.072944297
0.16744186
0.034246575
0.04534005
0.029149798
0.004109589
0.046134663
0.062959077
0.062283737
0.123752495
0.058608059
0.073795181
0.072327044
0
0.053201082
0.080229226
0.024911032
0.036215817
0.102564103
0.022063208
0.054252199
0.02443281
0.02003643
0.045698925
0.222222222
0.037533512
0.061538462
0.097435897
0.023529412
0.210526316
0.029850746
0.071782178
0.060773481
0.065398335
0.072749692
0.024062675
0.027230047
0.026642984
0.044072948
0.038238702
0.134670487
0.128767123
0.012744265
0.050713154
0.056756757
0.089361702
0.038433112
0.107709751
0.047619048
0.055023923
0.042975207
0.08361204
0.006816633
0.041666667
0.047325103
0.079470199
0.078770413
0.04
0.114906832
0.048565121
0.049495875
0.083778966
0.041509434
0.067873303
0.081325301
0.128205128
0.093951094
0.034482759
0.136690647
0.043103448
0.003511236
0.058227848
0.043981481
0.027586207
0.061655405
0.034340659
0.12804878
0.047075606
0.069321534
0.047026279
0.078125
0.031097561
0.100702576
0.079159935
0.02919708
0.219178082
0.058588549
0.017021277
0.044265594
0.020249221
0.063660477
0.038617886
0.076923077
0.03525641
0.023388477
0.009787928
0.100271003
0.223776224
0.027538726
0.046413502
0.174603175
0.174418605
0.039130435
0.035410765
0.027942422
0.033552152
0.02780441
0.079365079
0.01221374
0.051470588
0.020761246
0.042352941
0.08361204
0.08
0.105065666
0.092875318
0.032069971
0.01523395
0.010288066
0.058823529
0.044117647
0.032125206
0.028070175
0.090747331
0.045889101
0.100354191
0.052812859
0.027760642
0.079081633
0.024528302
0.421052632
0.149484536
0.079268293
0.036619718
0.061561562
0.093701997
0.028526149
0.011795544
0.087078652
0.189189189
0.083748754
0.0375
0.029935275
0.038626609
0.040089087
0.028128031
0.011271133
0.030229746
0.036764706
0.02661597
0.066202091
0.037960954
0.158227848
0.03960396
0.080962801
0.103053435
0.03076324
0.049011858
0.093800979
0.075757576
0.02690583
0.041731066
0.016819572
0.017369727
0.037549407
0.015393387
0.052112676
0.132882883
0.003263234
0.055288462
0.042744657
0.031026253
0.022564103
0.06127451
0.171428571
0.079462103
0.020995334
0.048728814
0.011963023
0.017291066
0.035992218
0.02621232
0.050328228
0.073053892
0.028888889
0.008928571
0.039416058
0.055710306
0.028362306
0.129082426
0.034981906
0.009237875
0.068508287
0.105263158
0.042145594
0.043373494
0.018592297
0.011152416
0.04664723
0.027359781
0.066202091
0.029388403
0.053981107
0.104166667
0.031180401
0.034250421
0.031107045
0.057239057
0.050251256
0.009771987
0.071611253
0.083707025
0.096446701
0.0304414
0.069142125
0.18404908
0.066552901
0.040632054
0.050371594
0.033333333
0.108870968
0.040069686
0.060606061
0.096385542
0.052280311
0.064516129
0.051126516
0.039800995
0.023504274
0.035294118
0.048076923
0.003499222
0.027173913
0.017301038
0.056426332
0.00610998
0.034113447
0.076446281
0.036138849
0.035259549
0.030120482
0.070661896
0.045602606
0.009708738
0.049586777
0.04293381
0.074820144
0.039325843
0.025806452
0.048689139
0.111587983
0.043478261
0.059382423
0.046454768
0.072340426
0.062787136
0.088803089
0.052785924
0.071269488
0.013152312
0.084745763
0.019266055
0.002358491
0.021264689
0.033395176
0.039189189
0.059800664
0.041755889
0.028998243
0.082788671
0.027914614
0.444444444
0.056027165
0.007416564
0.020212766
0.008595989
0.009182335
0.042869641
0.112903226
0.009102731
0.043392505
0.055855856
0.092198582
0.046827795
0.056318681
0.057623049
0.045822102
0.028440367
0.047169811
0.119834711
0.105263158
0.087344029
0.313253012
0.086206897
0.166666667
0.026086957
0.179039301
0.013973799
0.038095238
0.025540275
0.041916168
0.063174114
0.036585366
0.038727524
0.035054175
0.100282486
0.022088353
0.027318933
0.012228261
0.047722343
0.045454545
0.037272006
0.032015066
0.102836879
0.034482759
0.058988764
0.045743329
0.025880661
0.024916944
0.103202847
0.066720911
0.046769231
0.040044494
0.01953125
0.027600849
0.019736842
0.022034997
0.027932961
0.016212233
0.018893387
0.264705882
0.047361299
0.010040161
0.051111111
0.045813586
0.04088586
0.004884005
0.050119332
0.044407895
0.02417962
0.006134969
0.035329599
0.054563492
0.036885246
0.02238806
0.060869565
0.1015625
0.032700422
0.078873239
0.156097561
0.030696576
0.053664921
0.105726872
0.084522503
0.026246719
0.01372315
0.066197183
0.042780749
0.097374179
0.032835821
0.074561404
0.375
0.041338583
0.052401747
0.018387553
0.032854209
0.10371179
0.038155803
0.149100257
0.042307692
0.058343057
0.078787879
0.046403712
0.041009464
0.022492401
0.048177888
0.012189176
0.092063492
0.054455446
0.112244898
0.051470588
0.053254438
0.026363636
0.024975514
0.101886792
0.307692308
0.031294452
0.092307692
0.012367491
0.095057034
0.061962134
0.055045872
0.037628278
0.033175355
0.082191781
0.027586207
0.096330275
0.115606936
0.032432432
0.105113636
0.109859155
0.020190024
0
0.034188034
0.038173653
0.026619343
0.123728814
0.062358277
0.017877095
0.031174229
0.027114267
0.026798307
0.050877193
0.020568071
0.141914191
0.033536585
0.050387597
0.025806452
0.069086651
0.073068894
0.02244898
0.040247678
0.028409091
0.106145251
0.088691796
0.106761566
0.00761035
0.046044864
0.081799591
0.022058824
0.030368764
0.068965517
0.080385852
0.031437126
0.092224231
0.061728395
0.039161611
0.085416667
0.032358432
0.055555556
0.024350649
0.097560976
0.166666667
0.041131105
0.035612536
0.02020202
0.105726872
0.021472393
0.067653277
0.015588465
0.025466893
0.033219761
0.009846827
0.008068854
0.125645439
0.057082452
0.033632287
0.090909091
0.003944773
0.055636896
0.225165563
0.032198712
0.032407407
0.024752475
0.100558659
0.015444015
0.076124567
0.04109589
0.026315789
0.031460674
0.040838852
0.013422819
0.027980535
0.049382716
0.052486188
0.034825871
0.149253731
0.027932961
0.009189641
0.068277946
0.02864259
0.082592122
0.102996255
0.104347826
0.166226913
0.096227868
0.086355786
0.190751445
0.031470777
0.106598985
0.065217391
0.055908513
0.041878173
0.073275862
0.035389282
0.145762712
0.07879925
0.09929078
0.066037736
0.130952381
0.030273438
0.051282051
0.042084168
0.053977273
0.035560345
0.070175439
0.021784961
0.086466165
0.006855184
0.059233449
0.131578947
0.020721925
0.022222222
0.109375
0.101832994
0.070707071
0.027595269
0.074175824
0.054545455
0.019514768
0.028117359
0.078595318
0.013264554
0.10801964
0.068897638
0.091623037
0.012637587
0.026239067
0.033149171
0.04368932
0.015936255
0.225433526
0.110169492
0.06271777
0.032044199
0.025
0.076452599
0.074
0.009053498
0.046364594
0.034100597
0.080624187
0.049356223
0.034482759
0.113074205
0.052453469
0.065957447
0.067171239
0.113333333
0.065349544
0.028169014
0.027411168
0.02811245
0.068181818
0.083690987
0.039325843
0.033099298
0.027166882
0.073903002
0.043269231
0.04245283
0.039344262
0.059674503
0.001921132
0.062385321
0.043478261
0.018018018
0.026871401
0.033431662
0.079518072
0.0670194
0.037542662
0.107049608
0.038674033
0.054945055
0.034594595
0.062564103
0.158376963
0.005741304
0.042553191
0.0275
0.041436464
0.052631579
0.032323232
0.053435115
0.034567901
0.029279279
0.088142707
0.008756567
0.035035035
0.018181818
0.032445923
0.111111111
0.080838323
0.02265861
0.079702444
0.117307692
0.097484277
0.050898204
0.022029898
0.113182423
0.035087719
0.055445545
0.043062201
0.003625462
0.031107045
0.06372549
0.054511278
0.048573163
0.055379747
0.08361204
0.081803005
0.038560411
0.036486486
0.101027397
0.055597295
0.045822102
0.055244755
0.045454545
0.026666667
0.097472924
0.031667491
0.05163728
0.046793761
0.040968343
0.040160643
0.047008547
0.002933985
0.175141243
0
0.016528926
0.047244094
0.041631266
0.060200669
0.017241379
0.089371981
0.057591623
0.06025641
0.038934426
0.050847458
0.03968254
0.047619048
0.069846678
0.008024691
0.112375533
0.019575856
0.158227848
0.086124402
0.02757502
0.059612519
0.026666667
0.083932854
0.010810811
0.032745592
0.067073171
0.042016807
0.007086455
0.108108108
0.016358464
0.172955975
0.097744361
0.024904215
0.013618677
0.034584253
0.02247191
0.055164319
0.019736842
0.039877301
0.015815085
0.025114155
0.089189189
0.020164986
0.038461538
0.060773481
0.047486034
0.04595186
0.026501767
0.027197976
0.007433102
0.042606516
0.022038567
0.043695381
0.08
0.060897436
0.051085568
0.054187192
0.045741325
0.041547278
0.036912752
0.048387097
0.074964639
0.03652968
0.026190476
0.059496568
0.075862069
0.047368421
0.03875969
0.05952381
0
0.032608696
0.027667984
0.022103659
0.001086957
0.033492823
0.03989704
0.14010989
0.031946508
0.027812895
0.068870523
0.007824726
0.030428769
0.043478261
0.060103627
0.164179104
0.01975052
0.050485437
0.015780731
0.020920502
0.015558699
0.048780488
0.117647059
0.118790497
0.072115385
0.027828191
0.005333333
0.019187359
0.047154472
0.016085791
0.036418816
0.025661376
0.100409836
0.025817556
0.052631579
0.012172285
0.153846154
0.049272116
0.060267857
0.096354167
0.023625255
0.042780749
0.042895442
0.011961722
0.177304965
0.043343653
0.047368421
0.076219512
0.058724832
0.070257611
0.040590406
0.021495327
0.022644266
0.007915567
0.03038674
0.176829268
0.056551724
0.033674083
0.055555556
0.027638191
0.019736842
0.054365733
0.033928571
0.041284404
0.032755299
0.024390244
0.191489362
0.037313433
0.037940379
0.046956522
0.040050063
0.056930693
0.173160173
0.04130809
0.017656501
0.040345821
0.015238095
0.038194444
0.064393939
0.066003617
0.038253825
0.04787234
0.049744898
0.071718539
0.024417314
0.01364064
0.045563549
0.053406998
0.045325779
0.038427167
0.062391681
0.16713881
0.032051282
0.087890625
0.083617747
0.072268908
0.025641026
0.027573529
0.04137931
0.091292135
0.066901408
0.098196393
0.0765625
0.052972973
0.069868996
0.066312997
0.044085231
0.01523395
0.125
0.059080963
0.133333333
0.108365019
0.045454545
0.057815846
0.054187192
0.107421875
0.049315068
0.021126761
0.097777778
0.082882883
0.097807757
0.011273957
0.00554939
0.096491228
0.073529412
0.034234234
0.078947368
0.163934426
0.071129707
0.108108108
0.017111223
0.02308627
0.040609137
0.059819413
0.149855908
0.056390977
0.045454545
0.056603774
0.030992736
0.041394336
0.017241379
0.090909091
0.104218362
0.019525802
0.048309179
0.033953112
0.011976048
0.082089552
0.020989144
0.035971223
0.046728972
0.143769968
0.007079646
0.072555205
0.055859803
0.026465028
0.028518289
0.054263566
0.019308943
0.033846154
0.0256
0.058295964
0.011406844
0.049543677
0.016781836
0.097039474
0.06
0.026647287
0.021947874
0.084437086
0.027008778
0.003573981
0.041044776
0.121428571
0.072261072
0.042622951
0.009009009
0.090592334
0.062634989
0.037131882
0.06122449
0.02764977
0.056603774
0.029498525
0.110837438
0.09010989
0.023059618
0.014150943
0.031319911
0.089316988
0.106930693
0.039697543
0.091463415
0.040983607
0.023498695
0.045706371
0.022850271
0.046563193
0.094736842
0.054794521
0.020335986
0.103896104
0.030602172
0.031914894
0.044102564
0.048732943
0.04029304
0.029684601
0.177042802
0.057377049
0.12412178
0.097777778
0.028451001
