html_ratio
0.245831182
0.203489628
0.22640177
0.265655744
0.228887247
0.298299595
0.218978009
0.173745927
0.11496229
0.205116573
0.223003543
0.24691196
0.236280941
0.328343661
0.205378622
0.189932886
0.310008857
0.232048045
0.265881624
0.247035291
0.212927811
0.229413592
0.168818229
0.114361006
0.254886052
0.259285272
0.348059033
0.256231197
0.245831092
0.144492064
0.228713696
0.257944809
0.233130593
0.191917306
0.204442786
0.259424984
0.220510101
0.256809688
0.188223998
0.243810822
0.328052016
0.233007607
0.203740299
0.258761956
0.137165504
0.149940034
0.271765078
0.187438789
0.262156988
0.290880017
0.35780892
0.179364373
0.22628767
0.231050263
0.267735644
0.265426121
0.274790836
0.173427509
0.21120799
0.174186887
0.271262751
0.144682597
0.244977665
0.221514644
0.30860043
0.19327272
0.277868363
0.17601314
0.228811123
0.208496341
0.18617634
0.234063561
0.263929136
0.265870884
0.252102467
0.228712429
0.238531699
0.248972737
0.234148344
0.211271867
0.294793449
0.175704022
0.169670508
0.223623753
0.257144005
0.166403287
0.192870423
0.248999144
0.174798117
0.278671409
0.25836663
0.236588977
0.450518135
0.218373437
0.33413631
0.221822252
0.221687874
0.27943686
0.147318493
0.224142252
0.141236939
0.232746726
0.328747819
0.226597559
0.334191265
0.230848089
0.194952093
0.208923275
0.310235044
0.238308792
0.26839742
0.199767611
0.186349417
0.238182633
0.264930319
0.244958505
0.295864869
0.26527112
0.285549444
0.206952739
0.188534334
0.182044197
0.251166958
0.275655034
0.204264666
0.226150869
0.20061983
0.216377896
0.21004344
0.242835685
0.250797457
0.262837198
0.177768214
0.237692199
0.305498929
0.236503453
0.237587123
0.2335917
0.125645874
0.223302901
0.264281733
0.211222823
0.161301199
0.443611987
0.227856821
0.278001246
0.224798458
0.262156514
0.234478332
0.220830092
0.209925421
0.244259019
0.164162656
0.3218
0.220427454
0.265704278
0.385287356
0.241621698
0.251908929
0.191228646
0.254886589
0.250716231
0.20551981
0.267079938
0.209935223
0.263123222
0.244586381
0.155154028
0.310259419
0.270359682
0.209989879
0.256145077
0.308039747
0.279815204
0.247783036
0.231394087
0.094922477
0.214636423
0.259407634
0.265656747
0.281888281
0.22139286
0.281431005
0.247307544
0.208086595
0.215784806
0.291486512
0.29520208
0.257737189
0.222849621
0.175376918
0.20022412
0.234554555
0.265141701
0.278013404
0.2122669
0.224912202
0.190638061
0.181037778
0.202384941
0.265471729
0.227709663
0.1682168
0.190453254
0.215756716
0.215641702
0.214861583
0.237426943
0.195662658
0.184430116
0.246945171
0.22984946
0.189541206
0.244863432
0.219912979
0.21703495
0.264224102
0.17254166
0.191851033
0.26826371
0.254245881
0.184904185
0.257371435
0.230944315
0.265198129
0.116722949
0.18174394
0.215029923
0.204058051
0.226928617
0.229919602
0.382148133
0.260193036
0.190567039
0.198029824
0.216563348
0.301595132
0.258842136
0.21853117
0.24295648
0.253251047
0.207731851
0.255047925
0.223798366
0.248175905
0.220829132
0.201812332
0.221614247
0.151048902
0.122599599
0.243716306
0.226853033
0.291644863
0.247760319
0.372933613
0.199969025
0.283400073
0.237167669
0.224361985
0.229138276
0.265981943
0.200306755
0.172078299
0.249169106
0.157847017
0.176230125
0.361258021
0.209840477
0.274392297
0.232102682
0.299096746
0.238144563
0.40972973
0.192428269
0.224641065
0.263964409
0.228783912
0.185066139
0.255002754
0.286058187
0.168513908
0.227650975
0.194705061
0.220567085
0.306015981
0.236182275
0.288805754
0.27984318
0.31153601
0.259362968
0.252064181
0.219084562
0.222973395
0.166054172
0.306478977
0.227788356
0.186960892
0.232442334
0.334762364
0.163546105
0.198228349
0.233637421
0.248241025
0.212101515
0.224161859
0.199686302
0.181214467
0.243395091
0.211633856
0.285190829
0.255474877
0.228585916
0.170201452
0.226995815
0.202203566
0.265779121
0.218288117
0.252734193
0.257111499
0.209366968
0.192896948
0.295415142
0.136320206
0.241941445
0.241766453
0.410083277
0.208049736
0.188785116
0.174809348
0.327398831
0.232013904
0.240495259
0.238409783
0.246196069
0.268291775
0.254886405
0.212803063
0.242159547
0.257679811
0.29506008
0.205883473
0.178926871
0.297010593
0.171015236
0.245224467
0.266387254
0.111679188
0.201438971
0.355012094
0.271780483
0.240684016
0.242114416
0.216039667
0.153593088
0.173234667
0.224232131
0.328092155
0.182829033
0.218477927
0.248527246
0.245583159
0.251156602
0.160764029
0.235866405
0.26796376
0.208734452
0.274689552
0.296508686
0.287189372
0.209713408
0.211525733
0.250031568
0.081871326
0.299780381
0.185129457
0.161298638
0.278970116
0.230233929
0.203828063
0.254982167
0.199256471
0.225968203
0.205492085
0.204944089
0.193571312
0.242652251
0.225335034
0.224221534
0.26519736
0.203293914
0.235201831
0.197918759
0.568126521
0.232675723
0.250038127
0.191980103
0.298803839
0.213694285
0.281460072
0.224316655
0.195033591
0.210333994
0.22958917
0.217934577
0.234323726
0.236417578
0.184242328
0.36875
0.259232982
0.198745002
0.224559312
0.235435379
0.231515152
0.172672687
0.336678967
0.222006198
0.288630313
0.232194781
0.199213149
0.26819413
0.246318922
0.237933101
0.261731113
0.253315517
0.196769636
0.191472073
0.186668204
0.249394288
0.215587045
0.247531786
0.128031088
0.188702607
0.188316646
0.229159427
0.264811577
0.263106646
0.324660103
0.236872603
0.187088423
0.238130783
0.241152548
0.35184422
0.296303962
0.235626201
0.230077082
0.247829686
0.244451327
0.23250991
0.244451333
0.274310425
0.230205603
0.328745924
0.172980812
0.214844232
0.383542896
0.235275868
0.25027158
0.227454188
0.212272629
0.281472325
0.243286639
0.313080393
0.171118599
0.235314072
0.174942731
0.233729881
0.255961189
0.214938187
0.277926476
0.239482823
0.220486718
0.267397206
0.227449079
0.294128577
0.290384769
0.238753051
0.27723498
0.127854715
0.267977663
0.14582297
0.278578579
0.165184575
0.286075644
0.269580352
0.142675719
0.203831061
0.234243915
0.28681398
0.22413005
0.219767602
0.253594174
0.22901292
0.200011035
0.251814733
0.361697449
0.170520155
0.256114961
0.211637223
0.269294064
0.225042139
0.212115957
0.229049521
0.206423253
0.242294713
0.290900746
0.228506689
0.353696851
0.218252316
0.284088819
0.218499532
0.23019569
0.197932267
0.232058074
0.311515858
0.298572359
0.220109382
0.290117191
0.22346337
0.256163037
0.168351248
0.255704384
0.204840025
0.264687359
0.173242388
0.219845583
0.192455332
0.227046553
0.232562182
0.232433973
0.20543402
0.198572379
0.239655517
0.240995209
0.184755877
0.241785019
0.200831144
0.221496146
0.280922521
0.212336136
0.170229962
0.256558663
0.301960784
0.251448289
0.208527008
0.108087404
0.231896028
0.230856331
0.310936644
0.269941987
0.235601048
0.252585846
0.203721694
0.215010411
0.254068298
0.312243312
0.389244007
0.204340836
0.211525058
0.244772078
0.228641535
0.279111674
0.198463415
0.207256186
0.194346406
0.209389916
0.221608695
0.210416259
0.284277879
0.211227824
0.260717477
0.175927912
0.275462078
0.250151034
0.246265461
0.302274217
0.170618819
0.248276405
0.275646834
0.262083035
0.218488535
0.1787603
0.286999731
0.204576602
0.333877403
0.351575769
0.213413939
0.23229186
0.196089343
0.264960723
0.277926476
0.240860142
0.199566795
0.238940725
0.251422373
0.28317836
0.226457024
0.256795046
0.251332092
0.24838228
0.224704229
0.239277365
0.226669205
0.242706626
0.254149048
0.249700308
0.242392738
0.260421048
0.432323969
0.162010646
0.263221055
0.209151683
0.168290659
0.191911752
0.213789832
0.266580811
0.233796345
0.234681479
0.21395441
0.217687878
0.201930066
0.260418724
0.215622077
0.178578877
0.215457824
0.204318792
0.215389882
0.36329526
0.368313244
0.213233915
0.271517268
0.234639825
0.156134283
0.217632734
0.278199596
0.321299196
0.212997033
0.38113872
0.197675604
0.17184817
0.230546198
0.230786846
0.239565078
0.22671566
0.190361389
0.189980769
0.196216082
0.188512734
0.182382525
0.273384129
0.268166216
0.206138213
0.252915611
0.189934972
0.158674133
0.28694375
0.272445751
0.22819178
0.229763254
0.225111412
0.202388591
0.164852128
0.229481581
0.243173952
0.171595735
0.134974139
0.189219884
0.136721604
0.213038799
0.302664026
0.257256294
0.187230637
0.254645331
0.230987487
0.216685591
0.244407647
0.359399734
0.204884355
0.243691645
0.250872453
0.246576719
0.211577738
0.296069671
0.301403931
0.228538502
0.115365286
0.43369609
0.230458476
0.219014586
0.242877942
0.181548557
0.242565681
0.188874401
0.25804876
0.272880998
0.230459582
0.243056581
0.232713233
0.287423423
0.260486384
0.143868185
0.259856478
0.104159541
0.260338029
0.171709477
0.16491055
0.221249194
0.156712397
0.216191386
0.237006974
0.254560442
0.205315598
0.210585144
0.180482377
0.213492975
0.242729349
0.243379669
0.194982459
0.249442181
0.197906729
0.16750779
0.230936874
0.397684113
0.256421645
0.197799233
0.263639879
0.181833592
0.260663126
0.219982378
0.25390652
0.215637036
0.224858615
0.23571968
0.220401614
0.186772693
0.388295328
0.193729417
0.215336163
0.156989844
0.142091701
0.134567366
0.263531259
0.258944312
0.218958242
0.197166132
0.254789091
0.266955675
0.176487362
0.191446263
0.175756503
0.188043328
0.272018076
0.225696863
0.236418941
0.191089518
0.190423955
0.207274194
0.243830872
0.220079151
0.231839796
0.197776956
0.206990822
0.20508492
0.209636284
0.201461341
0.408926144
0.233987225
0.186048718
0.244818885
0.17469221
0.225594315
0.190948515
0.249977811
0.506145522
0.215643394
0.112287611
0.21461215
0.264527888
0.22052859
0.166221775
0.262126654
0.182107827
0.227351856
0.293585033
0.248659638
0.234824472
0.275474854
0.188913781
0.179052577
0.238398237
0.225363286
0.168407527
0.254606943
0.257683
0.191492289
0.225711343
0.161254605
0.218206493
0.277542678
0.29656317
0.246179805
0.17013505
0.256833515
0.320873112
0.218096719
0.273541508
0.176187613
0.136095856
0.146173476
0.2779811
0.270086005
0.267752312
0.252171381
0.200335278
0.153731015
0.210831561
0.219274913
0.237493763
0.301491919
0.266812446
0.232072162
0.215134707
0.423399468
0.263382467
0.204509647
0.182803277
0.230302399
0.265164824
0.231819587
0.199664528
0.205470064
0.216520275
0.241715778
0.259569966
0.217227144
0.241928429
0.249718598
0.265967683
0.170278776
0.277060484
0.339486822
0.217601765
0.288846324
0.257729933
0.314745357
0.270478307
0.231977041
0.174508276
0.278002107
0.219691985
0.212635526
0.265678651
0.299114575
0.240568461
0.185639015
0.206908903
0.118933316
0.18814647
0.271392917
0.279772816
0.271494644
0.161479846
0.198557744
0.274832244
0.194341504
0.201039199
0.341936198
0.288935401
0.240119441
0.211219701
0.230573914
0.191682739
0.17252791
0.230916897
0.288064372
0.203655689
0.195277815
0.250352064
0.231430311
0.165512865
0.230911597
0.190558518
0.229864567
0.218866627
0.258988441
0.184507813
0.186100041
0.295665861
0.261872231
0.22605042
0.238713504
0.262184826
0.26383746
0.193742316
0.278035724
0.160085798
0.249831668
0.20736207
0.283936684
0.201663773
0.232376696
0.247352189
0.266997449
0.243507589
0.228798205
0.210448761
0.17829155
0.208117903
0.202289948
0.305533769
0.200610968
0.235864816
0.187344655
0.167760926
0.292816412
0.210577247
0.248342038
0.236179664
0.228043428
0.196808811
0.243011965
0.1908495
0.239153916
0.191046758
0.308002231
0.2533664
0.193936477
0.252207753
0.269898684
0.134894463
0.088063548
0.270037257
0.215570558
0.202747743
0.378469302
0.17383707
0.260165184
0.202981869
0.245201328
0.221262498
0.204050093
0.224018308
0.220906728
0.239090427
0.24586276
0.178015297
0.272354839
0.22452021
0.254851229
0.254020115
0.180442647
0.205880051
0.17397433
0.223151689
0.262842759
0.211027671
0.22026868
0.277416253
0.169941903
0.268865309
0.189744198
0.25056609
0.172858822
0.267507295
0.210671209
0.268775895
0.181439684
0.284884493
0.256120219
0.178797528
0.183905102
0.247166561
0.268432422
0.217098387
0.216001528
0.217264843
0.197890794
0.127177812
0.253911189
0.222197607
0.248591061
0.241038544
0.240781441
0.298593204
0.324727468
0.248152881
0.290332165
0.211393325
0.259253547
0.181619799
0.233097634
0.181132455
0.257777846
0.175562621
0.220032141
0.19791715
0.218204306
0.157670442
0.436482085
0.261016733
0.206782951
0.283276451
0.254106172
0.167961478
0.314243759
0.301160628
0.201922147
0.235925447
0.17146229
0.216696254
0.255484438
0.316461837
0.166366566
0.223741407
0.216332681
0.242538976
0.279363052
0.227560441
0.250734898
0.273507023
0.223522024
0.237661957
0.23130623
0.160990218
0.207569212
0.311623932
0.22471652
0.253466522
0.264147739
0.225585125
0.246609479
0.220368201
0.134011471
0.202507142
0.218562554
0.212946227
0.264538673
0.187790284
0.353527958
0.209647813
0.213269203
0.202248744
0.230564372
0.218320898
0.29624459
0.258199348
0.221536078
0.219679451
0.207173948
0.230016405
0.228377497
0.281143291
0.482926829
0.200957898
0.236064575
0.285389633
0.216998692
0.303953949
0.234473163
0.168966359
0.208409185
0.257612904
0.23869582
0.195757761
0.25600839
0.239654331
0.186093988
0.321894025
0.172298959
0.198308595
0.206201949
0.229808645
0.195753435
0.237626381
0.240744069
0.197079435
0.244373955
0.223629094
0.214992239
0.238780423
0.235129383
0.177197666
0.184187973
0.229347695
0.22567393
0.194129365
0.169250657
0.270183559
0.233729358
0.21122151
0.192701961
0.165138703
0.203598884
0.151600046
0.219282536
0.251193212
0.246862363
0.172792338
0.21787388
0.314277019
0.270508423
0.214589587
0.276673866
0.226434599
0.211986416
0.218501215
0.269792956
0.202505654
0.193306986
0.202264038
0.299575243
0.373501342
0.210690184
0.249071513
0.247383474
0.271748153
0.284935507
0.271825008
0.190199297
0.258276292
0.194807666
0.199664822
0.203096619
0.215832323
0.280739935
0.273925676
0.241802096
0.303650715
0.26524021
0.244995149
0.202263098
0.301521795
0.169212718
0.250352125
0.264541886
0.209213602
0.218407242
0.233644654
0.279927411
0.196903781
0.248666913
0.182349631
0.275406895
0.195208337
0.231401426
0.263052892
0.13818812
0.266516151
0.209801363
0.304484848
0.189619301
0.252895788
0.15648564
0.415168678
0.247338215
0.192819155
0.182046943
0.295021428
0.230162787
0.306455817
0.257998793
0.137845375
0.207274668
0.223450734
0.263427492
0.178119749
0.194753854
0.270161937
0.248115898
0.230261573
0.235190097
0.161767577
0.198744334
0.25180672
0.272478655
0.348959778
0.141213379
0.14331109
0.250477777
0.209426968
0.144827426
0.198944028
0.202080066
0.234977641
0.144928369
0.228487642
0.246802107
0.255935805
0.243711108
0.352112676
0.352894809
0.195414915
0.283291833
0.279518384
0.259482297
0.223326394
0.180055133
0.262937585
0.190008247
0.102772842
0.204603728
0.22900261
0.264948029
0.22016335
0.169629687
0.245336348
0.248678587
0.264318168
0.227604808
0.24871601
0.185793519
0.208983415
0.225842481
0.145408526
0.245707925
0.268982409
0.213436985
0.232068786
0.263452793
0.271491609
0.190916519
0.249051363
0.1942725
0.256294398
0.275431088
0.392489966
0.315310826
0.237159519
0.258131985
0.148524375
0.20919919
0.207690613
0.194021614
0.226852243
0.2779811
0.268126815
0.210555109
0.214960131
0.194013596
0.243082449
0.240514804
0.268673243
0.248377178
0.270429459
0.245456245
0.202063605
0.265392483
0.239800343
0.230143014
0.171282119
0.232062526
0.18813988
0.258349851
0.18889127
0.22004943
0.290226957
0.266051985
0.203530103
0.132444122
0.268646667
0.230745263
0.223791152
0.266231639
0.239968782
0.267681958
0.27151486
0.178700835
0.280827515
0.286819291
0.184467715
0.233383718
0.279250585
0.233452926
0.257676666
0.226872761
0.22127709
0.230566074
0.182411049
0.287425446
0.170375368
0.187224471
0.116691366
0.189530768
0.254702274
0.147839821
0.166964436
0.224855894
0.27797425
0.241619985
0.214224526
0.204146617
0.189065454
0.318499018
0.260492394
0.24364337
0.225759983
0.233893055
0.202421062
0.189184188
0.276304191
0.210763893
0.255097837
0.252055617
0.282628173
0.165785165
0.26658969
0.145076189
0.254473615
0.245727035
0.254773183
0.322369942
0.305572986
0.288001486
0.245878557
0.207704032
0.242558747
0.221802521
0.17621677
0.213503976
0.163738948
0.190708112
0.236856108
0.283910129
0.177930222
0.241913839
0.201454978
0.186338699
0.235209572
0.404658902
0.214930869
0.227221641
0.203198366
0.226779378
0.251227578
0.244768774
0.275106911
0.256351712
0.196452279
0.262600873
0.186641221
0.211960116
0.194773794
0.169836481
0.211228537
0.358997314
0.227253029
0.220561101
0.216751716
0.240361499
0.247357452
0.251027722
0.244345862
0.193083065
0.231867693
0.236755949
0.249913128
0.249736106
0.220522256
0.33915396
0.348664187
0.242890763
0.255200964
0.280101958
0.177744601
0.191538221
0.238210088
0.25831938
0.138485649
0.25561407
0.176187613
0.175410144
0.241486581
0.303602058
0.17968643
0.254858994
0.188927262
0.196764493
0.282564768
0.184057463
0.274348777
0.22489265
0.186863845
0.241097671
0.24865215
0.228984579
0.174380461
0.193109092
0.335297472
0.221570424
0.244304436
0.271036727
0.223216935
0.229885992
0.258970081
0.272154049
0.256889161
0.120505684
0.289839952
0.184956257
0.246125565
0.219719074
0.191097284
0.243772493
0.242743524
0.27833654
0.162069373
0.258006585
0.18106008
0.257413556
0.21328151
0.19600726
0.245227606
0.266966316
0.208615277
0.142824538
0.235550078
0.181901324
0.226865002
0.16630367
0.153027301
0.199444581
0.377168041
0.23184197
0.224751618
0.186990803
0.24452783
0.240528129
0.226137971
0.200296454
0.247082018
0.266511383
0.230765073
0.230364665
0.151880676
0.195349391
0.197393726
0.273117802
0.142281773
0.316991555
0.181271837
0.219905771
0.188377914
0.206814544
0.214117131
0.24436024
0.213568906
0.209414737
0.311085724
0.281764844
0.161464095
0.234579084
0.193736733
0.268706388
0.20009686
0.264425598
0.289093561
0.179478121
0.214954157
0.323549115
0.190898643
0.260105126
0.242120895
0.25088037
0.166585828
0.278139902
0.24290193
0.268791209
0.276904622
0.229994476
0.297043763
0.289407923
0.20755718
0.329551511
0.308161338
0.244421609
0.165221039
0.254558754
0.265429215
0.204803614
0.233836445
0.168949932
0.26920858
0.196759628
0.292171324
0.226446788
0.223534311
0.22790344
0.281497597
0.206883623
0.099275944
0.293473178
0.259034308
0.319846173
0.236824035
0.24694809
0.269639371
0.267058499
0.225027499
0.284829897
0.264555289
0.282497046
0.249371105
0.296120834
0.2310344
0.378692198
0.279915021
0.24362442
0.177773457
0.229525185
0.210180072
0.127237189
0.232950286
0.206844518
0.188196526
0.269830064
0.260375025
0.208576527
0.303191313
0.239391864
0.182000179
0.258060081
0.217192764
0.250837076
0.209630139
0.28376473
0.214639563
0.246752971
0.243262017
0.289430359
0.207575464
0.287336117
0.313878165
0.234170692
0.424928556
0.203721634
0.180649158
0.252127992
0.32382147
0.193149779
0.213318881
0.187800848
0.163459824
0.237479616
0.158777505
0.231317697
0.172368915
0.261518113
0.226872341
0.194885006
0.210415656
0.16548141
0.254468485
0.182762961
0.341077303
0.239558223
0.256323642
0.278666049
0.264422068
0.282930168
0.24740121
0.165313452
0.305377393
0.214457092
0.156259182
0.244220117
0.202042037
0.165989954
0.227581386
0.150120835
0.269145466
0.196194948
0.306104777
0.324049387
0.21301232
0.187689232
0.218023637
0.196426113
0.218083352
0.19655102
0.308347062
0.25458975
0.230545933
0.224667742
0.244052489
0.219432766
0.331883376
0.288990072
0.178130673
0.207137601
0.254445365
0.190058359
0.30702765
0.206743084
0.177746688
0.226923208
0.230590019
0.216161912
0.185131767
0.097966067
0.269096064
0.167407043
0.230320644
0.178529775
0.281343759
0.286598203
0.245355201
0.162151125
0.2520908
0.225264181
0.171612724
0.216855469
0.208124583
0.268264805
0.281074643
0.116366875
0.254983923
0.25594955
0.272511992
0.202471846
0.173447288
0.17318494
0.208920717
0.126139818
0.199852174
0.189086872
0.170320155
0.223946086
0.256068368
0.254309982
0.251847147
0.217966206
0.300059374
0.206258607
0.250944762
0.190627691
0.190006082
0.338021674
0.243290695
0.213707383
0.172032494
0.174254317
0.231153154
0.240249414
0.189758995
0.227572504
0.194409336
0.180516914
0.171593172
0.236491125
0.278292937
0.227714047
0.244033028
0.221977554
0.182739116
0.264273139
0.194024679
0.189860952
0.162651761
0.232041054
0.292664254
0.183098319
0.26301104
0.193312499
0.21328871
0.189308053
0.136441492
0.229678511
0.208734324
0.28608794
0.216292622
0.215000985
0.246670912
0.261451727
0.227492236
0.363977771
0.22266776
0.30936228
0.267935805
0.260932698
0.187099122
0.197334376
0.181081925
0.263828643
0.244233594
0.23263022
0.211623021
0.266853281
0.238768946
0.39547711
0.270848203
0.21567649
0.20306371
0.25804154
0.222642988
0.199703142
0.27341618
0.230030358
0.269352648
0.212689382
0.245325206
0.24546093
0.260134963
0.169929045
0.264441819
0.301566743
0.251450174
0.19255068
0.153778508
0.160283639
0.194093753
0.172030722
0.16320759
0.188436546
0.185612298
0.237190971
0.188164221
0.260333727
0.225991733
0.24425266
0.24281146
0.272263384
0.399902582
0.257487946
0.235342511
0.241410525
0.273071104
0.242891643
0.240523348
0.241349184
0.202674799
0.277872429
0.256308603
0.249906757
0.281755783
0.168167894
0.300351526
0.225592171
0.162055166
0.185328712
0.218627803
0.189301054
0.20313923
0.196524514
0.213531806
0.313962972
0.326793241
0.279760312
0.38255719
0.243177801
0.287981037
0.207517716
0.266930286
0.258217952
0.262725951
0.188128162
0.192633449
0.262396998
0.135683624
0.232819231
0.273274271
0.335921555
0.263866488
0.224950675
0.270796705
0.278127405
0.266046189
0.315799497
0.175032776
0.282061804
0.191427491
0.197799373
0.303096391
0.252367353
0.238836186
0.418495514
0.336165874
0.223069475
0.197866576
0.221100861
0.221257576
0.3773719
0.297919382
0.216069321
0.181926361
0.204778709
0.274422163
0.21240312
0.203507812
0.194432849
0.245255474
0.245384886
0.202648053
0.218043093
0.194359756
0.141129239
0.261160165
0.137547788
0.186533954
0.223489708
0.226684772
0.342555135
0.208669783
0.278493964
0.227180037
0.406394255
0.17922168
0.184665732
0.270098247
0.22623792
0.22092841
0.190045759
0.352607652
0.188006706
0.272259014
0.233073618
0.215620523
0.245024243
0.226770489
0.249706659
0.199090835
0.204424363
0.269089219
0.174730444
0.307880677
0.26050239
0.244980101
0.452409339
0.318569859
0.223248173
0.208354868
0.244251811
0.245791865
0.253535549
0.218472547
0.189243966
0.295907036
0.241206182
0.20731629
0.224905257
0.203622447
0.275718105
0.262757345
0.222679641
0.235949823
0.163920492
0.328142613
0.194696931
0.30324932
0.204755052
0.246923096
0.245917008
0.205103406
0.185032318
0.220324614
0.242464028
0.224615775
0.300820604
0.211309147
0.201472195
0.381859891
0.233330307
0.332556486
0.288732394
0.257219225
0.236563363
0.195295619
0.2131788
0.247793618
0.102388863
0.256221092
0.325963689
0.245381353
0.225681001
0.265584364
0.208593246
0.249419501
0.263048646
0.153223632
0.231601852
0.334200666
0.246268657
0.122238894
0.252403404
0.162459905
0.332797083
0.291652578
0.233974939
0.245434734
0.203161066
0.20771903
0.158097149
0.19675282
0.239124278
0.197430318
0.224806727
0.231497241
0.222040816
0.314514311
0.070094365
0.248949359
0.292970403
0.200887192
0.155912567
0.145730957
0.224933105
0.213384446
0.270713479
0.231673817
0.258252334
0.245139683
0.162210777
0.248133921
0.45693841
0.255500987
0.269093394
0.345755694
0.179590699
0.222321277
0.287195508
0.301896158
0.289345502
0.26034071
0.228482122
0.190001167
0.228582377
0.228637556
0.208330086
0.262851367
0.225751351
0.327189481
0.20327444
0.259373385
0.150093543
0.19835834
0.226490255
0.202742143
0.241236753
0.196792123
0.183812172
0.265364697
0.174514831
0.2162463
0.307723638
0.229068858
0.18480266
0.21084825
0.185015414
0.304229574
0.217688195
0.284090909
0.271100573
0.262049057
0.205236474
0.334667211
0.26797825
0.236789916
0.217023849
0.200146264
0.266017214
0.257822927
0.255865152
0.248149952
0.163532349
0.252946291
0.227453838
0.276025597
0.191822559
0.240575687
0.296648137
0.192988332
0.283583996
0.233304721
0.268134312
0.283220585
0.176931503
0.176230635
0.172451355
0.256390309
0.222584952
0.1826059
0.166590401
0.365180467
0.187588489
0.281446623
0.273023812
0.261200295
0.203635917
0.226271834
0.281688219
0.248195356
0.210531407
0.191687142
0.236328651
0.224843602
0.230284466
0.253284599
0.173823928
0.194117775
0.32464539
0.219784861
0.246120114
0.236338391
0.202250681
0.16574186
0.221980511
0.245249602
0.187304706
0.267973454
0.213299994
0.242180259
0.233703599
0.229862113
0.240527152
0.190341625
0.225760008
0.196176042
0.203740012
0.212464171
0.306882251
0.227252002
0.225968748
0.244696245
0.263049996
0.210451504
0.242679043
0.226868194
0.193383889
0.218511139
0.25815806
0.278896765
0.248370153
0.283783784
0.176956461
0.197275588
0.198339382
0.179328655
0.184855294
0.267339358
0.146430067
0.202832693
0.222977331
0.206023272
0.21809193
0.228902426
0.267388267
0.263484399
0.204802981
0.283503779
0.225974671
0.154481069
0.182900245
0.230883415
0.172111244
0.21170721
0.236174213
0.211896426
0.265889853
0.284123194
0.249062835
0.244728601
0.230012942
0.12814359
0.208580185
0.225718217
0.230847637
0.172265949
0.431251606
0.210210651
0.184325123
0.252479091
0.109452341
0.176383731
0.219264083
0.189912276
0.189025185
0.226193303
0.288280955
0.239693347
0.302979627
0.216661833
0.213320612
0.193121002
0.329114932
0.225275565
0.176039405
0.212502752
0.352733845
0.253442609
0.140313956
0.207448566
0.295022507
0.239798887
0.230402979
0.244452391
0.197770321
0.241944122
0.321693908
0.285296584
0.178149623
0.22401181
0.297630874
0.258371415
0.22117518
0.248520145
0.170434477
0.235062617
0.250540804
0.232437735
0.280781057
0.265431431
0.232425781
0.228857528
0.237005502
0.173695964
0.227295631
0.225561738
0.254588042
0.156340659
0.203147076
0.182934041
0.225441863
0.199579343
0.210600828
0.231668021
0.249553328
0.282733689
0.164578208
0.258991053
0.204765214
0.140236485
0.213053755
0.237757957
0.249087785
0.155183487
0.212632594
0.24823575
0.226955966
0.171906529
0.215729104
0.13835855
0.262614858
0.258984881
0.194819537
0.247844759
0.380092831
0.224461163
0.174110137
0.210322223
0.17364299
0.220974588
0.228623651
0.252430109
0.251061965
0.261236416
0.221513867
0.212445452
0.18321608
0.204134805
0.238027106
0.240227193
0.259613576
0.283647495
0.345604494
0.266491299
0.22631068
0.233020174
0.225300528
0.237501872
0.228461075
0.166017815
0.304085422
0.3576712
0.147847355
0.233373272
0.145402975
0.274866899
0.20383417
0.212944578
0.205506224
0.138154745
0.276418714
0.236056345
0.296168086
0.242401359
0.217317286
0.235575036
0.27351985
0.305195256
0.208284145
0.219872605
0.149253424
0.209941687
0.193525781
0.273632464
0.186746486
0.174756861
0.285207305
0.235497472
0.239575096
0.264150943
0.282484725
0.165162642
0.227666742
0.213996662
0.229038509
0.271327997
0.235109519
0.210839964
0.298473282
0.491694352
0.229067669
0.239872199
0.252
0.21889457
0.204447053
0.246273405
0.224968752
0.255498877
0.234710092
0.262507633
0.189953145
0.21770534
0.246879516
0.256906501
0.234318382
0.257408975
0.280531743
0.228714705
0.241724679
0.263563057
0.234255627
0.218503937
0.208151918
0.441603053
0.206520441
0.200469161
0.292829332
0.178804502
0.236009384
0.252263688
0.202913187
0.255653014
0.167805483
0.163077088
0.239562469
0.280436892
0.149230081
0.18516567
0.279587685
0.257173826
0.171286618
0.24728785
0.237431288
0.329391101
0.15725007
0.247954589
0.169924773
0.17476717
0.15258333
0.255751258
0.274466141
0.259552889
0.200163656
0.289539654
0.214766997
0.276497909
0.152009098
0.293895894
0.247711726
0.259440235
0.259923058
0.178940688
0.215993293
0.227414915
0.270285701
0.227919604
0.208570593
0.285448999
0.296354816
0.245442733
0.256980131
0.276505219
0.191159277
0.147649926
0.112683317
0.206770139
0.200976248
0.308983016
0.066735552
0.285269386
0.182875802
0.238484944
0.235165671
0.223630855
0.200418021
0.147208615
0.219614711
0.230272706
0.231456518
0.140882565
0.157831448
0.210201094
0.260787556
0.256360383
0.329443893
0.226677761
0.266618928
0.224474154
0.234391289
0.280094764
0.263413833
0.181814514
0.201366407
0.257101245
0.269970328
0.15127768
0.240083306
0.237354978
0.246726358
0.160834834
0.185531444
0.273711472
0.259897625
0.201849048
0.29644429
0.207215663
0.254524013
0.209975965
0.177699522
0.312308518
0.254506628
0.275804476
0.210665252
0.240360011
0.168517826
0.339764202
0.156282455
0.251351432
0.198161951
0.226259514
0.243351232
0.244607942
0.215755449
0.227839828
0.244314528
0.232641032
0.245690707
0.274753478
0.226394922
0.176062466
0.240221433
0.206320717
0.239231592
0.265555317
0.244375139
0.206704006
0.168401889
0.209613665
0.202468716
0.18730735
0.228970673
0.227608389
0.258750942
0.234062384
0.1740998
0.195060223
0.215661429
0.242752731
0.253026035
0.218693467
0.182016213
0.201954397
0.254893756
0.238397021
0.241087821
0.231571144
0.293531305
0.331826985
0.233350403
0.216186145
0.170522688
0.184425455
0.230120567
0.332351555
0.191038943
0.176940986
0.210858521
0.224519591
0.227977236
0.20884126
0.240044764
0.191520951
0.188985925
0.716883117
0.20124283
0.219334649
0.184407081
0.247340015
0.189678313
0.383430193
0.250373888
0.168372537
0.196881123
0.245875734
0.270063761
0.336524003
0.283118593
0.237246206
0.204578221
0.210957803
0.14362933
0.237621069
0.223450329
0.264455516
0.272616286
0.18888574
0.204120444
0.183687131
0.34361186
0.249871771
0.291704424
0.242948135
0.206495302
0.295662875
0.251412922
0.311428842
0.309805964
0.222478714
0.256646781
0.225405042
0.31129201
0.20489603
0.237124721
0.174431192
0.202804624
0.236144578
0.265535065
0.324136742
0.223495805
0.232080454
0.246863915
0.189584252
0.254696643
0.14418866
0.176979646
0.196683358
0.207890298
0.30210239
0.212892076
0.163647749
0.185144456
0.3232455
0.145971331
0.199857733
0.260134373
0.236681077
0.290246439
0.233548467
0.160437919
0.263835865
0.26908346
0.220053339
0.280852701
0.263026391
0.179278164
0.212728319
0.168786762
0.256933247
0.213847322
0.22391267
0.190266094
0.214079604
0.216934432
0.247134145
0.259947067
0.249836357
0.235694042
0.265110025
0.189752256
0.287834071
0.279882256
0.157550051
0.18153516
0.240322398
0.295230678
0.213411733
0.203013209
0.255346241
0.332272513
0.25225648
0.269655172
0.220939223
0.19318543
0.245665556
0.266093681
0.217966451
0.17924294
0.223324555
0.188940053
0.251287453
0.173488228
0.224503152
0.375729026
0.331848976
0.167757639
0.271066788
0.356738022
0.276246047
0.191199187
0.234781847
0.252088889
0.212764926
0.158466082
0.184479197
0.202309038
0.250005843
0.216406643
0.336301118
0.228321605
0.204269104
0.289488763
0.372287145
0.25078948
0.231346645
0.168490863
0.166713854
0.301013448
0.229130354
0.230448361
0.179066512
0.255134566
0.31592791
0.231370916
0.22720019
0.239885423
0.233304136
0.289773576
0.252807564
0.274628812
0.241348082
0.174218974
0.26143923
0.241211969
0.309774839
0.207469086
0.253335932
0.235470236
0.219055504
0.230080357
0.264301854
0.335827968
0.219600318
0.204839485
0.29029914
0.313503933
0.225093822
0.263254492
0.222824886
0.325016372
0.405998763
0.274977613
0.214207695
0.263303348
0.199256758
0.251660692
0.230225989
0.187131983
0.211893353
0.252448365
0.252071984
0.199013369
0.275521472
0.22088667
0.330974459
0.218789656
0.253523877
0.275174382
0.214381367
0.29105295
0.225558047
0.244557048
0.192406552
0.193696722
0.251631854
0.280428847
0.204209242
0.196102825
0.271560689
0.236422678
0.190422314
0.271793352
0.230023628
0.239385507
0.275619056
0.268853123
0.291666667
0.214706188
0.260500835
0.402817894
0.396863331
0.268089579
0.265092441
0.351505358
0.274865133
0.215656662
0.196018
0.155027992
0.167364355
0.194347371
0.266299383
0.265875634
0.261464811
0.223276054
0.177579033
0.306174921
0.267489075
0.222187785
0.240759068
0.318185841
0.168337434
0.254569464
0.244253282
0.58028887
0.23402141
0.26760052
0.218782966
0.213989694
0.246534868
0.166508667
0.231703938
0.184207984
0.280871511
0.253534172
0.273801012
0.268302058
0.234384484
0.279017106
0.186721506
0.230861973
0.198977905
0.292731543
0.26943294
0.354966363
0.263159085
0.188680977
0.209956002
0.13748114
0.480493631
0.265162996
0.250513
0.20414359
0.272076056
0.238536255
0.224296952
0.206699295
0.182280069
0.157029769
0.24131302
0.258395565
0.189054777
0.198863153
0.228943048
0.195535107
0.461538462
0.234093762
0.228022455
0.186547385
0.225884194
0.248051288
0.239891907
0.271492289
0.284500515
0.225048574
0.259507231
0.211863217
0.226304507
0.269093396
0.243353933
0.179781212
0.207540862
0.160374925
0.265981444
0.188936478
0.216777633
0.215071443
0.217975478
0.137205719
0.303613929
0.207166368
0.150850801
0.336640104
0.204235733
0.292581973
0.278035724
0.303246906
0.226363371
0.272224384
0.235999872
0.188111574
0.171508077
0.146745589
0.248818627
0.252495773
0.188436507
0.274985884
0.222420033
0.226546426
0.193014046
0.180711329
0.240756757
0.237052769
0.090345053
0.277316883
0.265551168
0.201502226
0.231340167
0.204272383
0.224074328
0.226018346
0.276786275
0.277777778
0.338253458
0.308471714
0.257884602
0.321836831
0.277364306
0.251743773
0.214768774
0.171239032
0.217134869
0.186453014
0.272800957
0.225930244
0.238565635
0.245721201
0.28529246
0.225903013
0.181455037
0.208597963
0.239811494
0.193819603
0.1918801
0.264998897
0.265432099
0.201493869
0.256637644
0.197196015
0.261450638
0.209474866
0.146635306
0.243090336
0.19871529
0.294702299
0.300615812
0.264671587
0.201118764
0.247838404
0.238430673
0.21524187
0.227291874
0.165159081
0.247504849
0.282450973
0.243910376
0.176361804
0.208229443
0.251185255
0.253221546
0.245738032
0.326413105
0.267175812
0.294835995
0.182592672
0.258390644
0.210764174
0.330146029
0.188992718
0.249652547
0.19196215
0.251450572
0.217014491
0.238010411
0.244406395
0.253635895
0.260310218
0.264943538
0.278417839
0.258933751
0.189647847
0.281915336
0.178018546
0.196628932
0.197302736
0.293108592
0.252894693
0.193285993
0.213955152
0.277124056
0.161672639
0.276268867
0.252365761
0.260638696
0.273637758
0.226236756
0.230621588
0.250509065
0.240674575
0.268792832
0.225574548
0.256742762
0.212650708
0.230955665
0.264148085
0.176350672
0.212243441
0.202830588
0.329488465
0.222226065
0.229094876
0.190410601
0.23517928
0.202150649
0.186393613
0.272757843
0.165880204
0.263508696
0.196189958
0.21521263
0.215529662
0.167296553
0.245539507
0.230511182
0.252604254
0.1724551
0.255007339
0.258222365
0.286400435
0.220879967
0.221105733
0.23381568
0.168301341
0.217949412
0.169769409
0.254442869
0.2519201
0.240202255
0.230641092
0.187083241
0.158062927
0.229038522
0.164486784
0.181357388
0.324651163
0.26744588
0.156070507
0.274496531
0.236404164
0.342516705
0.201083299
0.211864256
0.220220201
0.256806264
0.239813011
0.307392445
0.219520807
0.219724438
0.260814651
0.218163554
0.207002856
0.191030083
0.266081493
0.19418892
0.177327955
0.272861881
0.305510255
0.254555696
0.165505408
0.257943811
0.265653247
0.297978449
0.367718327
0.229754032
0.229347958
0.182743054
0.256522293
0.234243088
0.273813115
0.241725554
0.189940431
0.25871945
0.176993097
0.285966135
0.265965135
0.272844714
0.260312303
0.114033572
0.281052881
0.282667701
0.176604553
0.212511039
0.166177839
0.261712095
0.207341056
0.157495929
0.160731949
0.215672118
0.203915935
0.240924541
0.271299381
0.298113208
0.189126267
0.260506654
0.215401369
0.168904959
0.278805605
0.219266798
0.22851617
0.228652482
0.365838977
0.236898314
0.246311128
0.285593934
0.239626963
0.35991984
0.237198062
0.166331308
0.163379188
0.262272985
0.322868953
0.221123127
0.25856834
0.166322231
0.236496224
0.217797512
0.231822483
0.151887169
0.190692917
0.254196302
0.277340284
0.203018057
0.245224191
0.166526377
0.202640151
0.346252494
0.376719307
0.216574816
0.18613661
0.231013756
0.240953332
0.1930284
0.213073307
0.177990651
0.205403141
0.277838961
0.287697565
0.299676495
0.275719535
0.206684321
0.252598983
0.233719223
0.184954021
0.221503308
0.225894942
0.187795945
0.189772956
0.262953304
0.251701448
0.171592032
0.199080103
0.332703214
0.259380692
0.219748631
0.35046729
0.251001513
0.207859194
0.268138569
0.219203614
0.293973376
0.243209635
0.22736322
0.192795859
0.241308161
0.288035086
0.24497798
0.328695849
0.216873255
0.210426975
0.22842784
0.188099905
0.233844211
0.239709145
0.186721427
0.229643442
0.230194575
0.228693715
0.292210858
0.271702432
0.218588145
0.257189449
0.311381867
0.203532776
0.23036727
0.185322407
0.214049046
0.213112685
0.199591192
0.294200127
0.241448644
0.229147571
0.218490555
0.242460777
0.219949953
0.220509618
0.256748274
0.251234302
0.264878395
0.141978577
0.133267533
0.229947513
0.183567219
0.313198639
0.308715486
0.277231811
0.200237935
0.255072746
0.254749148
0.240423758
0.242807136
0.267951888
0.211655552
0.211524911
0.298932587
0.226204646
0.163626177
0.203526674
0.23251154
0.180567983
0.282452988
0.225425187
0.162995996
0.264166667
0.261720439
0.232386228
0.276582046
0.284704108
0.258730294
0.293865584
0.178923333
0.31668533
0.305793376
0.20494192
0.214143869
0.210958108
0.254052737
0.244918728
0.225141273
0.170339488
0.253270709
0.250861107
0.254781582
0.2084172
0.19008103
0.094570059
0.319305019
0.221483887
0.249093984
0.171651266
0.240430641
0.219246292
0.244630018
0.148200514
0.171275757
0.234397297
0.241586926
0.139157778
0.2246782
0.223840152
0.28987267
0.219249753
0.212683206
0.270647122
0.167775427
0.115699112
0.265894879
0.20132226
0.278199596
0.18294349
0.212093871
0.28463395
0.220825551
0.260583063
0.180616677
0.171281874
0.235479674
0.216474375
0.24615145
0.269961096
0.260632191
0.21653196
0.26795265
0.113431068
0.243429396
0.248192971
0.241563622
0.328953771
0.250417817
0.247474494
0.240481858
0.319260875
0.2434405
0.177790224
0.374775852
0.152738544
0.162962339
0.262733118
0.270725488
0.193811248
0.33724378
0.211105056
0.280178619
0.190491571
0.26888243
0.148884551
0.189300785
0.150567323
0.248639675
0.172905531
0.168171764
0.281231896
0.261152811
0.209058551
0.168057013
0.183647442
0.20591809
0.243828148
0.304749473
0.241758242
0.263042479
0.262266844
0.240408618
0.171161725
0.237557069
0.221226288
0.259390486
0.222077922
0.253087146
0.264169255
0.182552402
0.17226456
0.18894228
0.166133134
0.288900246
0.50390625
0.262331657
0.206900354
0.243145194
0.421728972
0.271783024
0.198789885
0.232923685
0.255741382
0.221051702
0.225656008
0.282035457
0.269845819
0.181388082
0.263310453
0.242909336
0.270190381
0.25507877
0.239856484
0.202919204
0.288489844
0.219487579
0.237021108
0.209951042
0.218156019
0.175094358
0.224006423
0.246501712
0.279565419
0.269027419
0.225038052
0.242555119
0.213910935
0.196366448
0.272619482
0.323605963
0.356732257
0.230785538
0.138483151
0.220184591
0.258909001
0.213179732
0.24555864
0.179264345
0.260641677
0.230256933
0.282848225
0.178002568
0.246378072
0.186346352
0.275964346
0.206310473
0.318333234
0.187968667
0.237451944
0.254384474
0.234785594
0.196491578
0.280222905
0.244624588
0.200223601
0.215927169
0.257993279
0.241015567
0.197145448
0.255879633
0.291839841
0.272274867
0.217381512
0.266322275
0.149941577
0.195809413
0.251618501
0.295119495
0.187185723
0.173792557
0.270714002
0.246134216
0.23357782
0.188361138
0.157405633
0.255361142
0.190598182
0.176523487
0.169544388
0.177281551
0.190767185
0.110879096
0.20741842
0.234973404
0.260115264
0.292538825
0.261113354
0.25181563
0.15485513
0.260064558
0.208575569
0.365792411
0.383387825
0.205263993
0.259727739
0.240315838
0.271113939
0.256354637
0.225213764
0.209454515
0.172036528
0.190452452
0.276996719
0.299413604
0.262873474
0.245539296
0.244664091
0.198436363
0.234844226
0.297631719
0.268587775
0.204607134
0.314510365
0.191544611
0.330106398
0.258838571
0.178890846
0.226423103
0.202634245
0.187987637
0.388784408
0.252755674
0.228290158
0.181635902
0.228835639
0.168832643
0.248488575
0.281192867
0.203869648
0.211467995
0.262394493
0.212045004
0.184456322
0.295997648
0.19411752
0.226902006
0.188595883
0.171360615
0.195337114
0.203247495
0.184496944
0.243123882
0.195975531
0.222993796
0.203990388
0.20898326
0.272734582
0.107297902
0.224521259
0.198393703
0.293529615
0.222299395
0.25467171
0.225854001
0.247025111
0.172712472
0.171378205
0.257841938
0.16155856
0.27704665
0.235819424
0.200841038
0.170796804
0.143819428
0.252590856
0.210049744
0.195893926
0.153777871
0.186188632
0.29348077
0.219542645
0.259387032
0.266841177
0.261649617
0.170041345
0.203070031
0.16852152
0.133007315
0.30277568
0.222449602
0.267837001
0.2824861
0.246833139
0.211520501
0.204446427
0.277133943
0.16121676
0.170966147
0.253220296
0.184271646
0.189837794
0.17233334
0.26402141
0.213229051
0.168338764
0.43584507
0.197714384
0.230781893
0.249785828
0.207117163
0.251088107
0.214867707
0.190653974
0.174171051
0.187684942
0.138844021
0.238159958
0.258653285
0.297075449
0.124525231
0.250767478
0.405580792
0.216936048
0.17986956
0.175060521
0.256518987
0.252507601
0.267643637
0.167371832
0.258157141
0.234002169
0.326869806
0.174668029
0.214461552
0.224394018
0.172375197
0.263214254
0.286285507
0.190801171
0.237528876
0.175819593
0.157657015
0.220470968
0.169570789
0.284941439
0.261189635
0.192091336
0.199155564
0.317208051
0.205904728
0.252003836
0.285469085
0.237589105
0.233108443
0.223108942
0.164370306
0.255701519
0.218712006
0.238790454
0.183755649
0.17604304
0.174112573
0.241603815
0.158867609
0.214813039
0.183522675
0.207321282
0.194589012
0.238333933
0.236043553
0.216253488
0.249060202
0.246330159
0.183832695
0.217598126
0.168717857
0.326249174
0.184250649
0.190971489
0.183580498
0.241476497
0.160293668
0.208842835
0.20369839
0.266502678
0.247416498
0.243320448
0.257753414
0.239957135
0.27825422
0.230231542
0.231850522
0.190683793
0.187145156
0.231033302
0.274961133
0.241047911
0.240708275
0.264825808
0.231649206
0.171973927
0.274989747
0.249825216
0.140585684
0.165904038
0.258513273
0.232145256
0.225069028
0.220213584
0.241899242
0.23490195
0.285540413
0.184161515
0.235475352
0.22289802
0.148627039
0.307090482
0.191202346
0.193802659
0.252824268
0.182236281
0.180723383
0.231960214
0.263647652
0.229160433
0.247820392
0.224539724
0.222963534
0.235369155
0.287185523
0.189134304
0.212196932
0.259875631
0.171868771
0.305206519
0.258231845
0.236067013
0.26995042
0.235245374
0.228183435
0.212701248
0.240921169
0.25153075
0.226057617
0.123768416
0.194465372
0.250995087
0.350971282
0.157910656
0.236361029
0.273804905
0.217412344
0.29984901
0.224553402
0.188546218
0.227926133
0.231389398
0.236693269
0.258451258
0.296784877
0.274922043
0.287213941
0.195499804
0.265072572
0.221310342
0.220912843
0.19929819
0.214295162
0.240923436
0.180691913
0.322716895
0.265687034
0.256587322
0.209571798
0.290382618
0.140325533
0.21717925
0.332539484
0.208554294
0.26989455
0.202132901
0.258484136
0.125824239
0.206796117
0.218842122
0.194431638
0.232330251
0.23788422
0.22502568
0.204505563
0.204963686
0.184175095
0.249121845
0.255452394
0.177759242
0.283313912
0.218979456
0.227182745
0.245700873
0.340265539
0.255005822
0.218191191
0.265794356
0.293980835
0.285040413
0.199689158
0.184906141
0.144260719
0.198365875
0.164763124
0.197062072
0.210832422
0.208672442
0.187896998
0.252102212
0.200373057
0.253673272
0.20535184
0.298408717
0.200435804
0.193467105
0.165935096
0.266279835
0.257121369
0.230665984
0.210761721
0.227648904
0.186923916
0.240031242
0.299432906
0.103995806
0.230762093
0.226573179
0.270025189
0.161196191
0.21689388
0.188047595
0.237529016
0.305705289
0.285940107
0.222821366
0.214799724
0.219883439
0.339146585
0.235118134
0.260547303
0.258349958
0.267056041
0.228692796
0.182928001
0.33861975
0.218191678
0.281759116
0.254492692
0.36076381
0.255159392
0.223320571
0.279701937
0.22818831
0.224135394
0.23287379
0.215503518
0.214782572
0.262505533
0.217724302
0.335720098
0.237615673
0.17022005
0.256920272
0.218200271
0.215781244
0.341761432
0.142323461
0.196222103
0.164962322
0.280194378
0.183780395
0.190519333
0.173479943
0.259050499
0.256274037
0.123044649
0.401061008
0.220978925
0.267209994
0.267043271
0.212680745
0.307148256
0.294580792
0.207811625
0.195848208
0.180803388
0.265496986
0.261947051
0.226124541
0.220060989
0.227862099
0.247340494
0.360235988
0.237905215
0.193338872
0.204189191
0.164099196
0.215239823
0.205454282
0.191592823
0.250303759
0.302332905
0.195262484
0.263228366
0.295693669
0.227670926
0.237474693
0.257961415
0.161921135
0.220515295
0.275919279
0.257623397
0.283413572
0.288099895
0.312347253
0.254577199
0.209675562
0.191665699
0.183573405
0.224725042
0.21149922
0.213504105
0.285898776
0.153895411
0.201372357
0.224219915
0.230415105
0.229931918
0.262081292
0.216918489
0.19295912
0.233338955
0.137086649
0.234586878
0.207816242
0.204084866
0.239633564
0.236017726
0.21692189
0.226732324
0.175967174
0.183071966
0.260509811
0.242882108
0.297250109
0.267332805
0.176086162
0.308541734
0.27448092
0.206539162
0.256290196
0.201036152
0.257518105
0.196762366
0.258270179
0.303728932
0.172685366
0.278035724
0.221182992
0.193899439
0.207466467
0.267390472
0.251063122
0.248388696
0.259937196
0.205686352
0.24947874
0.238122274
0.153185493
0.177442297
0.167047851
0.19733655
0.324124368
0.253097165
0.197751238
0.134617968
0.335399449
0.224292599
0.221790634
0.247367951
0.235607337
0.234153768
0.21991412
0.170662572
0.192803513
0.205841599
0.176384658
0.234301574
0.083069004
0.194521919
0.190871337
0.211904125
0.261719981
0.245844757
0.189237843
0.218226279
0.173380334
0.227607432
0.209372104
0.225990592
0.222980757
0.301968267
0.251217956
0.293413537
0.191257271
0.259045846
0.202159408
0.242070415
0.238076178
0.234529243
0.19715303
0.182083278
0.214401294
0.189998718
0.137440065
0.175113349
0.268853041
0.301930289
0.257748989
0.296410256
0.234570356
0.222972973
0.266771527
0.127967438
0.272789476
0.272506527
0.209477238
0.219801244
0.168669379
0.200803325
0.228711322
0.25421416
0.228665336
0.220577391
0.19886506
0.143095065
0.202415971
0.387022993
0.195350232
0.209909072
0.161484114
0.260721933
0.212231098
0.221970926
0.217258777
0.220240587
0.220761362
0.249968676
0.365433056
0.302041356
0.230591253
0.367531757
0.167123361
0.417532105
0.125472407
0.213352162
0.274212088
0.20380044
0.200771746
0.174993713
0.25260108
0.16818907
0.20912179
0.164374154
0.251548429
0.211724968
0.238264483
0.296392508
0.218537267
0.20808114
0.232526906
0.237763786
0.194084563
0.221429398
0.2892851
0.244047135
0.211313746
0.175122604
0.247100904
0.40153593
0.196485983
0.222623967
0.228270704
0.248359888
0.183761134
0.194485971
0.198691832
0.291521268
0.250017994
0.263378962
0.241077791
0.291195669
0.22043379
0.213943261
0.257323734
0.132898352
0.167808912
0.245203252
0.233668912
0.27959622
0.109032258
0.268554743
0.282264012
0.272650144
0.162452016
0.17825135
0.256364378
0.221100892
0.261810947
0.2779811
0.287691938
0.231592136
0.268444353
0.206090441
0.194291281
0.141346067
0.233609018
0.182878622
0.259424445
0.229658606
0.237587572
0.337725381
0.20529854
0.207843386
0.251116615
0.265730546
0.190676243
0.204403207
0.255427791
0.239024934
0.09950908
0.207852545
0.225520202
0.245235812
0.278090348
0.132008769
0.192942186
0.171302073
0.318620768
0.254990863
0.170757519
0.194631978
0.241789436
0.163385904
0.267778736
0.221116926
0.284814556
0.169452311
0.215878501
0.265459515
0.285723728
0.215692885
0.202603015
0.250637952
0.261003874
0.329056685
0.22788692
0.27904123
0.188101083
0.251211925
0.164559448
0.238222655
0.260183299
0.209641885
0.191842544
0.128803391
0.18463004
0.206315668
0.207635353
0.208905852
0.236643005
0.242005093
0.258577788
0.238221771
0.217714909
0.278707518
0.267990021
0.182573606
0.203944432
0.200070066
0.253115158
0.261062551
0.192957127
0.253509779
0.22708273
0.203706381
0.237648214
0.22954014
0.201096405
0.255360388
0.240974517
0.167401814
0.218961361
0.241272157
0.236605549
0.212691614
0.209700428
0.238957166
0.212475824
0.176219518
0.203980803
0.26512894
0.233181936
0.244182994
0.266286582
0.22000237
0.216941948
0.195866218
0.179487179
0.26547619
0.215114345
0.286860621
0.203670128
0.203830003
0.179693192
0.260882436
0.153848778
0.185001932
0.390794801
0.22721943
0.249501567
0.209653884
0.19186408
0.280461909
0.220409539
0.197556042
0.298584855
0.174784867
0.234292893
0.228259476
0.153265791
0.195864947
0.257302071
0.275050998
0.267610221
0.407736273
0.238423924
0.241212391
0.248073813
0.538536585
0.305278716
0.246537469
0.344571722
0.208386894
0.280376594
0.185328762
0.224027909
0.213340294
0.181378591
0.254859461
0.196851878
0.459471366
0.263340892
0.265739174
0.231591662
0.134053691
0.239592614
0.191144732
0.166364599
0.278144972
0.190624927
0.235461168
0.254050143
0.252096619
0.214728926
0.313609948
0.251326101
0.264055469
0.359401145
0.257898939
0.13760163
0.222173385
0.302115067
0.222439599
0.258237632
0.246809523
0.263117948
0.224236043
0.237756108
0.231467608
0.243384348
0.249674173
0.255604531
0.202291921
0.281906955
0.250735413
0.246015373
0.339015898
0.297122463
0.238976825
0.272421957
0.332590072
0.288099536
0.233286489
0.245807549
0.203871013
0.267844523
0.299429768
0.155695741
0.191234829
0.263020335
0.229716378
0.221392144
0.261166606
0.181789917
0.133541681
0.209206816
0.211226084
0.218457661
0.2209774
0.235400287
0.225929586
0.241712069
0.181724667
0.266811617
0.26074645
0.138922271
0.202473086
0.235168553
0.280829691
0.274602645
0.224000246
0.227184305
0.296736471
0.25225215
0.214323567
0.227342035
0.226170831
0.193940792
0.245913634
0.184925526
0.274586551
0.194317734
0.364850824
0.225650122
0.204648969
0.243332863
0.138127854
0.25190816
0.19340001
0.241064157
0.219405246
0.330164218
0.253198166
0.168018056
0.138642406
0.267680906
0.259373683
0.223782553
0.204244763
0.251807869
0.233477117
0.263315283
0.237393909
0.167112376
0.266665332
0.237220949
0.211753895
0.251480783
0.204784205
0.242705139
0.229756061
0.26064093
0.14747453
0.191467209
0.190665669
0.19415466
0.267917575
0.243375132
0.199864297
0.163257242
0.384813525
0.304147823
0.199621834
0.267679298
0.309761537
0.269538939
0.133035407
0.192528649
0.27173913
0.229652324
0.254049933
0.208381183
0.284835866
0.260479821
0.256323936
0.173131276
0.190296128
0.195761729
0.165139247
0.221227357
0.22416214
0.214745516
0.253008925
0.220768019
0.224820302
0.256701773
0.256583803
0.160877966
0.19397861
0.172883336
0.209232905
0.272860959
0.217044092
0.214247793
0.184935055
0.253505786
0.258273676
0.358958357
0.295061428
0.389098117
0.247867767
0.177279247
0.240955749
0.198874457
0.234335322
0.268879137
0.137864359
0.182632452
0.277614858
0.425236995
0.202146974
0.186500847
0.188344404
0.197767738
0.170795681
0.242980402
0.139928928
0.226082525
0.259109233
0.268927214
0.231065543
0.21337004
0.078018316
0.253171304
0.234563916
0.284584863
0.234436545
0.244136356
0.255819787
0.179879702
0.250983554
0.193179302
0.441383036
0.257506809
0.283697557
0.194970992
0.305497611
0.229654646
0.254086181
0.184787611
0.227102688
0.204642514
0.179708915
0.273515249
0.276195789
0.134536808
0.22699557
0.304107891
0.219270087
0.161632767
0.205268568
0.269728825
0.23009423
0.291001189
0.224699228
0.177731459
0.285697668
0.299815855
0.182436333
0.226751858
0.182482964
0.167215731
0.265056649
0.204495583
0.210020146
0.123164213
0.196095802
0.165793464
0.230069685
0.213166786
0.288717735
0.370568999
0.241989529
0.260274391
0.274739345
0.198291699
0.204505535
0.212896838
0.263855956
0.267825015
0.135158499
0.28491058
0.211729936
0.143482889
0.274808156
0.255066766
0.25422882
0.30896617
0.212519351
0.233957144
0.274583366
0.240825329
0.226558817
0.23039807
0.243742334
0.230197538
0.250191369
0.18479214
0.201772446
0.236168927
0.179755172
0.210369706
0.232847642
0.196165568
0.267737323
0.222903261
0.258642703
0.297737877
0.243447189
0.073996895
0.211160273
0.25490112
0.214527623
0.268841029
0.224249742
0.246982677
0.247088997
0.266628651
0.210571152
0.275269444
0.295081967
0.255228569
0.22941305
0.182799729
0.232182049
0.218060118
0.246418338
0.27560745
0.153733543
0.162972093
0.18954313
0.275923676
0.225971605
0.217664432
0.14424562
0.373490146
0.254178566
0.234603132
0.178371139
0.319875018
0.202372436
0.175031683
0.194776592
0.266154109
0.272660959
0.271522967
0.259288127
0.202689838
0.169131141
0.244570828
0.307872697
0.205881534
0.348118438
0.114388931
0.245629461
0.247939199
0.315534726
0.220817424
0.277248426
0.222893127
0.260901805
0.214086556
0.169543687
0.237448633
0.165019719
0.213809634
0.170011216
0.2779811
0.212379537
0.228345158
0.209416667
0.184731761
0.27558662
0.238659742
0.248033362
0.218895698
0.219627341
0.19626651
0.30020593
0.22143803
0.248150418
0.224905037
0.236950738
0.257357817
0.229137535
0.167746387
0.234924444
0.166054699
0.195725363
0.122887315
0.20385948
0.208317945
0.172679052
0.208398056
0.160868958
0.217786273
0.17069991
0.225345369
0.247607482
0.192104463
0.202945647
0.296018587
0.208792519
0.185458511
0.262013378
0.174210153
0.491141035
0.22342816
0.276832461
0.225959596
0.258385679
0.248534758
0.222614525
0.231476689
0.255447673
0.279872658
0.229966314
0.198274833
0.211218204
0.219692861
0.223842501
0.174646072
0.228736213
0.13503332
0.18738702
0.21899064
0.251697301
0.218945513
0.270296526
0.269617237
0.164860552
0.16349825
0.208100591
0.188881797
0.222737034
0.177480057
0.182629783
0.214217782
0.331941545
0.184779679
0.198638622
0.317526212
0.193063142
0.187087501
0.177811005
0.318393972
0.248248549
0.250575974
0.188004058
0.425601305
0.19720283
0.11284861
0.169312805
0.199366533
0.272917289
0.205334462
0.226170125
0.206994633
0.205860661
0.231519046
0.178498451
0.214985625
0.26356894
0.275386355
0.23765236
0.16745366
0.18821767
0.242544001
0.2088168
0.210302093
0.226530716
0.185271703
0.239770516
0.138259351
0.350138268
0.250559512
0.220394462
0.246221743
0.201457836
0.250383447
0.229222361
0.228353659
0.220457187
0.187481352
0.269352091
0.432494867
0.300590378
0.317274637
0.28060166
0.191810932
0.222260709
0.246063359
0.229795195
0.256975764
0.303561825
0.254868926
0.208675915
0.259304914
0.185142513
0.17399278
0.262147669
0.288230983
0.23420069
0.225706595
0.255875044
0.259823541
0.198367601
0.271413367
0.218340549
0.193628065
0.25072965
0.238245166
0.227349676
0.27592961
0.259529432
0.202650675
0.23944883
0.253054511
0.241635253
0.375662454
0.198534457
0.192107684
0.232350444
0.162812518
0.218265442
0.241860179
0.206256951
0.190162282
0.17537403
0.258312267
0.309187279
0.142205286
0.269351961
0.167163781
0.295657488
0.207005246
0.251543376
0.156810946
0.192026819
0.255736959
0.212507477
0.228095666
0.24083981
0.260405839
0.202586599
0.244237898
0.188131962
0.238328605
0.236757065
0.188419881
0.175450975
0.265942519
0.203072002
0.237446703
0.206770936
0.202196359
0.245682031
0.21343253
0.266523587
0.254548447
0.295783106
0.209076049
0.165698367
0.259517988
0.202209033
0.366789456
0.181824922
0.398450113
0.171949505
0.205066095
0.173666659
0.164329815
0.198341745
0.277849005
0.338123115
0.272788083
0.203877861
0.314747236
0.469255663
0.282811437
0.273937205
0.223222905
0.296320029
0.379116118
0.211963455
0.25053225
0.250987516
0.214756626
0.20637622
0.311223095
0.261546582
0.212887828
0.161193641
0.319620688
0.213647764
0.18047081
0.319769452
0.243452985
0.191777842
0.20658048
0.270115212
0.272964959
0.236337534
0.178834189
0.24152131
0.189663796
0.146097943
0.216547968
0.303797468
0.158531056
0.202592829
0.26841176
0.263451329
0.241948896
0.140942102
0.169836329
0.345412712
0.379479729
0.22946063
0.159616268
0.205707211
0.351648352
0.236015615
0.226871957
0.213573298
0.263596665
0.190355541
0.234344805
0.254970364
0.302968481
0.213190233
0.401533254
0.355510691
0.181797179
0.24477942
0.17646264
0.327790139
0.374300187
0.136443207
0.230724323
0.202591002
0.206900067
0.329949672
0.179046568
0.294074687
0.245328333
0.211598552
0.198836478
0.250631203
0.238094131
0.282633471
0.236265322
0.246327908
0.359007353
0.246157358
0.199679178
0.225767124
0.251222736
0.180670099
0.244767831
0.169077244
0.219433867
0.253377009
0.204382298
0.179408044
0.257751068
0.224381107
0.162179841
0.153970586
0.21105033
0.222131576
0.18241595
0.244620303
0.261608649
0.248172008
0.257129048
0.185601057
0.328445019
0.217989322
0.256410256
0.212995963
0.256812347
0.137613939
0.194208461
0.168980255
0.297767269
0.205741944
0.254231685
0.256854216
0.183949997
0.24404348
0.231319755
0.22142977
0.210781957
0.27852705
0.318390141
0.290917413
0.215223589
0.200887333
0.243782454
0.19532993
0.272737643
0.319552907
0.258403261
0.226463591
0.173292165
0.237529619
0.342183271
0.145357224
0.218960129
0.191487476
0.22566818
0.2731898
0.274645305
0.200988261
0.181037713
0.247167889
0.188818387
0.285261618
0.242003745
0.240884041
0.215331975
0.196163084
0.21856
0.268167322
0.202446589
0.218265542
0.272423013
0.122034749
0.194950023
0.176723684
0.287945365
0.270606969
0.229622535
0.344042232
0.233060367
0.310158162
0.218603359
0.164479726
0.161934805
0.335035195
0.209853802
0.229464686
0.235002222
0.286629282
0.21340928
0.151469192
0.248988356
0.262014181
0.254614485
0.216482941
0.256724978
0.13872083
0.245299115
0.300085669
0.29872574
0.224572036
0.201410453
0.187527778
0.23893935
0.278964336
0.237962621
0.271607175
0.299021036
0.2779811
0.212882169
0.198000059
0.276367919
0.202967313
0.221743269
0.254976635
0.224487365
0.263338447
0.229844341
0.21500118
0.256957506
0.242301818
0.271772056
0.098318048
0.202457973
0.275024981
0.237092909
0.159555544
0.275039583
0.198818334
0.229425635
0.121792465
0.164631003
0.259811756
0.18449251
0.269936947
0.2056961
0.266994762
0.202846846
0.136775275
0.220869586
0.336165649
0.290957538
0.174502723
0.250224263
0.168502544
0.182499117
0.197166869
0.245583267
0.25460106
0.268753233
0.209115934
0.271927283
0.183933764
0.228380666
0.356733903
0.493595608
0.170981078
0.202023117
0.196085862
0.246988858
0.141320894
0.241368644
0.255480687
0.23895598
0.297221042
0.195463597
0.259697092
0.225395374
0.255107567
0.211727533
0.246456268
0.201356951
0.236157992
0.300096455
0.342583076
0.202007317
0.193982301
0.243355498
0.203698581
0.196546836
0.220635968
0.255767379
0.19943491
0.266625509
0.191649101
0.127285631
0.247389098
0.226911805
0.240194136
0.212993719
0.21122853
0.332075917
0.248274918
0.17812701
0.246922894
0.259526441
0.30285318
0.197004892
0.237334839
0.266639807
0.323025953
0.199323123
0.184626772
0.185863344
0.240611766
0.184646612
0.177411135
0.163338767
0.244309027
0.314767234
0.199042595
0.166566934
0.260184052
0.220218796
0.246211241
0.229273842
0.299319499
0.238349784
0.305887421
0.232516378
0.158750417
0.107839464
0.379469977
0.291845911
0.219913275
0.349592717
0.219690555
0.237046515
0.21296513
0.186858553
0.36425762
0.229408713
0.27235189
0.211410473
0.249257983
0.257068849
0.186108998
0.208318276
0.255838967
0.202035895
0.145858422
0.239552214
0.242104885
0.242970169
0.249583139
0.350175141
0.219829236
0.235080134
0.246735628
0.271443689
0.268614307
0.242679146
0.182417054
0.257513269
0.291536973
0.229828244
0.264959859
0.24368658
0.252218997
0.239080276
0.205568878
0.24114533
0.209865206
0.24712183
0.248104749
0.238129954
0.203479481
0.241492628
0.269228487
0.208243385
0.3527203
0.235330575
0.304206519
0.271320941
0.250559551
0.267733594
0.249354925
0.045564223
0.431344963
0.241972268
0.199883401
0.317990763
0.178536005
0.264257578
0.295038817
0.240298867
0.243123185
0.182585923
0.278917986
0.228115206
0.236355891
0.292878612
0.171802534
0.303455121
0.232872407
0.212243932
0.233697053
0.249449119
0.200810348
0.256845162
0.332711153
0.325731888
0.208836705
0.178419564
0.308663613
0.25984044
0.260331112
0.323797767
0.211075167
0.169572875
0.144494571
0.248994509
0.202109076
0.242411345
0.20771536
0.162835648
0.268889365
0.196167306
0.283113168
0.35030697
0.239496268
0.215358284
0.239484377
0.271879719
0.278073155
0.276145301
0.21611013
0.168270942
0.278035724
0.238404408
0.349480151
0.228705535
0.354471057
0.217654515
0.271931383
0.265432735
0.225635809
0.358605246
0.179629365
0.220852605
0.241892221
0.169345987
0.212182195
0.249398773
0.231632694
0.237757194
0.232528899
0.237738473
0.303204071
0.262571581
0.267375104
0.212576386
0.203420355
0.219313872
0.255047872
0.253887719
0.2506526
0.261096809
0.219142339
0.281361347
0.232837948
0.308646839
0.208624333
0.266668548
0.25631804
0.221493881
0.251487018
0.2411408
0.130433464
0.264692772
0.166942012
0.243466064
0.232702621
0.222006347
0.204924436
0.230166097
0.254536605
0.238963485
0.278090348
0.214099268
0.170387999
0.22884933
0.481242436
0.301604945
0.238594718
0.19296211
0.289180778
0.271966934
0.256483041
0.267591068
0.263961261
0.185559149
0.172520111
0.24529709
0.252575359
0.213585586
0.21267811
0.185851837
0.255223707
0.158790765
0.252172804
0.234106867
0.137009063
0.399623392
0.237989992
0.243904121
0.245093666
0.21739637
0.234035731
0.243838028
0.21795319
0.22115829
0.249479849
0.220159611
0.174990356
0.181594161
0.2694234
0.176113327
0.162255466
0.177830952
0.245704204
0.24703901
0.244685408
0.150590528
0.232447243
0.340317717
0.235532712
0.221246586
0.274662791
0.224034588
0.175359534
0.225563467
0.189984271
0.331956258
0.208695308
0.2427679
0.283678573
0.23183902
0.217117304
0.201450477
0.207952719
0.268202891
0.327273951
0.301283004
0.315878218
0.250487385
0.157457513
0.168313385
0.148151727
0.248062016
0.255154819
0.247916482
0.393886396
0.261089785
0.22662183
0.1734061
0.224186107
0.222192978
0.230114451
0.258567429
0.213567046
0.26546044
0.290712226
0.323468236
0.194443792
0.186811854
0.251158948
0.211296946
0.280034531
0.218368464
0.205392121
0.222020647
0.399011563
0.224487168
0.229834096
0.185593245
0.203681375
0.248130426
0.271862936
0.255704632
0.264219409
0.277762644
0.185155315
0.25908518
0.20431835
0.17071929
0.274905818
0.212822853
0.189293316
0.269586192
0.193587596
0.198042664
0.292613636
0.19558583
0.262913357
0.247828433
0.20818463
0.170819962
0.232810054
0.172717732
0.189480969
0.180202064
0.159762461
0.238633146
0.23620438
0.150607467
0.261602058
0.297049134
0.216357525
0.237911853
0.219472508
0.241420547
0.199902417
0.307371059
0.261155961
0.193577215
0.083623648
0.357076781
0.250303339
0.219928072
0.274137565
0.218961752
0.257350218
0.178514347
0.215260382
0.273077456
0.274087751
0.326252971
0.14470235
0.176302439
0.189005021
0.273298772
0.211158014
0.16153595
0.233965969
0.207523655
0.356565909
0.231293308
0.237547051
0.22853364
0.270726617
0.235547062
0.208663649
0.190383366
0.191662331
0.24226983
0.198737372
0.22320003
0.383191302
0.243158872
0.247796827
0.213594281
0.207662053
0.268324501
0.243573949
0.349210037
0.297215794
0.172641037
0.252455859
0.216749419
0.209096652
0.180800172
0.263328668
0.265341529
0.24210552
0.258441048
0.205517744
0.226248482
0.201377304
0.245314852
0.269092183
0.212773311
0.209556201
0.287832662
0.189578769
0.252049155
0.205346012
0.184340127
0.206690417
0.286230163
0.1706727
0.201369325
0.256949844
0.196013905
0.272736224
0.25895859
0.204474945
0.226583495
0.306882162
0.267065115
0.255688646
0.283678161
0.265460657
0.315400728
0.241087896
0.257444018
0.296035602
0.205051885
0.210239329
0.217650008
0.276610685
0.244092588
0.259062463
0.240855735
0.269015041
0.222146739
0.189005501
0.255880213
0.333344046
0.377270247
0.253259375
0.271832442
0.235154127
0.250892943
0.128951881
0.225045497
0.268923902
0.278090348
0.224984628
0.202990113
0.189745428
0.197512111
0.299594953
0.239243062
0.206656676
0.225245508
0.27161115
0.238077779
0.278090348
0.25804581
0.243163605
0.250933729
0.150563102
0.170690095
0.247628189
0.258074731
0.222651296
0.214992221
0.241182475
0.224610101
0.201810501
0.18471033
0.279914427
0.217288126
0.258265399
0.266928424
0.223021522
0.189702048
0.120068867
0.20781899
0.292251558
0.22615886
0.269517709
0.229863229
0.2779811
0.156921718
0.226813893
0.188154861
0.265447928
0.20572158
0.208807563
0.200967999
0.17584307
0.19303254
0.248169907
0.285516235
0.542607429
0.219917738
0.23717316
0.225985951
0.199418291
0.137907816
0.270192844
0.271510424
0.230114658
0.263889597
0.214662971
0.192582318
0.225950518
0.167666939
0.192350916
0.204570405
0.199800454
0.188939732
0.155085401
0.285615079
0.175445201
0.231059831
0.196260476
0.218474857
0.228993546
0.274942542
0.236069506
0.234196391
0.169119602
0.237526199
0.2198778
0.197977182
0.210462053
0.194167623
0.253815472
0.222331026
0.203195685
0.218847043
0.26374783
0.175506953
0.204108015
0.294001188
0.197148752
0.263148326
0.231348566
0.185522682
0.185277715
0.240042158
0.238805721
0.166789227
0.318360161
0.211156857
0.218927874
0.281591482
0.250716528
0.172946584
0.276922381
0.292941046
0.205081273
0.284751628
0.179455654
0.264725902
0.281795511
0.218639828
0.189501194
0.220649534
0.266648074
0.232091605
0.159712119
0.227918679
0.305276518
0.20098706
0.232168393
0.265070369
0.263315403
0.364711326
0.231358857
0.259028454
0.236527693
0.215493806
0.242046463
0.28878684
0.262902141
0.24289662
0.200274059
0.271493213
0.215302065
0.204677014
0.268705414
0.285705258
0.358873697
0.254942339
0.1791856
0.311620469
0.198587735
0.269342615
0.220574705
0.230968487
0.260409114
0.284128471
0.163731099
0.250006237
0.26074092
0.23576788
0.260209719
0.127665665
0.395423817
0.236573368
0.244436146
0.331306879
0.233932308
0.2517092
0.282877387
0.275729125
0.33417905
0.26548585
0.113906297
0.267338231
0.328245185
0.197430726
0.157950325
0.286497537
0.187077137
0.18179964
0.302340453
0.21046244
0.17813253
0.206032119
0.171488155
0.205841112
0.23349177
0.258191247
0.246985299
0.243821451
0.234680442
0.330464115
0.219638289
0.186931871
0.236980367
0.238497199
0.24574006
0.209245419
0.209972828
0.200943642
0.207729102
0.2779811
0.229071249
0.160177217
0.236906575
0.194766502
0.238812571
0.18982716
0.201528511
0.297178683
0.254237288
0.217523803
0.284711265
0.203689562
0.226661243
0.204688365
0.197758595
0.270311912
0.249325686
0.231254019
0.273275403
0.253926343
0.296116994
0.168923947
0.239171413
0.234057925
0.223028997
0.17576282
0.389561058
0.221029457
0.210892262
0.232436264
0.247558444
0.300295334
0.179769142
0.245290112
0.302853161
0.252195131
0.074677498
0.250838583
0.2046875
0.187301213
0.127900681
0.452180028
0.240390898
0.294736359
0.182355853
0.268014002
0.22761474
0.293262628
0.183852741
0.223266621
0.249836167
0.19852853
0.228307381
0.232199644
0.265385402
0.229644008
0.200461092
0.263089406
0.243387409
0.122267485
0.181321637
0.252680344
0.300701754
0.207121527
0.126579867
0.202332255
0.409986413
0.114728165
0.255354871
0.205705618
0.280202421
0.21633769
0.063777064
0.238447039
0.126360754
0.284483947
0.221505942
0.192651673
0.145046314
0.252229543
0.283903167
0.469695225
0.283389738
0.186890455
0.163351696
0.287988382
0.233646006
0.250090486
0.277393564
0.172551669
0.280710897
0.218129934
0.167184361
0.250771217
0.2412195
0.225043586
0.221758102
0.217688318
0.146968044
0.219808695
0.179114318
0.282756802
0.166124257
0.249215006
0.187883527
0.233423246
0.209501724
0.25025238
0.181755071
0.255641714
0.22155454
0.17938553
0.217614096
0.27891247
0.242110941
0.221208389
0.237274729
0.305908411
0.273879042
0.193528528
0.304123437
0.213601861
0.232219008
0.210339615
0.200059001
0.3806933
0.207891443
0.215334631
0.200666448
0.225488009
0.228423654
0.279975515
0.245549121
0.254066986
0.249882385
0.1432398
0.192618313
0.186890387
0.24428426
0.18805152
0.292747642
0.142291877
0.227748607
0.243256384
0.288832598
0.138052643
0.272465796
0.219088631
0.230862416
0.39938713
0.358460487
0.268491088
0.127617659
0.265393079
0.350637383
0.348888481
0.342943671
0.137870426
0.298921224
0.248389051
0.298922469
0.188989569
0.29378145
0.283957563
0.229685433
0.203478813
0.185870979
0.198976975
0.24158929
0.261906546
0.209064679
0.209892511
0.176943521
0.251864701
0.266533701
0.160986768
0.230283597
0.209183972
0.276287038
0.181556336
0.181828278
0.208466428
0.248129074
0.204392958
0.200610906
0.253936029
0.237229286
0.316483516
0.191574146
0.365537849
0.268145355
0.234886588
0.207677617
0.250968034
0.37306031
0.348885898
0.297223734
0.227487136
0.210819628
0.212200275
0.208990231
0.186005302
0.188249729
0.185949353
0.300383792
0.187971058
0.240411718
0.217919666
0.274017925
0.187235791
0.239493268
0.277518036
0.265149746
0.253235682
0.206229069
0.299537338
0.201749833
0.255947216
0.193711598
0.098176082
0.21152951
0.163673628
0.262901224
0.215372971
0.113762338
0.265530398
0.243791475
0.249460154
0.165454468
0.2064228
0.172452934
0.209552271
0.243061866
0.233704111
0.264930371
0.301661186
0.24699538
0.247899379
0.191629777
0.233562518
0.201155325
0.193902311
0.245422223
0.204687051
0.213501926
0.229615656
0.087981315
0.320029564
0.279282686
0.203528546
0.197621777
0.224267782
0.2711712
0.175792857
0.302314368
0.224452478
0.247124947
0.231222849
0.307522282
0.250011066
0.201554964
0.262332093
0.139139116
0.265304936
0.164970379
0.219710272
0.137541025
0.165830261
0.220911562
0.225308642
0.332586393
0.249158324
0.19615003
0.215818151
0.192157062
0.220537284
0.212781298
0.189340979
0.325519659
0.309030655
0.233220499
0.2678973
0.188076379
0.262210155
0.192495036
0.364789529
0.250922556
0.240889595
0.184672546
0.183919787
0.178505784
0.19084684
0.244755245
0.180237374
0.17944764
0.207283915
0.194449305
0.289755374
0.216290054
0.291069182
0.213970106
0.245431608
0.239230865
0.203167985
0.211603505
0.231040237
0.244325388
0.375323944
0.201148892
0.259477324
0.261083369
0.170238437
0.304595405
0.269527267
0.257891921
0.385667474
0.154955401
0.215412556
0.317197121
0.183529979
0.324532634
0.242136599
0.203930404
0.273082541
0.258533288
0.290070097
0.275901171
0.268080543
0.166695257
0.269962371
0.207132725
0.189021007
0.225012333
0.133153321
0.18110778
0.216385063
0.283082993
0.225026269
0.269665644
0.214021629
0.263606587
0.188426222
0.196913634
0.231101048
0.255698081
0.232535556
0.217850851
0.299824477
0.279979856
0.271531846
0.196383433
0.26109296
0.204868054
0.289212964
0.29618796
0.214465287
0.174609896
0.183876332
0.241584989
0.251479876
0.213068108
0.265221018
0.276139944
0.246345708
0.230198594
0.19212242
0.206144125
0.197798165
0.286714749
0.240983631
0.248873596
0.304229246
0.148822786
0.158919979
0.174150813
0.161690821
0.250096396
0.215011722
0.245179532
0.230262963
0.253227896
0.20010694
0.278090348
0.15519193
0.266832768
0.284902969
0.252007013
0.211554998
0.191674048
0.08585431
0.250904994
0.170767488
0.153441833
0.439607843
0.203396446
0.190809411
0.246289899
0.180710758
0.17608672
0.256436463
0.26802435
0.182168834
0.200929515
0.220008911
0.226378933
0.198535329
0.228159895
0.203802021
0.207890573
0.243429519
0.255032341
0.203297167
0.151105325
0.284221758
0.242164682
0.170748955
0.12286559
0.211387548
0.245203675
0.196764868
0.18725736
0.227563093
0.262660329
0.175467798
0.191779222
0.214679782
0.230634743
0.225538834
0.161715875
0.263675253
0.164771521
0.199205843
0.211867165
0.311172447
0.288093457
0.303885911
0.216407895
0.231967341
0.30110594
0.26549452
0.207216537
0.170218532
0.208769548
0.204047564
0.237756485
0.15470292
0.352549068
0.232311229
0.156905341
0.1703167
0.266098977
0.16250312
0.217728445
0.252158721
0.241217134
0.257354744
0.265787744
0.183458936
0.261368722
0.193097365
0.288415356
0.233605387
0.183361757
0.229904692
0.205651927
0.224372885
0.259234208
0.264821129
0.242694677
0.222721204
0.247082944
0.272427682
0.264266082
0.2196125
0.251853736
0.259647629
0.216543587
0.219032352
0.172116435
0.229502092
0.248663371
0.118320611
0.230824344
0.208191695
0.132734374
0.234862892
0.275833426
0.257490563
0.260305264
0.199847269
0.268334166
0.23072745
0.163751019
0.267252975
0.308245423
0.215243152
0.193775797
0.270196305
0.210946188
0.228661248
0.188978186
0.075224189
0.246462311
0.265616513
0.244341016
0.21245692
0.282685569
0.289620085
0.280664576
0.258248691
0.180344551
0.185388824
0.262492593
0.18472225
0.270922342
0.217737461
0.246479308
0.50193715
0.258278641
0.314173939
0.260723355
0.200406365
0.245046879
0.246285869
0.324199364
0.222374982
0.237400016
0.230118443
0.257967557
0.213078821
0.30824963
0.169010545
0.206099859
0.212439209
0.372524327
0.192369877
0.311056967
0.392444911
0.243213703
0.221435767
0.188573754
0.303579037
0.274363204
0.19728051
0.260597601
0.259462759
0.167869041
0.180092562
0.204850654
0.228424492
0.118931536
0.362686278
0.193668768
0.152565708
0.233569582
0.192260922
0.266879374
0.295061986
0.214574774
0.238824288
0.228306257
0.187884066
0.20732214
0.235688535
0.247150765
0.16682847
0.270931094
0.403020293
0.220078834
0.219668106
0.193419524
0.23616823
0.227232336
0.272493154
0.206694845
0.164015858
0.249343273
0.22765676
0.208266109
0.338888372
0.244974896
0.209265953
0.381621256
0.199599107
0.244848365
0.215339711
0.192347239
0.240888111
0.213779358
0.196145392
0.192502005
0.175502107
0.164804673
0.246772896
0.290310275
0.151809929
0.200736224
0.237356249
0.265493771
0.265935112
0.276896942
0.250255042
0.176079937
0.254849019
0.216507771
0.207975887
0.203452242
0.258825363
0.239219468
0.320163776
0.28123471
0.159103896
0.284852291
0.193783222
0.279665461
0.183527407
0.204924332
0.205046664
0.220505627
0.317428529
0.169127978
0.179678443
0.222420586
0.219629971
0.254866431
0.243371454
0.21611354
0.217256392
0.25531976
0.184622573
0.251771398
0.279578942
0.334542548
0.179027321
0.199964482
0.251655137
0.302019337
0.177589044
0.161819394
0.273807086
0.192738704
0.254622293
0.24387501
0.27593868
0.192333592
0.236897568
0.469839513
0.17980452
0.155715664
0.209454447
0.211330414
0.22566258
0.228303552
0.217112226
0.195479051
0.258145775
0.288402999
0.183069343
0.184415087
0.237417387
0.24955009
0.252023647
0.255552055
0.189854613
0.196871487
0.250292876
0.135209524
0.179313115
0.207847794
0.210362351
0.2403513
0.27008467
0.200873687
0.24789162
0.188092182
0.224802294
0.214766219
0.202943936
0.287428542
0.261706991
0.284960824
0.255169996
0.275309037
0.231745423
0.254820727
0.287197232
0.343249428
0.209761036
0.159957662
0.169237292
0.254982387
0.169007494
0.25522591
0.264652446
0.277658815
0.175245819
0.140265811
0.215047871
0.257234309
0.259572352
0.202588902
0.145412897
0.161925844
0.176666555
0.268521914
0.307571309
0.244372452
0.217093599
0.177398203
0.262230896
0.223422987
0.25615275
0.135131955
0.202022928
0.195907522
0.221116837
0.23781828
0.190799779
0.224168246
0.178953438
0.206793802
0.234810627
0.305301153
0.224720893
0.329013409
0.371808258
0.361592027
0.221889821
0.230496454
0.224801912
0.181235436
0.332052133
0.187823667
0.238175069
0.260915982
0.272251309
0.237155125
0.197153458
0.282835679
0.226664396
0.220215688
0.278144972
0.240104589
0.245530932
0.257724657
0.173100615
0.203589355
0.219627891
0.211078645
0.16094523
0.257515128
0.172135162
0.308370849
0.180279866
0.273617407
0.176758462
0.163103715
0.147085916
0.223125145
0.236838868
0.28967462
0.226706368
0.303815714
0.245615923
0.236150208
0.216129666
0.2817744
0.189957849
0.271472853
0.189800058
0.358977286
0.461371841
0.229962858
0.133461547
0.258292326
0.33272298
0.16327479
0.260778548
0.134927243
0.270788695
0.218096448
0.231780268
0.208110699
0.288776027
0.203752817
0.238780245
0.19604439
0.33082889
0.272561863
0.245276619
0.275054074
0.269410909
0.2440291
0.261851866
0.270030949
0.211004824
0.218528198
0.204210526
0.177431907
0.290011715
0.237322744
0.228410977
0.27168188
0.179117253
0.260389049
0.184729775
0.252054709
0.221104641
0.220802361
0.188406314
0.230519869
0.182351976
0.237336795
0.199445666
0.289116246
0.311193019
0.206680742
0.203236747
0.166106587
0.297847466
0.297357992
0.191062213
0.31530918
0.248593037
0.264287549
0.239669217
0.259719505
0.212207916
0.254933146
0.261149701
0.286852992
0.207719643
0.30748061
0.278944968
0.212566619
0.359958303
0.238412057
0.516976999
0.31325
0.271268012
0.22415849
0.184576875
0.245645124
0.27088982
0.260964593
0.266188486
0.190077747
0.230954814
0.172341936
0.287042757
0.140470342
0.205388932
0.216255268
0.287303516
0.251377316
0.215316886
0.163164615
0.229153049
0.265494476
0.179464164
0.203756306
0.273029698
0.241266024
0.307997635
0.18691534
0.221660671
0.170062413
0.177277566
0.247843309
0.253232243
0.194530114
0.180379035
0.165990981
0.258925873
0.229137778
0.223187701
0.324273377
0.257151619
0.207574097
0.298469012
0.189722577
0.186350691
0.166314085
0.257516134
0.163474354
0.207235743
0.150558208
0.221553719
0.233709292
0.334386054
0.216262212
0.269861875
0.181860643
0.220034367
0.25450037
0.177691751
0.243830244
0.243570282
0.24344906
0.213235294
0.261533561
0.262648628
0.219237297
0.214027337
0.199110566
0.124455901
0.233170818
0.20480325
0.17776539
0.216495612
0.211362509
0.208939691
0.303687983
0.237987536
0.241372224
0.215585548
0.22620257
0.237525849
0.19250195
0.33056664
0.243233429
0.272011869
0.152167333
0.248930017
0.235749862
0.198268305
0.321049909
0.281443155
0.267326511
0.197697866
0.232573497
0.225223535
0.21093868
0.206389976
0.208368915
0.24065572
0.216771043
0.197848883
0.220667736
0.385884022
0.199232113
0.178067588
0.412019379
0.204203205
0.239336355
0.231243628
0.203655647
0.238132954
0.250654088
0.23465704
0.248153506
0.270911935
0.234317163
0.258451889
0.194775504
0.176878202
0.214340053
0.212105505
0.169837609
0.31334077
0.234846441
0.197557586
0.191035219
0.175255204
0.229443814
0.251513566
0.220529971
0.099906608
0.172090517
0.23030817
0.245476434
0.242020344
0.168184156
0.332744613
0.27027027
0.130374027
0.168213734
0.227452021
0.228870158
0.197088881
0.251866187
0.300054034
0.283212118
0.25924833
0.258415242
0.189684798
0.223390072
0.24049764
0.212339785
0.302252638
0.217227751
0.163550845
0.225333653
0.248255159
0.280956652
0.235266609
0.166328035
0.201953145
0.268580645
0.172043011
0.349580018
0.206081298
0.27244906
0.246102751
0.248653202
0.246642201
0.281545042
0.263779438
0.219720718
0.248685153
0.190500675
0.226924627
0.243077445
0.223317786
0.207610967
0.138483151
0.269543337
0.275316067
0.136443857
0.28704522
0.238658509
0.270779055
0.200138729
0.230241249
0.102268698
0.178730222
0.190726826
0.206515321
0.265281542
0.241459512
0.272255082
0.177871161
0.234714566
0.247968998
0.252013349
0.297129832
0.167384934
0.157522124
0.335822991
0.270594548
0.268271086
0.167112808
0.251429049
0.361637081
0.244292947
0.193183322
0.100319172
0.188999096
0.213114754
0.141289794
0.249009463
0.136040368
0.24955268
0.236889388
0.242579508
0.268445367
0.1624707
0.323950997
0.232541824
0.23568643
0.31415012
0.205386864
0.267520398
0.268351977
0.257502008
0.161456783
0.215051173
0.279028154
0.290318958
0.204865577
0.449098135
0.196843977
0.19673235
0.170262213
0.190073294
0.267428333
0.498123324
0.262207792
0.293320187
0.216100767
0.278144972
0.313411669
0.25523911
0.257095487
0.183574432
0.219377631
0.266599094
0.17402052
0.132390474
0.223415633
0.197000624
0.166676205
0.261379812
0.274749248
0.203752588
0.208568858
0.280438506
0.199207332
0.224040157
0.201586168
0.218046081
0.296084076
0.218125898
0.207112244
0.163199952
0.233355006
0.198215955
0.285430778
0.21244769
0.466610668
0.270782609
0.259060206
0.16987379
0.255519941
0.208129389
0.293747102
0.219484092
0.305117314
0.202014422
0.414359862
0.281549849
0.224559186
0.106308074
0.218816555
0.255858972
0.159007094
0.184563632
0.193687967
0.243008364
0.243277335
0.216549633
0.230945588
0.207213766
0.159507494
0.239733998
0.213980951
0.137942086
0.348094685
0.186943692
0.226805353
0.25661865
0.195333316
0.283378112
0.282908273
0.393159108
0.286750051
0.235283191
0.210384953
0.274718724
0.32191828
0.217292951
0.212955567
0.265306122
0.219034411
0.257996044
0.197205003
0.197010844
0.194544222
0.200271042
0.242806152
0.286228515
0.222886469
0.201417221
0.27135521
0.23915732
0.210641144
0.248568295
0.247069315
0.253005097
0.173314188
0.176034203
0.215140591
0.206911941
0.187394544
0.187277243
0.244401296
0.249807351
0.205806071
0.252321839
0.191312355
0.240675959
0.29941946
0.466850829
0.253716006
0.323249855
0.195279647
0.307074742
0.265763455
0.220283637
0.170649554
0.260760805
0.258645481
0.218692902
0.289113096
0.188420782
0.328542345
0.268569738
0.181941524
0.185010247
0.218666432
0.231416392
0.198487228
0.263448917
0.20674567
0.267887498
0.219875703
0.23635329
0.274086822
0.178502986
0.186405357
0.232015465
0.321519465
0.270091775
0.223763214
0.179187763
0.249288142
0.204604765
0.14386194
0.175541062
0.217700896
0.234251882
0.274479466
0.192046392
0.218680963
0.191041605
0.281339031
0.23410916
0.271193585
0.246143295
0.248796278
0.209924413
0.234032963
0.19968484
0.096583819
0.218711028
0.221031005
0.172617573
0.258934686
0.294567634
0.266838788
0.249788646
0.263819606
0.205410175
0.229039697
0.225153427
0.246469189
0.266877462
0.268840209
0.20548222
0.285545496
0.286835635
0.182105787
0.263832868
0.204503029
0.233631168
0.337929306
0.239352251
0.178490359
0.229238693
0.273700974
0.242121958
0.237188809
0.239833378
0.206155511
0.251526538
0.229861228
0.227076562
0.244466468
0.271392456
0.276671951
0.155532531
0.268653778
0.227656498
0.241273752
0.193476071
0.258522609
0.272405433
0.212085507
0.206772731
0.168076167
0.226311805
0.277711439
0.222483864
0.310196185
0.209781807
0.215615601
0.221369787
0.182948847
0.167883937
0.262359176
0.190837392
0.219230605
0.222058603
0.230823068
0.223293283
0.217808329
0.213733803
0.22764196
0.223244335
0.218960938
0.232461182
0.188735955
0.293322769
0.266029527
0.222367149
0.295935961
0.180743946
0.208809773
0.230501017
0.232428254
0.235233744
0.105259774
0.337589687
0.202551416
0.230989226
0.216737257
0.190578862
0.120224265
0.230714724
0.205571898
0.193410503
0.229643059
0.260680357
0.444709626
0.26305022
0.089318862
0.209709031
0.094230992
0.262206228
0.215711195
0.265196771
0.22998518
0.126793795
0.235399019
0.307692308
0.198840696
0.24770941
0.240035648
0.166964894
0.195127263
0.210410718
0.213407438
0.261573291
0.293061441
0.333531439
0.282452925
0.672413793
0.227111176
0.247276005
0.215319761
0.252104536
0.171384593
0.317977056
0.206163254
0.215527598
0.230797506
0.187452104
0.270181938
0.19183735
0.184494686
0.234657119
0.260713491
0.242015569
0.199608875
0.207952652
0.234606754
0.208760619
0.208579035
0.247182188
0.178950993
0.213715013
0.246742725
0.206710446
0.194371336
0.204147406
0.227758373
0.186550047
0.330568038
0.201410677
0.206405078
0.203539509
0.223726694
0.240399909
0.258579955
0.274554766
0.262651791
0.225324526
0.24538393
0.102642343
0.250359991
0.237831444
0.17089902
0.27525796
0.169454115
0.25436825
0.252916374
0.214022684
0.214578792
0.178467139
0.226120629
0.257091354
0.216415782
0.207358573
0.230126349
0.255695538
0.237598642
0.289929928
0.231923496
0.187672187
0.286660102
0.223237425
0.23650298
0.239561324
0.481547354
0.191786132
0.232924127
0.184894216
0.216694192
0.223134293
0.198802
0.247641113
0.184018765
0.15550667
0.40625199
0.210948424
0.249973811
0.186567701
0.206991041
0.181203768
0.235416117
0.26135179
0.249465454
0.218999977
0.232327808
0.194851489
0.168101571
0.268463219
0.444132873
0.279190831
0.317925072
0.278512979
0.17187173
0.251522343
0.339692308
0.250808047
0.186946242
0.285926586
0.171159268
0.297782179
0.365100998
0.219912473
0.242564
0.149569106
0.188147561
0.169691406
0.229011395
0.221710679
0.210244596
0.239027873
0.211350011
0.121393761
0.187483516
0.189118101
0.219783007
0.227423016
0.162119041
0.268515088
0.350425447
0.303712383
0.23740696
0.189825272
0.217331253
0.254479838
0.181395581
0.288649593
0.260884248
0.251738677
0.305363052
0.243761264
0.204841421
0.253072637
0.142877549
0.261084815
0.209988026
0.249328427
0.26199609
0.264405089
0.270403791
0.156365378
0.219739437
0.183492457
0.311833623
0.210882839
0.311152116
0.332275132
0.211143092
0.295664708
0.316981885
0.255319149
0.168858925
0.225202469
0.183071178
0.225601453
0.187776958
0.216560344
0.196686989
0.19035516
0.236730317
0.224801158
0.255809323
0.227591608
0.26762024
0.23218025
0.18331318
0.211252118
0.183154667
0.309386313
0.182172738
0.25837037
0.276395799
0.165411933
0.237966614
0.19364049
0.142239384
0.194922073
0.262189055
0.231365776
0.238614733
0.336627955
0.257556042
0.133384782
0.135828769
0.190933475
0.214964574
0.244795257
0.335034014
0.245486912
0.231999079
0.217515303
0.280164601
0.245163887
0.281905773
0.21766094
0.291601245
0.209008625
0.294638748
0.139757933
0.275389092
0.235322559
0.28379883
0.250090531
0.28867865
0.219212418
0.209820772
0.244122697
0.186198181
0.230860282
0.335903952
0.161792369
0.231200898
0.11848131
0.260222841
0.299070061
0.178428839
0.226426635
0.262696818
0.25618377
0.404954368
0.19413772
0.308361148
0.234666441
0.162349958
0.307617115
0.196011751
0.177242926
0.248913165
0.235443463
0.20706907
0.174792276
0.263231834
0.310853705
0.268337947
0.204692854
0.261131412
0.219879343
0.24426318
0.223084601
0.311322937
0.259571002
0.1884698
0.198431419
0.207518031
0.152815049
0.26368747
0.274996427
0.201203484
0.226744529
0.25053642
0.246266294
0.208103892
0.234599636
0.248865803
0.189841365
0.241950056
0.295645417
0.195204881
0.215407155
0.218214842
0.201798581
0.245924238
0.295385573
0.272952302
0.273422679
0.23735007
0.210422149
0.125933242
0.257106744
0.217263447
0.287260798
0.214104105
0.219509724
0.251679343
0.245017268
0.220319137
0.282680878
0.273839983
0.397356143
0.175282212
0.235315943
0.278840968
0.099456653
0.208305726
0.186997751
0.238200999
0.249444235
0.249606318
0.194063868
0.303944389
0.199377365
0.198737294
0.176692517
0.239849657
0.413817664
0.189555924
0.323428257
0.260905269
0.193022833
0.218027285
0.218001107
0.203750592
0.27107067
0.175769878
0.208731351
0.225702081
0.233017207
0.270278764
0.127284959
0.239280577
0.229625166
0.198336596
0.220419958
0.214197491
0.257817095
0.215804516
0.235852389
0.290502868
0.254594889
0.223599903
0.252842782
0.177993722
0.275564605
0.171321692
0.206847917
0.204945217
0.229476248
0.245499087
0.203414003
0.287208322
0.299944313
0.215516085
0.251440225
0.616929699
0.283572299
0.226663236
0.182449977
0.177378489
0.205672214
0.296496889
0.266593344
0.1174933
0.264037646
0.366396047
0.177274589
0.298788644
0.235787016
0.160904541
0.237661314
0.157203483
0.173308655
0.192351673
0.194940957
0.272722618
0.22959075
0.287955331
0.172909901
0.19049041
0.265081126
0.255413778
0.138495684
0.300859039
0.171118989
0.248176388
0.327514929
0.227888015
0.290635126
0.195646336
0.185020861
0.218455069
0.326755931
0.238338168
0.234332752
0.269103272
0.315130322
0.144405441
0.278939442
0.230977505
0.299438899
0.207967907
0.223952384
0.167258432
0.249978425
0.247698903
0.183343283
0.203874637
0.210538063
0.257184116
0.256864844
0.263817865
0.263422561
0.227177524
0.221353989
0.215298992
0.189303219
0.263836761
0.264696599
0.260652634
0.269636484
0.253937904
0.299462503
0.206957007
0.323236663
0.231619346
0.224425134
0.161210631
0.11027843
0.228877395
0.199662872
0.268059137
0.183213696
0.236683034
0.228798727
0.270622204
0.239779044
0.18175855
0.215596978
0.344820555
0.208818444
0.234365023
0.240842251
0.186110596
0.239883999
0.273789083
0.474533107
0.162837672
0.22550678
0.188182817
0.225035117
0.163117544
0.208271132
0.289994687
0.220419523
0.161936506
0.245246438
0.203046196
0.448371724
0.211553671
0.433809524
0.208784172
0.265239562
0.226383501
0.222225223
0.201479872
0.195987774
0.166274403
0.328544192
0.325676579
0.244809487
0.259574083
0.216440666
0.254830267
0.185816755
0.310030054
0.161337324
0.203931095
0.247091553
0.255992873
0.198530933
0.279114151
0.179368186
0.25631459
0.187107465
0.225982574
0.146378057
0.259924584
0.208828796
0.241750645
0.244432605
0.260216196
0.232666016
0.197340398
0.262392012
0.229788945
0.299870617
0.295531288
0.230700774
0.220805025
0.227349686
0.20162219
0.281738028
0.225932854
0.200542153
0.235305175
0.204575799
0.23791251
0.179329816
0.136350302
0.272687959
0.244229867
0.28073729
0.208092805
0.278402759
0.284762309
0.212777275
0.239286627
0.230061292
0.243601435
0.240870992
0.204819277
0.270974143
0.250938008
0.232302206
0.280194244
0.225879884
0.196625641
0.234931219
0.254238663
0.265040257
0.172109776
0.291466397
0.244699224
0.237773792
0.245331701
0.219320255
0.241751894
0.242051882
0.272237922
0.213961109
0.270784512
0.313979058
0.246712314
0.257160225
0.219026896
0.168918115
0.324963504
0.211638819
0.228403841
0.255110122
0.27120085
0.237900861
0.277674734
0.167332677
0.196364489
0.232122136
0.225890032
0.27490566
0.220534565
0.458153242
0.233333333
0.20355929
0.264075871
0.307121427
0.395257591
0.208087569
0.250990393
0.215435514
0.186358681
0.203328539
0.188875044
0.21933121
0.197142957
0.200558363
0.282314538
0.156249482
0.254035522
0.196555218
0.173460441
0.190457671
0.24537876
0.212488202
0.20234049
0.203461398
0.218258945
0.19592526
0.232940133
0.206036561
0.236593216
0.209882003
0.179151371
0.184668285
0.219746121
0.172374014
0.109499601
0.209963795
0.313668248
0.156554263
0.25682989
0.195888013
0.289589927
0.25486254
0.187946351
0.255773797
0.286503226
0.242681775
0.212205025
0.279716719
0.278393667
0.167068273
0.220407669
0.251128897
0.247638228
0.235482747
0.210041946
0.222760617
0.242031321
0.234246096
0.186789401
0.200048003
0.241643369
0.325744308
0.269490223
0.259098831
0.289289925
0.177611166
0.112637517
0.170909363
0.273612463
0.210871804
0.184660986
0.256668556
0.21801442
0.24838757
0.256069714
0.137454144
