image_ratio
0.003883495
0.088652482
0.120535714
0.035343035
0.050473186
0.038636364
0.311377246
0.025830258
1.136645963
0.20626151
0.511363636
0.06097561
0.08411215
-1
0.036423841
0.075630252
0.276315789
0.275862069
0.091549296
0.053254438
0.693181818
0.863636364
0.062962963
0.008274232
-1
0.085106383
0.004608295
0.004006869
0.166666667
1.18487395
0.230769231
0.087824351
0.110275689
3.625
0.270072993
0.005976096
0.054187192
0.183206107
0.175824176
0.01849711
0.012345679
0.100409836
0.413533835
0.314814815
1.112
0.918918919
0.013355593
5.25
0.014787431
0.03379224
0.009146341
0.381443299
0.202380952
0.030405405
0.011725293
-1
0.038580247
0.008684864
1.111111111
0.611111111
0.051482059
1.223214286
0.031100478
0.018788163
0.368421053
0.466666667
0.431818182
0.271084337
0.478494624
0.631313131
0.059485531
0.094720497
0.221052632
-1
0.045989305
0.017725258
0.03030303
0.140625
-1
0.215277778
0.121621622
0.17794971
2.16
0.065454545
0.675675676
0.985915493
0.384180791
0.020742358
0.151515152
0.008805031
-1
0.074162679
0
1.125
0.03196347
0.666666667
0.033591731
-1
0.295774648
0.780748663
0.86407767
0.029411765
0.065420561
0.048268625
0.020920502
0.040650407
0.44047619
0.186363636
0.055045872
0.052380952
0.011583012
0.068559186
0.196296296
0.041479821
0.666666667
0.231818182
0.03822314
0.457142857
0.0703125
0.024527543
0.263157895
1.652173913
0.007772021
0.00655308
0.213541667
0.104265403
0.075630252
0.162371134
0.819444444
0.026060606
0.070853462
0.078512397
0.573099415
0.08353222
0.010165864
0.107890499
0.018348624
0.5
0.225490196
0.01236476
0.022196262
0.100984168
0.139097744
-1
0.013888889
0.041666667
0.088028169
0.017647059
0.047085202
0.04148784
0.028744327
0.106911447
0.020378457
0.014705882
-1
0.031496063
-1
-1
0.06020558
0.357798165
0.293103448
0.087774295
0.34375
0.021493213
0.035460993
0.046082949
0.063768116
0.014084507
0.053571429
-1
0.064516129
0.724137931
0.005915863
0.02728513
0.226086957
-1
0.419398907
0.074380165
0.403508772
0.031779661
0.008333333
0.233766234
0.054054054
0.838461538
0.08
0.744680851
0.011494253
0.008973081
0.052845528
0.207692308
0.06
0.148255814
0.081232493
0.034552846
0.007518797
0.085769981
0.155339806
0.527950311
0.718309859
0.293650794
-1
-1
0.733333333
0.442764579
0.149090909
0.054054054
0.288135593
0.257894737
1
0.01953125
0.144385027
0.019444444
4.095238095
0.121126761
1.880952381
0.04915912
0.04315197
4.785714286
2.1
-1
0.201058201
0.103009259
0.020618557
0.020661157
0.065546218
2.155555556
0.278350515
0.039767216
0.091891892
0.082758621
0.051829268
-1
0.793103448
0.060225847
0.087053571
0.169191919
0.75
0.724137931
0.057734205
-1
0.162790698
0.012465374
0.724137931
0.040697674
0.146341463
0.013307985
0.822580645
0.025862069
0.363636364
0.387323944
0.11409396
3.75
0.234042553
0.054421769
-1
-1
0.113924051
0.026022305
0.171597633
-1
0.005763689
0.23030303
0.328767123
0.254545455
3.818181818
0.20242915
0.002267574
0.289036545
0.024590164
0.438356164
0.024408284
0.009111617
-1
0.132231405
0.11627907
0.024032043
0.052208835
0.28057554
0.044689119
0.105960265
0.569306931
3.5
0.05027933
0.176470588
0.147239264
0.015317287
0.078947368
0.080952381
0.75
0.056790123
0.005772006
0.124401914
0.640625
0.21875
0.083333333
0.013368984
0.316602317
0.215277778
0.082352941
0.125482625
0.384615385
0.037996546
0.028328612
0.161137441
-1
0.072039943
0.18018018
0.473684211
0.057921635
0.039370079
0.032258065
0.100917431
0.143564356
0.291139241
0.467625899
0.041580042
0.04400978
0.163551402
0.037634409
0.639534884
0.282700422
-1
0.095378564
0.059701493
0.174647887
-1
0.275720165
0.435714286
0.112149533
0.093023256
0.097345133
0.265625
0.112956811
0.576271186
0.088145897
0.012048193
0.338235294
0.096174863
0.264534884
0
0.333333333
0.018518519
0.014783527
0.542222222
0.062111801
0.058968059
14.66666667
1.4
0.001082251
0.014121801
0.089473684
0.290909091
0.069008783
0.547581903
0.023026316
0.160220994
0.012121212
0.521327014
0.077464789
0.025096525
0.045078197
0.084337349
0.048596565
0.076502732
0.176895307
0.070175439
0.101549053
0.002403846
0.13877551
0.074829932
0.223175966
0.051459293
0.321799308
-1
0.396226415
0.171641791
0.072625698
0.077788191
2.416666667
0.049284579
0.224358974
0.146401985
0.019155941
-1
0.465408805
0.13877551
0.189542484
0.00660793
0.035897436
0.155709343
0.051413882
0.265625
0.125
0.455782313
-1
0.356275304
-1
0.192090395
0.235294118
0.414285714
0.09486166
0.130662021
-1
0.038104089
0.140625
0.06097561
0.189814815
0.009803922
-1
0.078947368
0.083503055
-1
0.042234332
3.429824561
0.064
0.04047619
0.076923077
0.085616438
0.373015873
0.084942085
0.060240964
0.201680672
0.094637224
0.013392857
0.042553191
1.617021277
0.736842105
0.115288221
0.040685225
0.158730159
0.204833142
2.289473684
0.094993582
1.25
0.026190476
0.046931408
0
0.147727273
-1
0.042674253
0.210365854
0.023255814
0.038772213
0.059405941
0.11011236
0.049907579
0.19047619
0.327272727
0.055970149
0.051606621
0.201388889
0.005474453
0.060642814
0.162291169
0
0.122916667
0.073170732
0.029692471
-1
0.163461538
0.251028807
0.769230769
0.030042918
0.316666667
1.642857143
0.073913043
-1
-1
0.457142857
0.057371097
0.056105611
0.124050633
0.04
0.004587156
0.070143885
0.029259897
-1
0.145390071
0.21686747
0.272727273
0.053003534
0.267015707
0.4
0.023550725
-1
0.122727273
0.178362573
0.085365854
0.120141343
0.888888889
0.171232877
0.234113712
0.662790698
0.041818182
0
0.041666667
0.091743119
0.754716981
0.020599251
0.059957173
0.059766764
0.03626943
0.185185185
0.083333333
0.024667932
0.012716763
0.002985817
0.027160494
0.008532423
0.412698413
0.016556291
0.096774194
0.169811321
0.008163265
0.012110727
2.764705882
0.048275862
0.037656904
0.016
0.017910448
0.007123288
-1
0.011350738
1.08988764
0.310344828
0.580645161
0.078014184
0.031021898
0.142156863
0.129589633
0.091407678
-1
0.105105105
3.722222222
-1
0.05
0.154574132
0.057377049
0.452380952
7.157894737
0.044862518
-1
-1
1.083333333
0.238267148
0.040540541
0.098484848
0
0.00877193
0.106666667
0.048780488
0.19
0.163498099
0.228571429
-1
0.002548853
0.271186441
0.177419355
0.016245487
0.051964512
0.037313433
0.425742574
0.064338235
2.315789474
0.279411765
0.173285199
0.709090909
0.461538462
0.016309888
0.02827381
7.052631579
-1
0.466666667
0.056930693
0.013404826
0.277777778
0.973684211
0.875
-1
0.046040516
-1
0.02213667
0.140425532
-1
0.333333333
0.014625229
0.21253406
0.25
0.016317016
0.202531646
0.027173913
0.111111111
-1
0.7
0.054466231
0.154150198
0.036144578
-1
-1
0.307228916
0.044310171
0.179012346
0.045762712
0.017964072
0.059760956
0.035714286
0.021413276
0.068965517
0.080765143
0.135802469
0.262172285
0.015384615
0.048713235
0.112334802
0.025132275
0.032407407
0.06888361
0.544303797
0.457446809
0.091644205
0.133971292
0.043303122
1.604166667
0.00952381
0.260606061
0.112627986
0.013157895
0.009917355
0.153614458
0.020114943
-1
1.255813953
0.08677686
0.210526316
0.024930748
0.228346457
0.011111111
0.17037037
-1
0.021505376
0.26984127
0.048780488
0.372881356
-1
0.116906475
0.114864865
0.635135135
-1
0.060631939
0.06557377
3.8125
0.176470588
0.866197183
0.262825572
0.049469965
0.092436975
0.020463847
0.070866142
0.047957371
0.397435897
0.126537786
0.290909091
0.288888889
0.188432836
6.125
3.583333333
1.148760331
0.090909091
0.054662379
0.018092105
0.218430034
0.103896104
0.03164557
0.247191011
0.177083333
0.003444317
2.266666667
0.133333333
-1
0.096428571
0.790697674
0.005923001
0.008256881
0.009287926
-1
-1
0.921052632
0.272058824
0.081784387
0.674157303
0.070469799
0.080808081
0.75
-1
0.072765073
-1
0.128504673
0.176470588
0.05061082
-1
0.044247788
16.4
0.090243902
0.046118721
0
0.163135593
0.316239316
0.196969697
1.291666667
0.082926829
0.037209302
0.053505535
12.22222222
0.053807107
0.225454545
0.636363636
0.077998924
0.141560799
0.328467153
0.046307885
0.023019272
0.035019455
0.05511811
-1
0.060209424
0.176029963
0.072639225
0.184397163
0.040322581
-1
0.413793103
0.265822785
0.056569343
2.681818182
0.032183908
0.259109312
0.074498567
0.983471074
1.078571429
1.325
0.049107143
0.060913706
0.050420168
0.560509554
0.724137931
0.008639309
0.333333333
0.046464646
0.089171975
0.230529595
0.023762376
-1
0.056105611
0.471830986
1.541666667
-1
0.101694915
0.104761905
2
0.3203125
0.061403509
0.360902256
0.335
0.104513064
-1
0.054208274
0.143638851
0.117021277
0.024169184
0.154929577
0.135135135
0.056666667
0.340277778
0.584745763
0.068548387
0.222222222
0.048984468
0.102040816
0.361769352
0.538461538
0.085333333
0.199701937
0.046747967
0.038735984
0.388185654
-1
0.518248175
0.681818182
0.11637931
0.071212121
0.64556962
0.067375887
0.086142322
3.909090909
0.210526316
0.147169811
0.138418079
0.039164491
0.021052632
0.230769231
2.649122807
0.185365854
0.045801527
0.143769968
-1
0.273333333
4.545454545
1.61707989
0.533333333
0.248062016
0.428571429
0.115789474
1.454545455
0.054474708
0.786407767
0.033927057
0.309148265
0.023679417
0.275917065
1.1
0.310810811
0.003367003
0.487804878
0.222614841
0.325581395
-1
0.6
0.059538275
0.125348189
0.041980624
0.137299771
0.057441253
0.009571559
0.16988417
-1
0.118380062
0.02919708
0.017241379
0.016274864
0.153846154
0.061622465
0.021572721
-1
0.00212766
0.041884817
0.144329897
0.201465201
0.017268446
0.063227953
0.01950078
0.017991004
0.02064632
0.071428571
0
0.053571429
0.866666667
0.120092379
0.341463415
0.013496933
0.183333333
0.705882353
-1
0.015594542
0.106060606
0.294429708
-1
0.177777778
0.183908046
0.056818182
0.021032505
0.405063291
0.018518519
0.061878453
-1
0.109947644
4.090909091
0.230769231
-1
0.082046332
0.070342205
0.051948052
0.037558685
0.31372549
0.082191781
0.22
0.001538462
0.032085561
0.123134328
0.040268456
0.022988506
0.133064516
0.415384615
0.167010309
0.41025641
0.064124783
0.007042254
0.256218905
0.090909091
0.20754717
0.062318841
0.098701299
0.0208901
-1
0.047468354
0.108843537
0.50295858
0.512820513
0.083464567
-1
1.843137255
-1
0.240601504
13.1
0.01189387
0.196721311
0.085526316
0.013297872
0.192883895
2.166666667
0.081967213
0.066957787
0.213270142
0.178640777
0.016627078
0.03255814
0.133333333
0.020962733
0.143478261
0.089353612
2.339285714
0.014098691
0.132768362
0.205479452
-1
-1
0.305882353
0.290076336
0.078212291
0.213836478
0.18
1.111111111
2.2
0.437037037
0.14673913
0.225806452
0.026369168
0.068055556
-1
0.04845815
0.629213483
0.059863946
0.166666667
0.054913295
0.006232295
0.495670996
0.042654028
0.032629559
0.352941176
0.052109181
0.098591549
0.090225564
3.942857143
0.02173913
0.129032258
0.32
0.43622449
0.021013241
-1
0.717647059
25.5
-1
-1
0.114334471
0.888888889
0.24742268
0.087542088
0.178403756
0.017013233
-1
0.177111717
-1
0.094339623
0.05
0.062271062
0.017786561
0.040396341
0.037037037
0.002152853
0.021538462
0.083333333
-1
0.110169492
3.116883117
0.027906977
0.660194175
0.134285714
2.728813559
0.0625
0.203389831
0.199004975
0.046189376
0.212765957
0.251101322
0.0969163
0.031027796
0.052924791
0.013910355
2.181818182
0.11062591
0.036337209
0.112903226
0.118150685
0.259541985
0.0625
0.229090909
0.006426735
0.096878364
0.017402945
0.051948052
0.207792208
0.013468013
0.40625
0.056179775
0.057915058
0.011787819
0.025550661
0.265017668
0.045180723
0.036144578
0.19379845
0.062256809
0.046065259
0.146551724
0.122222222
0.05374078
0.030188679
0.393063584
0.125
0.239130435
0.061594203
-1
0.088607595
0.417266187
0.038461538
0.128888889
-1
0.179487179
0.145969499
0.541284404
0.128099174
-1
-1
0.104956268
0.048109966
0.014050092
0.54601227
0.9
0.041666667
0.015503876
0.290909091
0.081632653
0.021452145
0.378205128
0.166666667
0.04972973
2.721649485
0
0.371882086
0.379888268
0.447368421
0.222222222
0.548611111
-1
0.006188119
0.170807453
0.062893082
0.049751244
0.0945758
0.026642984
0.078378378
0.197879859
1.551724138
0.214285714
0.074204947
0.058823529
0.059782609
0.315789474
0.031176929
0.086294416
0.04040404
2.416666667
0.140992167
0.013793103
0.046483909
0.037037037
0.056544503
0.020477816
0.96
0.009559214
0.016942315
0.085201794
0.001166181
0.03271028
0.027542373
0.136363636
-1
0.26984127
0.185929648
0.080065359
-1
0.052837573
0.052631579
0.204819277
0.161417323
0.05351682
0.017064846
-1
0.229102167
0.05450237
0.183544304
-1
0.333333333
0.110619469
0.085106383
0.035100822
0.078534031
0.004950495
0.211267606
0.020408163
0.078534031
0.017647059
0.422222222
0.076318743
0.037796976
0.152416357
0.105263158
0.080246914
0.048169557
0.249448124
0.043956044
0.646153846
0.06779661
0.32195122
0.9375
0.110429448
0.972027972
0.098039216
0.5
0.014527845
0.086309524
0.045620438
0.061867936
0.030534351
0.002188184
3.4
-1
0.230769231
1.363636364
0.147727273
0.1875
3.839285714
0.079545455
0.030769231
0.070028011
0.09178744
6.307692308
0.036262204
0.300884956
0.027359781
0.024208566
0.154285714
0.148148148
0.005357143
0.097264438
0.333333333
0.289855072
0.12195122
0.045075125
0.060606061
-1
0.087719298
-1
0.127035831
0.119047619
0.033980583
0.140625
0.421052632
0.024234694
0.003864734
0.001647446
3.782608696
0.060686016
0.181818182
0.102362205
0.089922481
0.973333333
0.264705882
0.129135539
-1
-1
0.061511424
0.029484029
0.205128205
0.190789474
0.24137931
0.22
0.441441441
0.031444368
0.166666667
0.452471483
0.107142857
0.178787879
3.403846154
-1
0.444444444
0.078838174
0.15
0.09223301
0.019823789
0.108870968
0.048507463
3.047619048
0.032591415
-1
0.003671409
0.086021505
0.09202454
0.020491803
-1
0.068047337
0.065555556
2.03125
0.024300053
0.103896104
0.02173913
0.118316268
0.223140496
0.069767442
0.183139535
0.333333333
0.192982456
0.018326039
0.229813665
0.014858841
0.189189189
0.015330189
0.064257028
-1
3.555555556
0.11489899
-1
0.04140527
0.107594937
0.178947368
-1
0.017879949
0.020547945
2.023255814
0.025991792
0.073899371
0.036764706
0.034188034
0.709677419
0.018867925
0.045859873
1.611111111
0.009404389
0.022144522
0.117967332
0.027833002
0.004938272
0.071910112
0.229404309
0.212871287
0.120938628
0.189655172
0.364130435
0.019145803
0.020114943
0.20625
-1
7.230769231
0.057491289
0.517094017
0.992537313
0.058265583
0.092307692
0.020868114
0.190871369
7.428571429
0.038461538
0.002257336
-1
0.053418803
0.073863636
0.130890052
0.449438202
0.072879331
0.020833333
0.253369272
-1
0.0625
0.029147982
0.029288703
-1
-1
0.04028436
0.830188679
0.023668639
0.0657277
0.009930487
0.060796646
0.068888889
0.05015674
-1
0.230769231
0.261168385
-1
-1
0.006355932
0.036048064
0.029585799
0.459330144
0.113861386
0.174778761
0.247191011
-1
-1
0.169847328
0.109289617
0.058823529
0.093959732
0.010454545
0.088888889
-1
0.724137931
0.069558101
0.132075472
0.114391144
0.15625
0.010139417
6.9
0.252427184
0.019417476
0.062271062
0.067073171
0.12152502
0.030750308
0.261627907
0.518518519
0.011273957
9.8
0.033870968
0.327102804
0.002496879
0.055776892
0.367816092
0.020942408
0.016129032
0.256637168
0.022022022
0.047727273
0.030985915
4.6
0.369863014
0.124183007
2.87
0.046232877
0.273333333
0.218614719
0.038037486
0.012711864
-1
0.724137931
0.481818182
0.058031088
0.005235602
0.150110375
0.041666667
0.162393162
0.116575592
0.272727273
0.374045802
0.016227181
0.222772277
0.717557252
0
0.05952381
0.072504708
1
0.0626703
0.468085106
0.010878434
0.020253165
0.022556391
1.785714286
0.018500487
0.077510917
0.094890511
0.388888889
0.338797814
0.115819209
0.339449541
0.049618321
0.135353535
0.222222222
0.11196319
0.036231884
0.723958333
0.232804233
-1
0.059467919
0.35828877
0.590909091
-1
1.193548387
0.13592233
16.4
9.87E-04
0.18227216
0.010245902
0.14893617
0.105900151
0.080808081
-1
0.052858684
0.274881517
0.025830258
0.0206924
0.054945055
0.815384615
0.017982799
0.333333333
-1
1.142857143
0.030797101
0.189189189
0.013888889
0.130434783
0.497382199
0.224256293
0.276595745
0.28440367
0.016793893
0.074509804
0.538461538
0.007334963
0.013435701
-1
-1
3.148148148
0.016129032
0.221374046
0.066066066
0.041208791
0.350609756
-1
7.48E-04
0.129496403
0.079861111
0.333333333
0.155797101
-1
-1
0.234875445
0.306122449
0.03798768
0.162162162
0.088888889
0.033632287
0.015189873
0.014765101
0.00967118
-1
3.285714286
0.301724138
0.007526882
0.132867133
0.111587983
0.990654206
0.318965517
-1
-1
0.023012552
0.443181818
7.428571429
0.142857143
0.073033708
0.373913043
0.054945055
0.035278155
0.003267974
0.048717949
0.21192053
0.040942928
0.159722222
0.007055805
0.034328358
0.14057508
0.03362391
0.015432099
0.191489362
0.160550459
0
0.02276176
-1
2.6875
0.034571063
0.433526012
0.776315789
0.283783784
0.671232877
0.586734694
0.021715527
0.305555556
0.416107383
0.043165468
0.085714286
0.175572519
0.068649886
0.037383178
-1
0.149253731
0.313131313
0.204545455
0.060689655
0.103092784
0.056962025
0.120218579
0.125628141
0.36
0.411764706
0.00169348
0.397350993
1.27184466
0.056666667
0.11627907
0.227436823
0.387878788
0.460869565
0.306896552
0.055555556
0.197278912
1.071428571
0.214689266
0.016847172
0.037956204
0.119047619
0.491525424
1.523809524
0.19873817
0.369829684
0.025641026
0.103004292
0.546875
0.092150171
0.029010239
0.032657658
0.041666667
0.01875
0.014925373
0.152777778
-1
0.043196544
0.030940594
-1
0.0593963
0.20890411
0.03256705
1.16
-1
-1
0.022494888
0.051804424
0.074561404
0.218181818
0.00706138
-1
0.038461538
0.089655172
0.555555556
-1
0.242424242
0.081481481
0.333333333
0.02811245
0.058171745
0.018018018
0.655172414
7.461538462
0.021390374
0.090689238
3.771428571
0.06312769
0.074509804
0.764705882
7.888888889
0.603571429
0.008680556
0.112951807
0.75
0.144340602
0.695652174
0.006550218
0.333333333
0.647286822
0.00761035
0.018041237
52
0.062200957
0.040173724
0.03070761
-1
0.049180328
0.082236842
0.004909366
0.005927682
0.86013986
0.00979021
0.254062038
0.324468085
0
0.037360505
0.480620155
2.470588235
0.059753954
0.040441176
0.220779221
0.031354983
0.130116959
0.113821138
0.018627451
0.053191489
0.622754491
0.023255814
0.142857143
0.171171171
0.060117302
0.064080944
0.219512195
0.134831461
0.166666667
0.235416667
0.055625
0.242990654
0.341463415
0.089064262
0.063768116
0.016030534
-1
0.121019108
0.034482759
0.309352518
-1
0.097308489
3.068965517
0.479166667
0.041975309
0.07518797
0.264840183
-1
4.823529412
0.08
-1
8
-1
0.113043478
0.010884354
0.326732673
0.104166667
0.143617021
0.069565217
0.341176471
0.002425373
0.239583333
0.608695652
0.015602837
0.041825095
0.4
0.102253033
0.629213483
-1
0.287037037
0.023255814
0.013888889
0.016253208
0.280821918
0
0.019977802
0.216513761
0.044854881
0.036931818
0.179775281
0.133079848
-1
0.033287101
-1
0.036392405
0.066666667
0.066878981
0.025751073
0.097893432
0.118518519
0.025337838
0.3
0.112149533
0.302325581
1.197368421
1.72
3.303030303
0.644067797
0.160368664
0.228373702
0.197368421
0.226666667
0.056923077
0.074817518
0.198113208
0.138121547
0.020080321
0.046666667
0.724137931
0.049844237
0.078475336
0.172413793
0.06462585
0.106280193
0.286384977
0.296296296
0.071428571
0.194029851
0.068010076
-1
0.486486486
0.005059022
0.044247788
0.126760563
0.575221239
0.062780269
0.089285714
10.4
0.5375
-1
0.002170767
0.133333333
0.76
-1
0.005605381
0.007411983
0.080924855
-1
0.724137931
-1
0.247172859
0.19301848
0.060869565
0.813253012
0.320754717
0.054794521
-1
0.062880325
0.166666667
-1
0.074074074
0.021753039
0.019753086
0.184478372
0.006315789
0.118733509
0.071428571
0.010152284
0.032520325
0.064516129
-1
0
0.115183246
0.274626866
0.025
0.046717172
0.002615519
8.23E-04
0.196261682
0.074815595
0.145390071
0.003327787
0.024691358
0.978494624
0.074766355
0.048828125
0.064615385
0.049429658
-1
0.15821501
0.579710145
0.022304833
1.01459854
0.697368421
0.341269841
0.033916849
0.25
0.283333333
0.112
0.039906103
0.034548944
0.223404255
0.457249071
0.013554217
0.076592083
0.047091413
0.053304904
0.002298851
0.0375
0.031311155
0.12
0.144790257
0.07444668
0.084745763
0.010471204
-1
0.145015106
0.022047244
0.179435484
0.03030303
0.032119914
0.073710074
3.71E-04
0.036960986
0.173515982
0.031578947
0.09771987
-1
0.225806452
0.154362416
0.027687296
0.129032258
0.290909091
0.075549451
0.709923664
0.916666667
0.020637899
0.069124424
0.047058824
0.011583012
-1
0.014577259
0.085662759
0.034482759
0.05945122
0.017719569
0.077306733
0.041176471
0.209766926
0.067547724
0.069333333
0.064327485
0.016260163
0.137142857
0.051873199
0.024390244
1.838709677
0.00616808
0.059770115
0.1
0.473684211
3.44
0.07780083
0.097643098
0.232758621
0.097014925
0.011592958
0.142857143
0.076115486
0.022972973
0.025139665
0.107476636
0.039334342
0.139923954
0.049535604
0.454545455
-1
3.617021277
0.021802326
0.160629921
0.043103448
0.019498607
0.106227106
-1
3.12
3.08
0.556701031
10.625
0.195804196
0.105540897
0.044554455
0.050139276
0.362790698
-1
1.192307692
1.358974359
0.019900498
0.047244094
-1
0.615546218
0.161870504
0.121621622
1.4
0.062253743
0.724137931
-1
-1
0.06185567
0.06779661
0.043650794
-1
0.031531532
0.136612022
0.102150538
0.051546392
-1
0.090763052
0.062146893
0.074927954
0.434782609
0.067385445
0.165517241
0.154195011
0.010670732
0.019809826
0.0625
0.125
0.322033898
2.042553191
0.110169492
0.253112033
0.344497608
0.164583333
0.514792899
0.1375
0.053333333
0.072072072
0.045327103
0.025595238
0.461538462
0.060150376
0.156996587
0.16041979
0.0781893
0.033573141
0.014925373
0.064270153
-1
0.334384858
0.105691057
0.033292232
0.083632019
0.567567568
0.152671756
0.02540107
0.012598425
0.135294118
0.021857923
0.775
0.140740741
0.083857442
0.066985646
4
0.333333333
0.010710808
0.119148936
0.02827381
0.107142857
0.056234719
-1
0.015727392
0.210526316
10.83333333
0.12244898
0.323076923
0.642512077
4.45
-1
0.113613101
0.015037594
0.038631347
0.022695035
0.481012658
0.146478873
0.039787798
0.421568627
0.213438735
0.941747573
0.018858308
0.094890511
0.887096774
0.021111111
0.282926829
0.154905336
0.333333333
0.522123894
-1
0.145454545
0.136363636
-1
0.14922049
0.071666667
0.4
0.034392913
0.04379562
0.040601504
0.333333333
0.061204344
0.224832215
0.089068826
0.107344633
0.105263158
0.192307692
0.229885057
7.86E-04
-1
0.462264151
0.053435115
-1
0.233716475
0.323076923
0.03003003
0.875
0.057279236
0.345679012
0.011623246
0.142433234
0.086956522
0.175257732
0.090609555
0.097183099
0.709302326
0.085227273
0.029929577
0.414110429
0.15942029
0.066820276
0.319727891
0.013189448
0.050805452
0.135135135
0.045454545
0.743902439
0.078125
0.160606061
0.295959596
0.372093023
0.024671053
0.487922705
0.01261034
0.012626263
0.082317073
0.141509434
0.011152416
0.026166098
0.067164179
0.211267606
0.409090909
0.026605505
-1
0.017361111
0.026548673
0.08
0.06456044
0.055033557
0.020594966
0.106580167
0.064516129
0.064891847
0.110497238
0.167597765
1.875
0.013679891
0.09039548
0.001698113
0.047761194
0.052857143
2.741935484
0.056603774
0.154639175
0.979166667
0.141463415
0.027027027
0.13368984
-1
0.096
0.028888889
0.177631579
0.04887218
0.032407407
0.414965986
-1
0.016313214
0.048879837
0.413978495
0.098591549
0.005226481
0.058585859
0.116541353
0.030666667
0.084942085
0.132183908
0.06039604
0.23923445
0.031746032
0.140957447
0.088345865
0.103375527
0.039473684
0.153846154
0.7625
0.015239478
0.034482759
0.413507926
0.113065327
0.142857143
0.162650602
0.070598007
0.090909091
0.128865979
0.040740741
0.01598579
0.422222222
0.042937853
0.092807425
0.513513514
0.059836809
0.07275321
0.007947977
2.733333333
0.54887218
0.041666667
0.02160216
0.019774011
0.322580645
0.891719745
0.024654832
0.128
0.066504461
0.096875
-1
0.054735013
3.351351351
0.05465587
-1
-1
0.070866142
0.028969957
0.231884058
0.038543897
0.56547619
0.115384615
0.882352941
0.113989637
0.032223645
0.311111111
0.022008253
0.273809524
0.030744337
-1
-1
0.016078607
0.097765363
0.634146341
0.091346154
0.113676732
0.157142857
-1
0.480314961
0.014332966
0.159090909
0.098360656
0.335078534
0.58490566
0.114942529
0.424242424
0.021666667
0.064864865
0.017035775
0.045936396
0.212121212
0.076335878
0.028301887
0.48
0.192513369
0.122625216
2.325581395
0.113953488
-1
-1
0.229166667
2.47826087
-1
0.234375
0.195512821
0.05
-1
0.116814159
0.111455108
0.4125
0.091836735
0.016722408
0.597701149
0.333333333
0.143939394
0.004694836
0.011990408
0.108721625
8.5
0.941176471
0.327868852
0.103092784
-1
0.213740458
0.172473868
0.029508197
0.633027523
0.153846154
0.722222222
0.064516129
0.041822722
0.079411765
0.006920415
0.257352941
0.072273325
0.055755396
0.049844237
0.05726257
0.303167421
0.016129032
0.051779935
0.15
0.072580645
1.245614035
0.038709677
0.189349112
0.122171946
0.067114094
0.025386313
0.755347594
0.05489774
0.130434783
0.428571429
0.617647059
0.020854022
0.074906367
0.391644909
0.31147541
0.074074074
0.037037037
0.205555556
0.023201856
1.089108911
0.93220339
-1
0.069767442
0.3
0.026315789
-1
-1
0.234899329
0.055555556
-1
0.018113208
-1
0.006952491
0.087248322
0.827586207
0.033628319
0.25
0.070652174
0.014450867
0.681318681
0.018348624
0.020277481
0.059245961
0.039707419
0.080882353
1.472727273
0.207207207
6.75
0.12371134
0.066285714
0.025498891
0.108108108
0.086538462
0.177108434
-1
0.54
0.164473684
0.106382979
0.160883281
0.020905923
0.098734177
0.012738854
1.311111111
1.084745763
1.169491525
0.041033435
0.106761566
0.027777778
0.150306748
-1
0.155313351
0.040868455
0.034965035
0.02244389
0.511450382
0.069792803
0.007722008
0.025490196
-1
-1
0.020987654
0.069444444
3.1
0.098684211
-1
0.006666667
0.388349515
0.018518519
0.102791878
0.005830904
0.07106599
0.219895288
0.010683761
0.23853211
0.04
0.426356589
0.069503546
0.019354839
0.01986755
0.095729013
0.110438729
0.098550725
0.111650485
0.009392121
-1
0.057575758
0.878787879
2.166666667
0.038461538
0.163398693
0.030837004
0.176966292
0.442748092
0.017045455
0.031791908
0.127340824
0.044502618
0.046908316
0.02640264
0.226190476
-1
0.19266055
0.254166667
0.093023256
-1
0.04973822
0.141843972
7.5
0.017608897
0.188034188
0.21719457
0.067226891
0.303514377
0.108433735
0.141104294
0.20083682
0.315217391
0.086882453
0.256849315
0.005141388
0.032258065
0.464285714
0.168032787
2.271186441
0.164
0.019083969
0.5
0.205323194
1.541284404
0.036585366
0.129476584
0.115384615
0.590909091
0.030679934
0.242378049
0.552631579
-1
0.106508876
0.253164557
0.111918605
0.137931034
-1
0.040540541
0.03030303
0.016666667
0.523076923
0.1875
0.321428571
0.067264574
0.038461538
-1
0.245283019
0.133333333
0.979310345
0.014388489
0.190322581
0.064864865
-1
4.538461538
0.825581395
0.023561812
0.024449878
-1
0.008641975
0.173913043
0.215846995
0.376770538
-1
0.004016064
0.053571429
0.806451613
0.112054329
0.425531915
0.014227642
0.016786571
0.090322581
8
0.127753304
0.023709902
0.052287582
0.004129794
0.210116732
0.058375635
0.220472441
0.282352941
0.099378882
1.571428571
-1
0.725
0.531531532
0.017830609
0.411483254
0.294871795
0.805031447
-1
-1
0.086363636
0.793103448
-1
-1
0.17699115
1.7
-1
0.026639344
0.31496063
0.582089552
0.724137931
0.333333333
0.070234114
1.061538462
0.019505852
0.045454545
0.028374893
0.348525469
0.079510703
1.54
0.019318182
0.039695269
0.235294118
0.011396011
0.179347826
0.525862069
-1
0.059375
0.049773756
0.060740741
0.164556962
0.12244898
0.051144011
0.06175772
0.064724919
0.4
0.048969072
0.006546645
0.164179104
0.126388889
0.036900369
0.087209302
0.174050633
0.242138365
0.198830409
-1
0.017777778
0.015789474
0.016778523
0.375
0.043209877
2.594594595
0.024070022
0.236363636
0.011904762
0.815789474
0.174311927
0.079207921
1.125
-1
3.615384615
0.211956522
0.020953757
-1
0.049562682
0.142857143
0.059116809
0.023214286
0.034682081
0.211382114
0.053191489
-1
1.8
0.005302227
0.183606557
0.259259259
0.224108659
0.032150776
-1
0.064336775
0.115303983
0.06374502
0.335403727
0.038216561
0.043529412
0.018126888
0.288888889
0.020618557
0.037681159
0.368421053
0.011187608
0.221621622
0.055679287
0.036363636
0.066780822
0.093439364
0.916666667
0.007751938
0.099447514
0.603305785
0.032110092
0.042944785
0.300411523
0.140151515
0.058214748
0.008333333
0.235294118
0.202453988
0.086956522
0.024351925
0.611510791
0.057692308
-1
0.588235294
0.783018868
0.00472255
0.062385321
0.183206107
-1
0.4
0.025641026
1.28
0.035587189
0.110091743
0.04952381
0.00993926
0.069306931
0.888888889
0.047156727
0.099876695
0.186666667
0.043478261
0.163636364
0.162911612
-1
0.084134615
0.838709677
0.177664975
0.237209302
0.058551618
0.025723473
0.165467626
-1
0.02991453
0.012290503
0
0.19047619
0.017371601
0.033472803
0
0.010257759
0.256281407
0.145098039
0.131506849
0.103694875
-1
0.305555556
0.02247191
0.028441411
0.203773585
0.292792793
0.002617801
0.014221073
0.176829268
0.07300885
0.002380952
0.044404973
0.023255814
0.042979943
-1
0.143695015
0.005698006
-1
0.06242497
0.190763052
0.985915493
0.061403509
0.109500805
1.333333333
0.724137931
0.340909091
0.06302521
0.209183673
0.08852459
0.716981132
0.158227848
3
0.01980198
0.075980392
0.070351759
0.088495575
0.111864407
0.020587345
0.38961039
-1
0.023869347
0.048148148
0.034514925
0.021390374
0.044609665
2
0.218106996
0.093959732
1.282051282
0.069364162
0.383333333
0.102189781
0.072815534
0.06984127
0.323809524
-1
0.026336174
0.138888889
0.153034301
0.205741627
0.01581265
0.127423823
0.294871795
0.087912088
0.633333333
0.064516129
0.058981233
0.067867036
0.024752475
0.228395062
0.013623978
0.897435897
0.019390582
0.040201005
0.25
0.073446328
0.38372093
0.354330709
2.380952381
0.107476636
0.156471346
0.295774648
0.125
0.53125
0.023068051
0.262295082
0.048442907
0.093596059
0.02291918
-1
0.6875
0.316973415
1.029850746
0.042944785
0.03187251
-1
-1
0.105
0.105882353
0.746666667
0.097065463
0.091836735
0.078085642
0.047058824
0.073033708
0.027444254
-1
0.018348624
0.03298153
0.010434783
0.097253155
0.105691057
0.101123596
0.032786885
0.08411215
0.022988506
0.103448276
0.015625
0.135399674
-1
0.132553606
0.004226344
0.320754717
0.152173913
0.071774976
0.074879227
0.158974359
0.081237911
-1
2.180327869
0.137681159
0.095846645
0.116438356
0.830769231
0.079896907
0.065868263
0.104783599
0.06323185
2.608695652
-1
0.054158607
-1
0.00239521
0.365217391
0.008532423
0.040540541
0.12097561
0.168975069
0.0088
0.018867925
0.112627986
1.133333333
0.021590909
1.269230769
0.024034335
0.028571429
0.398058252
0.149377593
0.013793103
0.067567568
0.018726592
0.004548039
0.008450704
0.035897436
0.72327044
0.030456853
0.0625
0.051282051
0.35106383
0.076470588
0.09141791
0.0625
0.158088235
0.18125
-1
0.046263345
-1
0.02866242
0.034865293
0.087248322
2.160714286
0.180995475
0.689655172
0.95
0.070552147
0.019354839
0.172661871
2.964285714
0.101351351
0.092307692
0.303797468
0.022426096
0.184615385
-1
0.008960573
0.266666667
0.275280899
0.100917431
0.648148148
0.021965318
0.099236641
0.021505376
0.025641026
0.078431373
0.026200873
0.171052632
0.066378066
0.32195122
0.003327787
0.285046729
0.03348554
0.429447853
0.112947658
0.230337079
0.101343101
0.039179104
0.326750449
0.428571429
0.180043384
0.1799591
0.04674221
0.941176471
0.28440367
0.290909091
0.05015674
0.717105263
0.06013363
-1
-1
0.523255814
0.126943005
0.306122449
0.014492754
0.197132616
0.134199134
0.013043478
0.153710247
0.070640177
0.035818006
0.088421053
0.52
0.096
3.782608696
0.303797468
-1
-1
0.029141104
0.234375
0.074074074
0.001461988
0.079856973
0.053505535
0.072966507
-1
-1
0.017964072
0.103535354
0.008928571
0.793103448
0.005876822
0.216450216
0.208333333
0.011842105
0.303418803
0.092436975
-1
0.009661836
0.018544936
1.08
0.026627219
0.114814815
0.025893958
0.008695652
0.068493151
0.696969697
0.995121951
0.047204969
0.055555556
0.004640371
0.02467344
-1
0.131979695
0.248756219
0.017050837
0.11299435
0.079646018
0.793103448
0.170289855
0.047021944
0.021390374
2.613636364
-1
0.36121673
0.230769231
0.377431907
0.178571429
1.666666667
0.125
0.115606936
0.064295486
-1
0.003448276
0.56
0.282608696
0.096774194
0.032738095
0.017811705
0.12267658
0.055710306
0.033333333
0
0.045454545
-1
0.444444444
0.101351351
0.011560694
0.008168028
0.008415147
0.01793722
0.055456172
0.010869565
1
0.016304348
1.5
-1
0.114634146
0.555555556
1.166666667
-1
0.344262295
0.056379822
0.23566879
0.113360324
0.830508475
0.30952381
0.018181818
-1
4.307692308
-1
1.25
-1
0.112903226
0.461538462
0.525
0.378787879
0.199304751
0.46875
0.013917884
0.15
0.119047619
0.013071895
0.666666667
0.054775281
0.044871795
0.074285714
2.363636364
0.677165354
0.061135371
0.070660522
0.021582734
0.080614203
0.5
0.062176166
0.116838488
0.5
0.123966942
0.030598053
0.026647966
-1
0.016051364
0.220512821
0.086315789
0.717391304
0.026004728
0.315789474
0.088560886
0
0.075804777
0.062
0.161445783
0.092993631
0.258883249
0.10443038
0.59375
0.178343949
0.020618557
0.047413793
0.147540984
0.052631579
0.163602941
0.043818466
0.094444444
0.199152542
0.298342541
0.571428571
0.393258427
0.057052298
0.091575092
-1
0.005185825
0.028073572
-1
0.136842105
0.199445983
0.084870849
0.113268608
0.022988506
0.047457627
0.251798561
3.309734513
-1
0.568627451
0.014314928
0.005257624
-1
0.540540541
0.724137931
0.724137931
0.230769231
0.035040431
0.108108108
0.078651685
0.13989239
0.017953321
0.421875
0.162162162
0.032358156
0.227722772
0.132196162
0.027613412
-1
0.0575
0.003984064
0.209677419
-1
0.041666667
0.076704545
0.063559322
0.015895954
0.083076923
0.001589825
0.245283019
0.01218638
0.344370861
0.117647059
0.107954545
0.888888889
-1
0.13085622
0.011155378
0.222727273
0.724137931
0.164785553
0.179856115
3.149253731
0.121621622
0.156996587
0.009276438
0.478908189
0.051903114
0.034682081
0.048136646
0.294573643
0.116438356
0.708860759
0.10373444
0.228571429
0.013227513
0.025559105
0.004
0.118343195
0.093596059
-1
0.017094017
-1
0.066298343
0.049668874
0.164948454
0.612244898
0.244485294
0.073426573
0.295597484
0.039351852
0.603571429
1.505617978
0.058201058
0.555555556
0.020289855
-1
0.021640091
0.227722772
0.074074074
0.068410463
0.104231166
0.083844581
0.054216867
-1
0.032659409
0.234234234
0.063079777
0.060759494
0.07486631
0.372197309
-1
-1
2.31372549
0.069444444
0.07037037
0.066666667
0.00877193
0.078717201
0.462184874
-1
0.019375673
4
0.128975265
0.462962963
0.072100313
0.707317073
0.014888337
0.014328808
0.020833333
0.230769231
5.833333333
0.224025974
0.205479452
0.008014248
0.128
1.428571429
0.021218344
0.080645161
0.058419244
0.045064378
0.228571429
0.057193396
0.173076923
0.372262774
0.176470588
0.021929825
1
0.178663239
0.543103448
0.155752212
0.038732394
-1
3.1
0.0271777
0.051428571
-1
0.03812825
0.13976378
0.043280182
0.724137931
0.652173913
0.066213922
0.006079027
-1
0.202531646
0.020109689
0.019120459
0.005128205
0.041745731
0.014592934
0.077625571
-1
0.028193833
0.110778443
0.056716418
0.032577904
0.34502924
0.06019656
0.19047619
0.015116279
-1
0.010362694
0.209677419
4.6
0.065656566
0.092307692
0.10989011
0.142857143
0.081967213
0.891719745
0.037406484
0.10625
0.082530949
0.081081081
1.298780488
0.016847172
0.474489796
0.022058824
0.106666667
0.163636364
0.221967963
0.045167118
0.43373494
0.075320513
0.776315789
0.026923077
0.167857143
0.034602076
0.122073579
0.006872852
0.022665458
0.540540541
4.066666667
0.065433855
0.032323232
0.557142857
0.490153173
0.025906736
-1
0.514285714
-1
0.222222222
0.107462687
0.019607843
0.068627451
0.558823529
0.09798995
0.021113244
0.069620253
0.151515152
9.1
0.062222222
0.116207951
9.444444444
1.9
-1
0.021212121
2.128205128
0.067193676
-1
-1
0.021611002
0.039215686
0.126829268
0.046568627
0.132539683
0.008012821
0.035856574
0.5
0.005563282
0.229426434
0.032195122
0.074074074
0.020134228
0.042833608
0.109589041
0.060156931
0.637037037
-1
0.136094675
0.018181818
0.033976125
0.175487465
0.08908686
0.082725061
0.126530612
0.012037037
0.009182736
0.096590909
-1
0.294117647
0.007506255
0.035747883
4.1
0.064338235
0.253968254
0.168831169
1
0.377777778
0.032967033
0.388888889
0.029141104
0.128534704
0.045283019
0.020581114
0.075085324
0.291139241
0.001082837
0.731578947
0.204081633
0.004189944
0.131403118
0.033557047
0.173170732
4.75
0.028248588
0.048951049
0.180138568
0.2
0.071428571
0.243654822
-1
0.067520373
0.033018868
0.692307692
0.025252525
0.187250996
0.042789223
0.035294118
0.081081081
0.101532567
0.043933054
0.35483871
0.132492114
0.724137931
0.479452055
0.073068894
0.008653846
0.363636364
0.8875
2.043478261
0.024491266
1.142857143
0.106719368
0.485
0.178861789
0.005307856
0.073059361
0.016923077
0.8125
0.153846154
0.198492462
-1
0.091207349
0.673728814
-1
0.401826484
0.063736264
-1
0.038011696
0.212765957
0.147727273
0.222222222
-1
0.017766497
0.035422343
0.097560976
0.975
0.018126888
0.020610058
0.277966102
2.047619048
0.001898434
6.5
0.055555556
0.036334913
4.615384615
0.107142857
0.077731092
0.259615385
3.638888889
0.5425
-1
0.198067633
0.047169811
0.012684989
1.436619718
0.108597285
0
1.80952381
0.039473684
0.248407643
0.065656566
0.022110553
0.075425791
0.443037975
0.263157895
0.2
0.666666667
0.018567639
0.662337662
0.059284116
24
-1
0.151515152
0.841121495
0.272727273
1.131578947
0.32
-1
0.39527027
0.033834586
0.031055901
0.091954023
0.082822086
0.101265823
-1
0.031652989
0.009318996
0.260465116
0.079861111
0.032679739
0.27173913
0.724137931
0.964285714
0.058737151
0.564102564
0.083854819
0.01734104
0.038500507
0.17768595
0.211328976
0.251012146
1.086956522
0.041666667
1.368421053
0.024905252
0.071135431
0.038039503
0.078175896
0.739130435
1.266666667
0.020231214
0.034482759
0.088793103
0.441176471
0.017985612
0.041904762
0.01897019
0.068762279
0.119113573
-1
0.352112676
0.064202335
0.052845528
0.164882227
0.333333333
0.01242236
0.051912568
0.8375
0.195488722
0.54
1.714285714
0.079470199
0.007518797
0.097796883
0.154929577
0.416938111
0.020904229
0.134020619
0.284552846
0.578125
-1
0.275862069
0.081669691
0.20754717
0.020654045
0.011347105
0.194444444
0.188552189
-1
0.122657581
1.733333333
0.006872852
0.026805659
0.991452991
0.709090909
0.158119658
0.036847492
0.322580645
0.190909091
0.172535211
0.14507772
-1
0.061728395
0.174460432
0.042194093
0.333333333
0.016377649
0.053445851
5.941176471
0.079872204
0.793103448
0.001821494
0.022222222
0.06360424
0.040145985
0.798882682
0.018518519
0.52
0.038461538
3.042553191
0.05027933
0.083673469
0.014167074
-1
0.147252747
0.161290323
0.045092838
0.153846154
0.053763441
0.181015453
0.01532567
0.10472973
0.069727891
-1
0.007682976
0.037701975
-1
0.09947644
0.75
0.110957004
0.101265823
0.044198895
0.011627907
0.040322581
0.244418331
-1
0.104316547
0.5
0.516666667
0.051612903
0.413043478
0.217741935
0.018181818
0.288389513
-1
0.182608696
0.053731343
0.25
0.038265306
0.093283582
0.276119403
0.103019538
0.006479482
0.09352518
0.030516432
0.358024691
0.445054945
0.124610592
0.205357143
0.16
-1
0.280898876
0.168711656
0.210526316
0.333333333
0.060714286
0.071705426
-1
0.014900662
0.041493776
-1
0.157894737
1.683333333
6.166666667
1.684782609
-1
0.027123483
0.201863354
0.451737452
0.055226824
0.201520913
0.081300813
0.053794428
0.081632653
0.180147059
0.163289631
0.026716372
-1
0.028089888
0.075657895
0.032738095
0.010466223
0.8375
0.052307692
0.011458333
113.3333333
0.148305085
0.053537285
0.032044199
0.27124183
0.050420168
0.140770252
0.168224299
0.125
0.04245283
0.01344086
0.288461538
0.036090226
0.003220612
-1
0.056925996
0.04973357
0.375
-1
0.273273273
0.015060241
0.675
0.032894737
0.421875
0.027972028
0.04587156
-1
0.011764706
0.043046358
1.64
0.023372287
0.079777365
0.087104072
0.019172553
0.098976109
0.051546392
0.043290043
0.636363636
-1
0.050877193
0.068181818
0.318181818
0.230769231
0.320512821
0.01141263
0.080952381
0.185393258
3
1.308641975
0.032178218
0.051282051
1.8
0.0625
0.485148515
-1
0.047923323
0.442028986
0.033980583
0.0625
0.068298969
0.131034483
0.189655172
0.014563107
0.026508227
-1
0.24
0.027964206
0.108527132
0.03
0.268817204
0.51552795
0.777777778
0.475862069
0.152284264
0.116991643
0.327272727
-1
-1
7.083333333
0.191616766
-1
0.013782542
0.088135593
0.181609195
-1
0.021114106
0.02739726
0.655172414
0.297297297
0.027586207
0.192307692
0.724137931
4.166666667
0.347252747
0.054208274
0.188442211
0.029207232
0.075208914
0.023758099
1.909090909
16.5
0.403726708
0.04867872
0.033707865
0.054347826
0.216216216
0.044616877
3.777777778
0.386554622
0.031111111
0.084224599
0.342465753
0.040909091
2
0.637681159
0.611940299
0.345588235
-1
0.005365127
0.028081123
0.011122346
0.282522996
0.651785714
-1
-1
0.044230769
0.15942029
0.102790015
0.051652893
0.166666667
0.029711375
0.058064516
-1
0.207792208
0.098901099
0.049242424
0.154285714
0.045833333
0.11827957
0.052067381
0.222222222
0.097222222
0.173669468
0.047091413
0.323119777
0.681818182
0.014206788
0.041407867
0.006930693
-1
0.094363521
0.303490137
0.063291139
0.157303371
0.043278085
0.066
0.585106383
0.071604938
0.181395349
0.262394196
0.219512195
0.34939759
0.303030303
0.094688222
2.916666667
0.09556314
0.333333333
0.214723926
0.085106383
0.068292683
0.405333333
0.16372796
0.097152429
0.496240602
0.161172161
0.056074766
0.218579235
-1
0.059701493
-1
0.889908257
0.077448747
0.523809524
0.043348281
0.296296296
0.6
0.114754098
0.242105263
0.104536489
2.588235294
1.022058824
-1
0.035490605
0.037037037
0.226993865
0.03699284
0.024714829
0.037037037
0.016509434
0.198412698
0.023655914
0.019283747
0.148594378
0.401234568
0.138497653
0.051330798
0.462686567
0.102857143
-1
0.137203166
0.282485876
3.047619048
0.786666667
0.122222222
0.078947368
0.144171779
0.26953748
0.094240838
0.384615385
0.020253165
0.339285714
-1
0.191919192
0.135802469
0.00297619
0.020304569
0.169811321
0.05785124
7.857142857
0.017921147
1.56097561
0.388888889
0.022071307
0.136986301
0.277227723
0.405405405
0.3
13.1
0.271929825
-1
0.03877551
0.215116279
0.025746653
-1
0.277153558
0.216080402
0.062005277
0.104712042
0.247706422
0.004237288
0.005093379
-1
-1
0.028571429
0.031390135
-1
2.166666667
-1
0.072527473
0.333333333
1.049019608
0.177387914
0.02293578
0.021501819
0.133499171
0.283333333
0.066666667
0.352941176
0.14548495
0.637168142
0.039370079
0.745856354
0.076923077
0.175438596
-1
0.237288136
1.109243697
0.067692308
0.150234742
0.031786395
0.201077199
0.25
0.198312236
0.054545455
0.074889868
1.142857143
0.057251908
0.081012658
0.033377837
0.119230769
-1
0.025380711
0.034596376
1.060606061
0.009195402
-1
0.186746988
0.75
0.03908046
0.016588906
-1
-1
0.3075
0.571428571
0.070342205
0.097826087
0.343873518
0.031067961
0.352272727
0.178082192
0.666666667
-1
0.134474328
0.037291462
-1
0.010854817
3.742857143
0.59
0.149425287
-1
0.023719165
0.028469751
0.006097561
0.011182109
0.051603905
0.018867925
0.034848485
0.288770053
0.06360424
0.083333333
0.026726058
0.082644628
0.103386809
0.022624434
0.241324921
0.302083333
1.797752809
1.258064516
0.027173913
0.071553229
0.25
0.168449198
0.241071429
0.093189964
0.734939759
0.225352113
0.038402458
0.148026316
0.194871795
0.06
0.097537879
0.082191781
0.049356223
0.042154567
0.204678363
0.455128205
-1
0.06122449
0.085714286
0.125925926
0.016556291
0.109114249
0.032866707
-1
0.066595059
0.116022099
0.228571429
3.657894737
0.164835165
-1
0.609375
0.064150943
0.324675325
0.034539474
0.188976378
0.210526316
0.150882825
0.204968944
0.004390779
0.032432432
0.13202934
0.076586433
0.184615385
1.036697248
0.847826087
0.196428571
0.175298805
0.011704835
-1
0.150084317
0.024489796
0.014976466
0.166666667
0.324786325
0.023255814
0.112175103
0.051685393
0.14213198
6.461538462
0.019417476
0.325842697
0.073724008
0.012468828
-1
0.099206349
0.14511041
0.118131868
0.109467456
0.210084034
-1
0.053459119
0.006097561
0.081790123
0.010736196
0.020565553
-1
0.011106365
0.018850141
0.13986014
0.082191781
0.27027027
0.215805471
-1
2.233333333
0.050769231
0.022824536
0.016519824
-1
0.222222222
0.020618557
0.280898876
0.340336134
0.119453925
0.064579256
2.1875
0.372093023
1.590909091
0.18705036
0.015060241
0.051351351
0.147853736
0.025069638
0.061538462
0.048175182
0.007623888
0.05511811
0.402173913
0.018234003
0.013947001
0.098639456
0.058687259
0.075601375
-1
-1
0.381818182
0.222222222
0.160194175
0.007307476
0.724137931
0.216535433
0.25
0.03196347
0.012318029
0.006079027
0.19047619
0.075549451
0.431034483
0.333333333
0.153846154
0.009320905
0.053333333
0.192307692
0.040865385
0.75
-1
0.169398907
0.054298643
0.016339869
-1
0.060810811
0.55982906
2.27027027
0.058587019
0.172
0.0128
0.12345679
0.097791798
0.082372323
0.039927405
0.266666667
0.035413153
0.00349345
0.972222222
0.421800948
-1
0.023679417
2.6
0.288461538
0.550724638
0.136842105
0.051724138
0.698924731
0.197841727
0.071539658
0.431372549
0.014608234
-1
0.031545741
0.114285714
0.043859649
0.111627907
0.429411765
5
2.723809524
-1
0.049723757
0.044776119
-1
0.001448016
0.291666667
0.220183486
0.965517241
0.012785388
0.103448276
0.11627907
-1
0.056782334
0.078431373
0.084745763
0.193415638
0.061191626
0.060913706
0.013245033
0.325925926
0.021419009
1.695652174
0.024864865
0.119246862
0.077336198
0.069863014
0.063719116
0.566326531
-1
0.021885522
0.066838046
0.17611336
0.566929134
0.003125
-1
-1
0.003526093
0.089855072
0.072607261
0.791666667
2.301587302
0.048611111
-1
0.094262295
0.170854271
0.120535714
0.152941176
0.06133829
0.041841004
0.097378277
0.168103448
-1
0.039790576
0.062937063
0.098829649
-1
3.428571429
0.24822695
0.102678571
0.026773762
1.615384615
0.273092369
0.20657277
0.284090909
0.010526316
0.0331076
0.085365854
0.056010929
0.008080808
0.270491803
0.004716981
0.01055409
-1
0.00952381
0.39964476
0.248826291
0.025641026
0.058173785
0.042944785
1.01459854
0.302575107
-1
0.004237288
0.886792453
2.233333333
0.469798658
0.123976608
5.782608696
0.197952218
0.5
0.006421233
0.021934978
0.080808081
0.055172414
0.043165468
0.553571429
0.039832285
0.042194093
0.040491685
0.047289504
0.105128205
0.56
1.652777778
0.114882507
1.397590361
-1
0.024610336
0.225903614
0.149028078
0.005286344
0.023121387
0.053412463
0.103896104
0.391304348
0.063095238
0.023872679
0.288135593
0.079295154
3.945454545
0.744897959
0.006857143
0.05106383
0.16626506
0.099462366
0.00896861
0.196339434
0.011532125
0.166212534
0.530054645
0.011473963
0.025528169
0.535211268
0.087947883
0.187739464
0.148514851
0.028368794
0.052503053
0.120603015
0.712328767
0.046365915
0.420382166
0.016091954
3.8
0.422535211
-1
0.2125
0.010088272
0.02306425
0.384615385
-1
0.028700906
0.057831325
0.053468208
0.500787402
0.090909091
0.133802817
1.964285714
0.044444444
-1
0.470149254
0.019607843
0.0625
0.1414791
0.058823529
0.231092437
0.134615385
0.567010309
0.088461538
0.23853211
0.102473498
0.132231405
0.073298429
0.220472441
0.923076923
0.301587302
0.060240964
0.258726899
0.178947368
0.024242424
0.075555556
0.057034221
0.19858156
1.172932331
0.293103448
1.857142857
-1
0.034165572
0.096153846
0.062295082
-1
0.134751773
0.357798165
0.044630404
0.428571429
-1
0.074074074
2.5
0.097633136
0.102870813
0
-1
1.780487805
0.101449275
0.193333333
0.045454545
0.064315353
0.137741047
-1
0.011331445
0.75862069
0.032679739
0.158357771
0.015384615
0.394618834
3.533333333
0.070556309
0.016326531
0.164705882
-1
0.02559727
1.954545455
10.61538462
0.153846154
0.02173913
0.075286416
0.36
-1
0.038771031
0.533333333
0.636363636
0.521126761
0.037225042
0.07320442
0.076106195
0.183035714
0.284246575
0.134117647
0.6
-1
0.14516129
4
0.233173077
0.105442177
1
0.595744681
-1
0.691358025
0.038647343
0.425287356
0.616438356
0.170426065
0.036480687
0.030981067
-1
0.121588089
0.011352886
0.048837209
0.035211268
0.038847118
-1
0.461538462
4.3
3.434782609
-1
-1
0.881578947
0.821428571
0.46
0.002126152
0.088757396
0.04
0.0052589
0.275555556
0.193939394
0.375
0.028985507
0.139240506
-1
0.125
-1
0.492307692
0.041547278
0.133655395
0.290322581
0.111510791
0.444444444
0.086124402
-1
0.023255814
0.069672131
0.353909465
0.372807018
1.575757576
0.052955665
0.048882682
0.13034188
-1
0.096774194
0.139664804
0.018223235
-1
0.083333333
0.024722933
0.092996556
0.335203366
0.151639344
0.001914486
0.084980237
0.680933852
0.117519042
0.111344538
0.083333333
0.096064815
0.379746835
-1
-1
0.5
0.408783784
0.084210526
0.09602649
0.024556617
0.083146067
-1
1.590909091
0.067061144
2.5
0.125
0.030487805
0.232044199
0.107317073
0.854166667
0.214750542
0.075203252
0.088362069
0.027377522
0.022753129
0.064516129
0.172972973
-1
0.0523918
0.04
0.024038462
2.741935484
1.647058824
0.237668161
0.480769231
0.952054795
0.008571429
0.023376623
0.022312373
0.075630252
0.079866889
0.242105263
0.136363636
-1
0.053246753
0.196666667
-1
0.08
0.053571429
0.008223684
-1
0.103021978
0.088421053
0.092105263
0.180555556
0.113247863
0.034482759
0.035483871
0.471698113
0.019877676
0.18
-1
0.027950311
0.159663866
0.133333333
0.036630037
0.039735099
0.065934066
0.290766208
0.139784946
0.063260341
0.031612903
0.046070461
0.03860523
0.308411215
0.018255578
0.037234043
-1
0.05
-1
0.024193548
0.004226543
-1
0.052816901
0.027632039
0.275409836
0.0128
-1
30
0.077762619
0.319148936
0.036312849
0.782608696
0.179104478
0.588235294
2.24
0.013254786
0.620253165
0.105691057
0.063829787
0.656565657
0.134078212
0.029493088
0.047337278
0.335365854
0.030162413
0.368421053
0.014742015
0.157303371
0.096837945
0.131578947
0.736434109
-1
0.724137931
-1
0.028985507
0.61682243
0.120192308
0.56547619
0.121621622
0.067173638
0.1875
0.062992126
1.404255319
-1
0.072202166
0.098305085
0.00872818
0.681818182
0.269230769
0.631578947
0.01897019
0.53125
0.291553134
1.818181818
0.010989011
0.011494253
0.030141844
0.307692308
0.109090909
-1
-1
0.037037037
0.112798265
-1
0.025210084
0.196721311
0.02283105
0.083333333
0.172291297
0.264705882
0.012931034
0.015625
0.055555556
0.074974671
0.010230179
0.006430868
0.308108108
0.058823529
0.23
0.078804348
-1
0.073253833
0.004700353
0.103658537
0.066331658
0.0375
0.328703704
0.492385787
0.404494382
0.0625
0.2997543
0.55625
0.078277886
0.216326531
0.060633484
1.93442623
0.145454545
0.25
0
0.062098501
0.3
0.108588957
0.018867925
0.46
0.480176211
0.154639175
0.206896552
0.85
0.076923077
0.076190476
-1
0.416666667
0.00308642
0.025
-1
0.025969962
1
0.044776119
0.02247191
0.018658892
0.103641457
0.187772926
0.425531915
0
0.461538462
0.05734767
0.06424581
0.106830123
0.243243243
0.095571096
0.098404255
-1
0.111607143
0.074626866
0.157894737
0.052459016
0.066115702
0.209923664
0.315384615
0.119164619
0.177777778
0.048192771
0.048897411
0.09623431
0.075718016
0.513761468
-1
0.087939698
0.175280899
-1
0.109792285
0.057388809
0.208994709
0.052447552
0.878787879
0.073979592
0.724137931
0.090909091
0.0045106
0.329411765
0.037993921
-1
0.070017953
1.01459854
0.131736527
4.5
0.033653846
0.358024691
0.028901734
0.18079096
-1
0.174262735
0.050701187
0.013297872
0.27607362
0.010830325
0.026595745
0.3
0.070512821
0.052839117
0.068773234
0.115830116
0.095238095
0.004291845
0.724137931
-1
0.002209945
0.12034384
0.030769231
0.388316151
0.666666667
0.534246575
0.110576923
0.037924152
0.027127004
0.666666667
0.092682927
-1
0.136882129
0.106918239
0.043972707
0.015801354
-1
0.723076923
-1
-1
-1
0.066381156
0.008660893
3.696202532
-1
0.017047184
0.007385524
-1
0.042675159
1
-1
0.198113208
0.376470588
0.380952381
1
0.002001001
0.190376569
1.25
0.026773762
-1
0.114206128
0.603960396
0.020806242
0.075949367
0.194029851
0.084249084
0.006369427
0.965517241
0.034090909
-1
0.009249743
-1
12
0.251497006
0.074675325
-1
0.030257186
0.057971014
0.016
0.457142857
0.592592593
0.13559322
0.027820711
-1
0.064335664
0.056506849
0.0260631
0.137651822
0.11026616
0.422222222
0.076446281
0.139874739
0.050847458
0.847826087
0.261904762
0.018487395
0.079710145
0.20576671
0.164835165
0.175324675
0.177865613
0.069767442
0.050884956
0.134228188
0.425742574
-1
6
0.01905972
0.099099099
1.130081301
0.009451796
0
0.011415525
0.243589744
0.123809524
0.325757576
0.674157303
0.108695652
0.063157895
1
0.234375
0.059125964
0.086419753
-1
0.208144796
0.217391304
0
0.00795756
0.256756757
0.26
0.068093385
0.253481894
-1
0.724137931
0.223880597
0.025423729
0.796116505
0.026798307
0.103448276
0.265060241
1.857142857
0.024561404
-1
0.252583238
0.421052632
0.016949153
2.14
0.169741697
0.042735043
0.346153846
0.044303797
0.022749753
0.003424658
0.754716981
0.037807183
0.456692913
-1
0.0591133
0.026252983
0.029850746
0.089108911
0.307692308
0.5
0.014207149
0.5
0.037735849
-1
0.042682927
0.09
-1
-1
0.10952381
0.071761417
0.030769231
0.360406091
0.113333333
0.140186916
0.184079602
0.180076628
0.25862069
-1
0.512690355
0.179487179
0.049808429
0.633333333
0.028176796
0.098330241
0.071428571
0.149350649
0.090361446
0.08
0.078586498
17
0.005066498
0.022105263
0.1414791
0.005633803
0.209821429
0.116731518
0.092465753
-1
0.001813237
0.255172414
0.040178571
0.220588235
0.087837838
0.43452381
0.079295154
0.086363636
0.089655172
0.5
0.084870849
0.233183857
0.046692607
0.167400881
0.00397878
0.001298701
0.174846626
0.006510417
0.2
-1
0.073170732
0.053941909
0.75308642
0.044692737
0.017045455
0.097972973
0.023255814
0.333333333
0.103448276
0.139118457
0.047385621
0.144787645
0.056390977
0.53125
0.035169988
0.057739558
0.598214286
0.4375
0.032296651
0.018156425
0.02494577
0.132075472
0.1
-1
0.423728814
0.019390582
0.098081023
20.22857143
0.222222222
0.117886179
0.457627119
0.001358696
0.197879859
0.05015674
-1
0.262569832
-1
0.688311688
0.012232416
0.152428811
0.077294686
0.056666667
2.107142857
0.094736842
0.044871795
-1
0.282051282
0.099494098
0.205504587
0.112765957
0.25
0.105820106
-1
3.230769231
0.01973165
0.142857143
0.070725157
0.008097166
0.25872093
-1
0.103523429
0.032258065
0.063893016
0.030612245
0.161339422
0.192380952
0.135135135
0.339805825
-1
0.001145475
0.08440367
0.535087719
0.085427136
-1
0.066783831
0.020766773
0.195195195
0.145669291
1.6
0.253731343
0.066246057
0.031936813
0.002932551
0.078740157
0.01822753
0.034623218
-1
0.01754386
0.083050847
0.05513308
0.156398104
0.285488959
0.234597156
0.034772182
0.304878049
0.070175439
0.028985507
0.163793103
0.003561254
0.112676056
0.04058193
0.094428706
-1
0.01980198
0.636363636
0.044736842
0.155102041
0.076142132
0.054736842
0.422680412
0.330708661
0.046822742
0.147727273
-1
0.046153846
0.430769231
0.05952381
-1
5.052631579
0.016104294
-1
0.076326003
0.030701754
-1
0.164222874
0.023622047
0.019417476
0.176136364
0.086021505
0.026548673
0.27672956
0.227722772
-1
-1
0.056782334
0.25
-1
0.081081081
0.724137931
0.06259542
0.030590717
2.349056604
0.047393365
0.392857143
0.04028777
0.04798629
2.166666667
0.494252874
0.075294118
0.299019608
0.120320856
0.038461538
9.7
0.023414634
0.4375
0.011678832
0.08649789
0.576687117
0.064891847
0.112244898
0.075
0.217213115
0.063492063
0.208955224
1.281690141
0.100840336
0.031930334
0.089848308
-1
0.722222222
0.001072386
0.680851064
0.394594595
8.29E-04
0.025727069
0.005594406
0.029503106
0.057142857
0.101265823
0.214285714
0.021556257
1
0.439189189
-1
0.015452539
0.018083183
0.030655391
0.056737589
0.099431818
0.058712121
0.910447761
0.157894737
0.07486631
0.085365854
0.022344013
0.026004728
2.535714286
0.387096774
0.217647059
0.013872832
0.065527066
0.044280443
0.007142857
0.017760618
0.683333333
0.14541387
-1
0.242553191
0.034749035
0.724137931
-1
0.003921569
0.020151134
0.021052632
0.201923077
0.032876712
0.117408907
0.18627451
0.021768707
0.076086957
0.101522843
0.12455516
0.045
0.126373626
0.090909091
0.156709957
0.268292683
0.105263158
-1
0.777777778
0.003229279
0.018867925
0.85
0.035234899
0.055147059
0.142642643
0.035714286
0.100126743
0.052401747
0.034883721
0.024881517
0.277777778
0.064814815
0.282258065
0.017821782
0.008591065
0.695652174
0.212290503
0.344262295
17.33333333
0.456
0.138830898
0.170940171
0.083946981
0.083333333
0.03030303
0.032085561
0.022988506
1.385964912
0.123931624
0.07300885
0.254901961
0.251428571
-1
0.160599572
0.125827815
-1
0.157894737
0.1875
1.012345679
0.016528926
0.051146384
0.105960265
0.697674419
0.096219931
0.842105263
-1
0.01
0.319230769
0.227586207
0.162705667
-1
0.375
0.435606061
0.236363636
0.276470588
0.002267574
0.089552239
0.146067416
0.19434629
-1
0
0.175257732
0.296137339
0.243303571
0.017326733
0.3375
0.138381201
0.466666667
0.015429122
0.067164179
3.347826087
-1
0.076923077
0.052413793
0.002290951
0.017766497
2.954545455
0.029325513
-1
0.076241135
0.058309038
0.012622721
0.023065476
0.078066914
0.166666667
0.079545455
0.328125
0.070754717
0.052117264
0.025757576
0.196319018
0.115862069
0.051282051
0.398734177
-1
0.080068143
0.190798376
0.203703704
0.011668611
-1
0.058823529
0.724137931
0.270718232
0.033591731
0.028257457
0.506329114
1.666666667
0.15
0.137254902
0.047393365
0.222891566
0.053087757
-1
0.076409496
0.655172414
0.058823529
0.24691358
-1
0.35
-1
0.026804124
0.031951641
0.23125
0.6
0.261904762
0.118959108
0.035233161
0.293478261
0
0.12195122
-1
0.192307692
0.047311828
0.142450142
0.213414634
0.146853147
0.326530612
0.052950076
2.611111111
0.188811189
0.034220532
0.035429584
-1
0.067039106
0.183783784
0.036211699
0.821428571
0.210526316
0.724137931
0.163120567
0.122257053
1.356164384
0.066666667
0.096153846
-1
0.030463576
0.066252588
0.196721311
0.25
0.484375
0.117647059
0.009298721
-1
0.027777778
-1
0.06618705
0.180672269
0.18597561
0.255102041
0.028915663
0.065155807
0.018659295
-1
0.25
0.421428571
0.056168506
0.421052632
1.066666667
0.024237686
0.079470199
0.041841004
0.917431193
0.036809816
0.195402299
0.298507463
-1
0.475409836
0.004246285
0.223880597
0.240740741
0.908496732
0.025714286
0.049479167
0.191176471
0.047882136
0.411764706
0.239564428
0.882352941
1.05
0.18783542
0.12109375
0.077956989
0.417322835
1.939393939
0.025
1.827586207
0.044622426
3.171428571
0.035058431
0.018617021
0.023648649
0.061403509
0.087662338
1
0.196172249
0.099173554
1.493150685
0.048473968
0.23465704
0.02435724
0.006841505
0.12745098
0.016379672
0.161764706
0.69273743
0.013788575
0.021390374
0.733333333
0.323383085
0.418803419
0.346456693
0.109792285
0.032598274
0.018847007
4.327586207
0.084210526
0.348837209
0.045302013
0.104166667
0.046599496
2.8125
0.046357616
0.007739938
0.14957265
0.033333333
0.189526185
0.023255814
0.009746589
0.266666667
4.19047619
0.23255814
-1
0.368421053
0.014893617
0.466101695
0.010919782
0.107226107
0.123595506
0.042857143
0.023088023
4.60E-04
0.516129032
0.113490364
0.103194103
0.058219178
0.203389831
0.007540057
0.094059406
0.057324841
0.234234234
0.028571429
0.02310231
0.092124814
0.054878049
0.001294219
0.017182131
1
0.578680203
-1
-1
0.017241379
0.081081081
0.046137339
0.046099291
0.014050092
1.433333333
0.21875
0.327102804
0.016
0.058823529
0.5215311
0.010752688
0.117794486
0.022160665
9.10E-04
0.073529412
0.361842105
0.004612546
-1
0.016616314
0.018867925
1.194444444
0.023809524
0.005775578
0.833333333
0.278911565
0
0.634615385
0.689655172
0.09375
-1
0.078751857
1.347826087
0.015748031
2.444444444
0.131428571
0.055137845
0.104089219
0.028089888
0.114754098
0.003610108
0.116451017
1.204545455
0.086315789
-1
-1
0.107061503
0.0224
0.171206226
0.131826742
0.25
0.063683305
0.384146341
0.172839506
0.049099836
0.071428571
0.285714286
0.119705341
0.014477766
0.006893382
0.038163001
0.032258065
-1
0.044776119
0.436426117
0.452380952
0.017050298
0.021766965
0.024495058
0.018867925
0.025682183
0.04805726
0.189735614
0.099778271
0.025380711
1.023255814
0.094476744
0.002047083
0.042864894
0.05704698
0.113989637
0.050847458
0.75
0.411504425
0.054676259
0.014836795
0.019966722
0.833333333
0.034277198
0.073684211
0.129139073
-1
-1
0.302325581
0.023809524
0.921875
0.017799353
0.015317287
0.026315789
6.861111111
-1
0.201277955
-1
0.088082902
-1
0.05234657
0.056962025
0.112967914
0.031496063
0.218181818
0.179640719
0.064102564
2.083333333
0.018461538
0.184971098
0.048879837
0.075431034
-1
0.004492788
0.108108108
-1
0.03264095
0.055793991
0.877729258
0.046728972
4.315789474
0.047619048
0.19266055
0.126582278
-1
-1
0.023496241
0.113207547
0.062848051
0.046838407
0.364485981
-1
-1
0.168604651
0.068181818
0.552380952
0.012304251
0.01520387
0.029107981
-1
2.083333333
0.038461538
0.009025271
-1
1.03649635
0.181395349
0.224489796
0.106508876
1.081081081
0.128205128
0.097560976
0.003472222
0.032520325
0.156565657
0.142523364
-1
0.154545455
1.111111111
0.314814815
0.09
0.023411371
0.154761905
0.012738854
0.050377834
0.001592357
0.288135593
-1
0.114942529
0.046296296
0.328947368
-1
0.004618938
0.247272727
0.050515464
0.953125
0.034156595
0.032534247
0.066831683
0.113636364
0.180327869
0.113274336
0.584615385
0.221176471
6.307692308
0.034916201
0.964912281
4
-1
0.022522523
0.103542234
0.050473186
0.985815603
0.076628352
-1
0.318181818
0.016949153
0.011164274
0.353535354
1.24
0.375
0.018181818
0.028301887
-1
0.801120448
0.053571429
0.18452381
0.001143511
0.861111111
0.095238095
0.012614679
0.652173913
0.226666667
0.179245283
0.094
0.158273381
0.090301003
0.146604938
0.02955665
1.725
0.231927711
0.06712963
0.022653722
0.142857143
0.123222749
0.018867925
0.584415584
1.231707317
0.034482759
0.041522491
0.380208333
0.040114613
0.066312997
0.024793388
0.409090909
0.874015748
-1
-1
0.487804878
0.193277311
-1
0.001743173
0.033898305
0
0.139880952
0.109479306
0.25
0.132653061
-1
0.3640553
0.309333333
0.043196544
0.457943925
-1
0.076696165
0.023297491
-1
0.28852459
0.023094688
0.057142857
0.015659955
0.089385475
0.005565863
0.052884615
0.031217482
3.111111111
0.988505747
0.241590214
0.387867647
0.026260504
0.901960784
0.068410463
0.053929122
0.11409396
-1
0.341085271
0.075409836
0.916666667
0.25
0.051964512
0.139194139
0.054347826
0.11
0.057142857
0.16576087
0.420289855
0.105072464
1
0.050089445
0.153846154
0.127777778
0.442105263
0.038752363
0.285714286
0.081300813
0.015761821
0.176470588
0.436170213
0.196491228
-1
0.113636364
0.029761905
0.075
0.051194539
0.195945946
-1
0.032490975
-1
0.061818182
4.722222222
0.148325359
0.064685315
0.019461078
0.407894737
0.768472906
0.480392157
0.092682927
0.005175601
0.076923077
0.551020408
0.238938053
-1
0.071146245
0.317204301
2.575757576
0.001187648
1.4
0.083916084
0.026659412
0.113161132
0.008264463
0.089705882
0.044871795
0.028985507
0.080729167
0.135135135
0.19205298
0.233830846
0.021634615
1.714285714
0.013793103
-1
0.563492063
0.317460317
0.004578755
0.15015015
0.078624079
0.061270802
0.020833333
0.179856115
0.237037037
0.068100358
0.07879925
0.070955535
0.002398082
0.045081967
0.055921053
-1
3.194444444
0.016260163
0.038359788
0.724137931
0.048076923
0.5078125
0.031914894
0.081632653
0.446428571
0.00569395
0.272727273
0.13164557
0.161764706
0.724137931
0.018529588
0.015668203
0.031446541
0.289183223
0.014563107
0.1584
0.287735849
0.00789266
0.391089109
0.255499154
0.096209913
0.03264095
0.175555556
0.007009346
0.137019231
0.026946108
0.082474227
0.197247706
1.25
0.051546392
-1
0.070422535
0.010471204
0.037558685
-1
0.043111528
0.03030303
0.063860668
0.049411765
0.011494253
0.07253886
0.034920635
0.535714286
0.168316832
0.055555556
0.196347032
0.272727273
0.338709677
0.046822742
0.054545455
0.049140049
0.072847682
0.040241449
0.094488189
0.017981201
0.058282209
0.048969072
-1
1.950617284
0.266485998
0.007279345
0.003144654
-1
0.006030702
-1
-1
0.055851064
0.172043011
0.451097804
-1
0.013274336
0.857142857
0.09976247
0.389473684
0.034753363
0.004807692
0.919354839
1.457142857
-1
0.133986928
0.109929078
0.031558185
0.595744681
0.021406728
0.724137931
0.033687943
0.115191987
0.115273775
0.140243902
0.037202381
0.071906355
0.023460411
0.165048544
0.022913257
0.048964218
0.060642093
1.16
-1
-1
0.272727273
0.731958763
0.275568182
0.117549669
0.01618123
0.080229226
0.35862069
0.04989605
0.11372549
0.471615721
0.262910798
0.12012987
0.092213115
0.039647577
0.028828829
0.075829384
-1
0.119496855
0.430604982
0.045454545
0.015530047
-1
0.018854749
0.361445783
0.115523466
0.017684887
0.025287356
0.026595745
0.835051546
0.366925065
0.058201058
0.52173913
-1
1.5
0.016129032
0.114325069
0.05465288
1.294736842
-1
0.076502732
0.597560976
0.039647577
0.198275862
0.183168317
0.035532995
0.244186047
0.01026694
0.047798742
0.241573034
1
0.005998286
0.304347826
0.392857143
0.092857143
-1
4.333333333
0.060126582
0.272727273
0.018050542
0.046934866
0.10298103
-1
0.248
0.349563046
0.178343949
0.18061674
0.095238095
1.638888889
0.082386364
0.100952381
0.120481928
0.021699819
0.538461538
0.031565657
0.469387755
0.50867052
0.021960784
0.024774775
-1
0.038043478
0.007724302
0.142857143
0.086021505
0.310344828
0.17254902
0.125748503
0.011400651
3.315789474
0.032258065
0.456521739
0.013015184
0.150326797
0.080385852
0.024637681
0.032
0.216101695
2.063492063
0.318627451
0.015267176
0.115384615
0.108280255
0.088957055
0.013452915
0
-1
0.153846154
0.02526725
1.129411765
0.240343348
0.055335968
0.034428795
0.426229508
-1
0.111782477
0.110576923
0.133942161
0.015306122
3.459459459
4.071428571
0.073394495
0.00754717
0.183486239
1.12
0
0.140786749
0.225146199
0.547169811
0.018181818
0.027072758
0.128571429
0.0515625
0.012765957
0.113157895
0.977777778
0.143327842
0.505434783
0.261398176
-1
0.119230769
0.167088608
0.067264574
0.01965924
0.168316832
0.010183299
0.154989384
0.031007752
0.401544402
0.140718563
0.07300885
0.062560154
0.038297872
0.043307087
-1
0.002666667
0.194871795
0.03654485
3.826086957
0.465909091
0.044684129
-1
0.073995772
0.166297118
0.020408163
0.396449704
0.124390244
0.157480315
0.807692308
0.317535545
0.041162228
0.256198347
-1
0.112627986
3.307692308
0.019830028
0.049019608
0.329896907
0.334883721
0.175384615
2.134328358
0.842105263
0.005124451
-1
0.178117048
0.434210526
0.036821705
-1
-1
-1
2.805555556
0.046195652
0.021604938
0.378881988
0.03969129
-1
0.235173824
0.092165899
0.017316017
0.03874092
0.032345013
0.287313433
0.014447884
0.205583756
0.115631692
0.110062893
0.234859675
0.002636204
-1
1.111111111
0.108474576
0.076023392
0.078947368
0.025613661
0.095652174
0.132701422
0.074498567
0.080346106
0.076555024
0.069073783
0.001470588
0.352678571
0.092071611
0.205405405
0.017725258
-1
0.152905199
1.111111111
0.202020202
0.04
0.084033613
0.031602709
0.363636364
0.055852644
-1
0.764705882
0.732075472
1.371428571
0.045
0.064139942
0.388888889
0.051912568
0.18442623
-1
0.079545455
0.288770053
0.438095238
0.060606061
0.062052506
0.019823789
0.025316456
-1
0.115773116
0.019565217
0.41011236
-1
-1
0.087336245
0.021064302
0.195652174
0.116022099
0.055555556
0.022517912
0.030612245
0.563636364
0.015249267
-1
0.036328872
-1
0.137254902
0.203821656
0.652173913
0.019812304
0.022222222
0.013157895
2.714285714
2.658536585
1.068181818
0.08974359
-1
0.027210884
0.229166667
0.064864865
0.204217536
1.228187919
0.100436681
0.121621622
0.143661972
0.162464986
0.364583333
0.578947368
4.666666667
0.015594542
-1
1.21875
0.128
0.155234657
0.016796395
0.029112082
0.012987013
2.717391304
0.392045455
0.15248227
0.93877551
0.045180723
2.233333333
0.087405368
0.681818182
3.157894737
0.068181818
0.098214286
-1
0.048442907
0.019736842
0.003960396
0.069033531
0.117100372
0.021205357
-1
1.58E-04
0.0861678
0.177777778
0.24
0.007598784
-1
0.348684211
0.060077519
0.238095238
0.079584775
0.099378882
0.169014085
0.149377593
0.004683841
0.026488002
0.409836066
0.002317497
0.004330567
0.64516129
0.724137931
0.269749518
0.054404145
1.416149068
1.25
0.101796407
-1
3.909090909
0.579545455
0.176470588
0.040268456
0.083076923
0.08365019
-1
0.426666667
0.340909091
0.031100478
1.953488372
0.009861933
0.17699115
0.4
0
0.050420168
6.205128205
-1
0.00238379
-1
0.033378747
-1
0
0.152671756
0.027906977
0.14
0.011845387
0.172043011
0.059602649
0.310344828
0.236363636
0.054726368
0.027303754
0.018867925
0.022857143
0.019565217
0.030651341
-1
0.083783784
0.050607287
0.015768725
1
0.030456853
0.065595716
0.066723695
0.058333333
0.171511628
0.095477387
0.412037037
-1
0.033057851
0.126436782
0.577586207
-1
0.188697318
0.065789474
0.10430622
0.126760563
0.001392758
0.299342105
0.615384615
1
0.0625
0.003762935
0.088372093
0.010408922
0.035555556
0.168367347
0.662650602
0.008
0.6
0.020949721
0.021691974
0.059171598
0.019417476
0.046511628
0.012614679
0.026609442
0.004172462
0.033282905
0
0.059322034
-1
0.013026052
0.122807018
0.038461538
-1
0.043737575
-1
0.132450331
0.053908356
0.268292683
0.12295082
0.100271003
0.328313253
4.411764706
0.022574741
0.173770492
0.142528736
1.263157895
0.086864407
0.088050314
0.306849315
0.157608696
-1
0.013621795
0.025316456
0.330788804
0.010463378
0.020289855
0.107334526
0.128301887
0.038696538
0.31938326
0.061764706
0.261363636
-1
0.108391608
0.176646707
0.024734982
0.094339623
0.221590909
0.017902813
0.045540797
0.825581395
3.611111111
0.077181208
0.01994302
0.085346216
0
0.14479638
0.098880597
0.079207921
0.115321252
0.029891304
1.166666667
0.5
-1
0.077586207
0.2
0.142076503
0.114285714
0.049217002
0.379746835
0.020804438
0.105960265
0.380434783
-1
1.2
0.138181818
0.154929577
0.62295082
0.304878049
0.049707602
0.054151625
0.537037037
0.053140097
-1
0.018518519
0.0390625
0.145772595
-1
-1
0.033613445
-1
0.005993545
0.030129125
0.064766839
0.641921397
-1
0.007437458
0.03900156
3.857142857
0.128266033
0.169724771
-1
0.850746269
-1
0.05733945
0.082066869
0.974576271
0.402173913
0.259259259
-1
0.201388889
0.004054054
0.049618321
0.111111111
9.5
-1
0.303921569
0.814814815
0.06015891
0.270833333
-1
0.070754717
0.027777778
0.491864831
0.093283582
0.25
0.196078431
0.017964072
0.247706422
0.175616836
0.05337904
0.036450079
0.091182365
0.225409836
0.014396456
0.048648649
0.118421053
0.161987041
0.833333333
0.03047619
0.365853659
0.302845528
0.4
-1
0.945945946
0.025641026
0.034572169
0.036809816
0.019503546
0.162790698
0.024
0.017944535
0.01754386
0.083333333
1.263157895
0.083969466
0.067510549
0.083333333
0.074074074
0.286764706
-1
0.04296875
0.053742802
0.011056511
0.054166667
0.863829787
0.119363395
-1
0.193277311
0.006784261
-1
0.123893805
0.03030303
0.085213033
0.142557652
0.121495327
0.02861883
0.089903181
0.559139785
0.469387755
0.5
2.625
0.03202847
0.06504065
0.891719745
0.01884253
0.015689513
0.048859935
0.08045977
0.042288557
0.070866142
0.079027356
0.04964539
16.4
2.604651163
0.188868043
0.137681159
0.333333333
0.232098765
0.005578801
-1
0.014945652
0.02994012
0.094476744
0.15
0.129496403
0.490384615
0.002628614
0.229965157
-1
4.375
1.785714286
0.08
0.015124555
0.027160494
-1
6.5
0.050299401
-1
0.136363636
0.196969697
0.13622291
0.185185185
2.384615385
-1
0.333748443
0.006274275
0.044407895
0.211267606
0.088050314
0.12033195
0.161764706
0.032921811
0.724137931
0.275080906
0.410596026
0.013398295
7.95E-04
0.055555556
-1
0.76744186
0.441176471
0.016574586
0.135384615
0.046875
-1
0.035294118
0.016666667
0.059649123
1.230769231
0
0.017103763
0.051212938
0.082920792
1.266666667
0.039145907
0.747474747
0.486486486
0.056179775
0.170454545
-1
0.103896104
0.025210084
0.072805139
2.3
-1
0.102420857
0.056748466
0.191780822
-1
0.031398104
0.184971098
0.174796748
0.06885759
0.075471698
0.652173913
0.101694915
0.393258427
0.071428571
0.127340824
-1
0.063988095
0.084916201
0.375
0.005094614
0.16730038
0.07
0.213414634
0.016949153
0.018867925
0.056692913
0.393728223
0.013242527
0.033955857
0.264214047
0.150234742
0.583333333
0.84
0.044630404
0.043314501
-1
0.164383562
0.13164557
0.153153153
0.203539823
0.908496732
-1
0.067885117
0.072131148
0.113636364
0.062639821
-1
0.050808314
-1
0.015192621
0.430868167
0.136363636
0.230769231
0.3
0.3
0.116022099
-1
0.357142857
0.028070175
3.55
0.091533181
0.0625
0.25210084
0.15936255
0.098863636
0.181818182
0.277777778
-1
-1
0.353535354
0.033932136
0.044964029
0.0330033
32.5
0.336283186
0.112627986
-1
0.609090909
0.025559105
0.025411061
0.152542373
0.035
0.037449393
3.625
0.011494253
0.02208589
-1
0.050073638
0.020833333
0.153333333
0.005925926
0.024633124
0.029370629
-1
0.116923077
0.073394495
0.390804598
0.01459854
0.231511254
-1
0.015594542
0.126637555
0.117199391
0.214285714
0.112820513
0.091139241
0.368421053
0.073298429
0.020833333
0.141414141
0.126666667
0.048128342
1.12345679
0.965116279
0.047180043
0.0625
0.043545879
-1
0.166153846
0.018382353
0.002339181
3.333333333
0.180952381
0.126213592
0.002295082
0.008073818
0.370967742
0.037249284
0.123680241
-1
0.026666667
0.020920502
0.055894309
0.006944444
0.177330896
0.012526096
0.146039604
6.789473684
0.125
0.139534884
-1
0.014218009
-1
0.016339869
0.017482517
0.071713147
0.082132565
0.054263566
0.147117296
0.046610169
0.025225225
-1
0.428571429
0.037785589
0.014705882
0.088235294
0.724137931
0.084158416
0.235042735
0.005138746
1.928571429
0.441295547
0.088145897
0.021935484
0.11627907
0.023140496
0.012048193
0.173410405
0.046017699
0.014423077
0.054095827
-1
0.026153846
-1
0.082375479
0.020689655
0.120689655
0.12704918
0.011594203
1.75
0.136217949
1.090909091
-1
-1
0.019736842
0.020229885
0.306748466
0.005522319
0.146902655
0.030592734
0.203125
0.63
0.442528736
0.033488372
0.397727273
0.016783974
0.125340599
0.045317221
0.130434783
0.215686275
0.007067138
0.0875
0.088691796
0.968253968
0.122164049
0.055813953
0.026570048
0.022375215
0.128440367
0.013925152
1.037037037
0.192488263
0.072289157
0.017687075
0.020325203
3.144927536
0.714285714
0.176811594
0.232044199
0.367231638
0.363636364
0.532846715
0.184782609
0.879310345
0.177676538
0.062622309
0.010247137
-1
0.043348281
0.312368973
0.620437956
0.330708661
0.013446568
0.033657442
0.008064516
0.013227513
-1
0.117834395
-1
0.263565891
-1
0.220779221
0.35483871
0.12628866
0.107142857
0.237804878
0.060358891
0.005754759
0.4
0.03875969
-1
0.08988764
-1
0.038523274
0.225806452
-1
0.003267974
0.053872054
0.727272727
0.191780822
0.944444444
0.076219512
0.204301075
0.477272727
0.078231293
0.037974684
0.042349727
0.29245283
0.00685401
0.050295858
0.055162659
0.170212766
0.091180867
0.175675676
0.172506739
0.05952381
0.156089194
0.067307692
1.021978022
-1
0.038961039
0.031914894
-1
0.080792683
0.217948718
0.185185185
-1
0.061669829
0.027800491
0.15
0.080188679
0.052413793
0.042647059
0.047091413
0.05811138
0.021276596
0.208333333
0.173553719
-1
0.054545455
-1
1.356164384
0.652173913
0.230769231
0.039473684
0.044628099
0.493670886
0.414285714
0.298245614
0.387755102
0.010889292
0.937984496
0.059925094
0.009267841
0.021356784
0.030206677
0.162162162
-1
-1
0.027522936
0.158730159
0.120879121
0.063018242
0.08563135
0.070945946
0.074038462
3.482758621
0.010262258
-1
0.059513831
0.098207327
0.664516129
0.213903743
0.166666667
0.041055718
-1
0.013861386
0.056410256
0.11
0.396436526
0.35483871
0
0.016139044
-1
-1
0.105263158
0.147727273
0.009124088
0.011015326
-1
8
0.261904762
0.018306636
0.003367003
0.519685039
-1
0.518072289
0.115463918
0.106557377
0.058394161
0.07160804
0.145530146
0.084745763
0.228464419
1.190839695
0.326848249
0.283783784
1.130434783
0.120689655
0.251141553
0.1
0.020114943
0.004950495
-1
0.223529412
3.666666667
0.003398471
0.011560694
0.028409091
0.1
0.136531365
0.053468208
0.183615819
0.576576577
0.095115681
0.936575053
0.099358974
2.041666667
-1
0.08401084
0.013392857
0.02124183
0.85
0.057553957
0.048701299
0.010806916
0.291891892
-1
0.25
0.121761658
-1
0.016629712
0.293103448
0.315789474
3.5
0.045212766
0.049253731
0.711340206
0.2
7.285714286
0.470238095
0.330645161
0.123867069
0.062639821
0.074320242
0.02173913
-1
0.251381215
0.096938776
0.148706897
-1
0.08353222
-1
-1
0.010733453
0.00185701
0.071038251
1.489361702
3.259259259
0.6
0.054794521
0.013651877
0.040816327
0.008976661
-1
0.210031348
4.421052632
-1
0.046272494
-1
0.116040956
0.100192678
0.382352941
0.068965517
0.054252199
0.02126044
0.016949153
0.012128563
0.462068966
0.085714286
2.827586207
0.012275732
0.547169811
0.03601108
0.038216561
0.384615385
1.684210526
0.052023121
0.15658363
0.602739726
0.152304609
0
0.013850416
1.357142857
4.636363636
1.333333333
0.014577259
-1
0.445205479
0.039548023
0.023391813
-1
-1
0.024128686
0.133663366
0.079057592
0.003032345
0.564102564
0.036192214
0.186721992
0.05915493
0.040462428
0.289215686
0.037664783
0.018782383
0.005797101
0.192105263
0.256410256
0.022535211
0.026959561
0.066972477
0.003194888
0.793103448
0.214814815
0.260020555
0.051612903
0.490291262
0.048366013
0.013311148
0.234782609
0.054545455
0.033519553
0.051020408
0.32996633
0.053921569
0.010330579
3.863636364
0.097944377
0.026476578
0.247787611
0.611111111
0.229885057
0.199084668
0.065891473
-1
-1
-1
0.02247191
4.357142857
0.063116371
0.267326733
0.412060302
0.075757576
0.124137931
0.09380863
0.0512
0.245614035
0.03930131
0.006313131
-1
0.01459854
0.145882353
0.063263041
0.011242973
-1
0.0155902
0.310483871
0.118343195
-1
0.058121019
0.655405405
0.074303406
0.174311927
0.089576547
0.004149378
0.036828964
6.92E-04
0.548387097
0.048565121
0.054331865
1.173076923
0.092696629
3.833333333
-1
0.026170799
0.414414414
0.054945055
0.074534161
0.23364486
-1
0.153846154
0.031557377
0.035294118
0.241935484
0.68852459
0.645833333
0.039325843
0.184100418
0.017730496
0.045454545
0.055459272
0.08361204
-1
0.081677704
0.038095238
0.046511628
-1
0.065502183
0.212230216
0.158974359
0.062111801
0.125541126
0.021186441
0.215970962
0.954545455
0.04
0.096256684
0.22754491
0.066365008
0.261682243
0.086723769
0.020242915
0.027100271
0.085714286
0.006703911
0.001582278
0.710144928
0.015306122
0.042435424
0.557823129
0.658823529
0.291808047
0
0.01266766
0.256756757
0.029508197
0.024928092
0.135245902
0.075
0.211726384
-1
0.100502513
0.261261261
-1
0.150442478
0.25
0.00456621
0.074029126
0.01704918
0.05
1.1
0.058947368
0.042857143
0.089171975
0.026951673
0.101587302
0.016666667
1.114058355
0.068965517
0.060859189
0.029978587
0.226890756
-1
3.955223881
0.184782609
0.055979644
0.19205298
0.229299363
0.053789731
0.724137931
0.036706349
0.045092838
0.182539683
0.06779661
0.047619048
0.24732334
0.076923077
0.036796537
0.045454545
0.01189886
0.027732463
0.006329114
0.571428571
0.257425743
0.031076582
1.348837209
0.194384449
0.134168157
0.005813953
0.041044776
0.272108844
0.06377551
1.554545455
0.24829932
0.404145078
0.187861272
0.032036613
0.118644068
0.025331725
0.047619048
0.096219931
0.022135417
0.045343137
3.212765957
-1
0.186335404
-1
0.036057692
-1
3.48
0.0359375
0.14481409
0.239583333
1.391304348
0.099557522
2.537037037
0.17721519
0.138157895
-1
0.122572816
0
0.015235457
0.064599483
0.033742331
0.06010929
0.29787234
0.108695652
0.045454545
2
0.00968829
0.340540541
0.793103448
0.093220339
-1
0.826923077
0.06835443
0.233516484
-1
0.247619048
-1
0.348017621
-1
0.067641682
0.133802817
0.611111111
0.202898551
0.091002045
0.056338028
0.063084112
0.160839161
1
0.045544554
0.089655172
0.109589041
0.113744076
0.227848101
0.181818182
-1
0.030888031
0.029315961
0.046808511
-1
1.5
0.614457831
0.071326676
0.27826087
0.302083333
-1
0.751412429
0.717948718
-1
0.046598322
0.033261803
0.084452975
0.043103448
0.019047619
0.106557377
0.013761468
0.06185567
0.054662379
0.043525571
-1
0.005673759
0.015350877
-1
0.018495684
1.5
0.569444444
0.014184397
0.912280702
0.06446281
3.027027027
0.186440678
0.256410256
1.028571429
0.156862745
0.616071429
0.128205128
0.586206897
0.048414023
0.203742204
0.19895288
3.5
0.089171975
0.315789474
0.377192982
0.158333333
0.666666667
1.210526316
0.030795552
0.130859375
-1
0.317647059
0.259259259
0.114238411
0.022058824
0.047233468
0.139622642
0.042084168
0.056089744
0
0.466666667
0.102649007
0.047945205
0.001091703
0.111111111
0.064171123
0.015714286
1.204081633
0.336384439
0.121111846
0.07106599
0.138709677
1.428571429
0.110294118
0.079545455
0.004024145
0.724137931
0.092
0.028
4.578947368
1.294117647
0.02688172
0.016447368
0.418269231
1.058823529
0.182634731
0.050925926
0.03014038
0.101973684
8.714285714
0.33037037
-1
0.317073171
0.14037123
0.588235294
0.284518828
0.035714286
0.136363636
0.426229508
0.002357564
0.01510574
0.01322314
-1
0.026315789
0.024193548
0.044117647
0.352941176
0.007757952
-1
0.126582278
0.031047865
0.31372549
0.129807692
0.172535211
0.006561288
0.363636364
0.043829296
0.026966292
0.112288136
0.278688525
0.067226891
-1
0.461538462
0.023489933
-1
0.165577342
3.083333333
0.003121748
0.1375
0.274193548
1.666666667
0.048780488
0.225961538
0.464285714
-1
1.069230769
