non_markup_alphanum_characters
5424
4973
2240
2737
12032
4368
1287
27656
2471
11459
4401
2701
1062
4091
3610
883
268
852
3509
1511
3243
1927
1766
20757
3760
1802
21
67406
536
490
9935
5500
2531
4809
3225
2419
10422
2382
1987
4885
7456
8366
1200
9309
494
1078
3457
4791
12083
4191
4623
2493
2131
3920
2897
17131
8191
28276
1113
1029
14182
562
9671
10403
4372
3824
915
10513
17082
5472
4370
8663
879
3868
5431
14364
2853
6560
1000
2919
3871
9499
343
7989
1064
1177
2650
5190
4742
3393
11480
3453
940
423
3274
2100
13636
456
2780
29601
7883
865
848
5721
2863
2780
822
3075
1712
3590
2827
37737
5352
5587
691
2274
10697
282
1180
13109
5368
4094
2070
5301
2668
8060
903
4389
3042
10381
5527
2072
7525
15389
10451
3362
6300
1030
1755
3978
8571
35293
5461
74
1013
477
2620
1836
2063
6615
2923
10505
10708
0
2907
3575
34
354
9245
1225
483
4368
496
5763
4633
4777
2433
1942
64
16269
2531
972
25084
4030
14060
3324
45826
2589
980
2493
6988
1012
518
10088
1924
826
3802
4664
2138
4301
5072
7422
3045
35090
2334
5656
971
5686
5446
4774
3593
618
121
4989
1979
2464
780
1612
10299
9822
2017
3966
4171
3114
6666
4196
5279
18001
792
3488
7331
9109
5477
1124
3301
2583
2823
6060
760
6595
2503
53
968
4313
5211
5086
346
1096
6169
4349
228
16389
906
3314
1493
4804
1662
6569
324
394
5546
208
177
4789
194
334
111
2303
2283
12459
4198
7132
10886
2774
4421
18545
4431
3449
3330
617
6379
7854
34
843
1826
4615
3931
42211
9707
4529
14440
1750
1581
4216
837
6247
1431
401
338
4641
6769
4536
559
1220
682
2218
5515
1615
1777
3168
28051
4996
10049
17392
13799
16900
839
1599
13915
2184
752
5009
8443
660
1100
5242
2075
1478
18382
800
7990
265
4447
155
5583
22
1755
5397
554
101
4250
871
3475
777
1649
729
875
16705
7268
0
5662
5855
18753
15232
896
2733
970
652
4960
5628
1799
1419
5018
5231
40307
2362
892
3717
2782
6847
6376
1824
19882
4369
12194
4245
6695
4318
1644
2373
9599
13160
14840
159
1337
5883
1182
8853
1457
3778
866
4183
21639
29274
4491
1579
2237
2633
2444
5832
2831
1678
3
1303
156
3484
3473
2684
925
537
14216
9914
4082
8047
793
975
5848
1074
4354
1429
4951
3514
12469
18785
399
9500
1336
1789
895
2544
301
1884
2691
3673
1642
5321
5721
3117
2384
4411
7428
4277
28498
1674
4259
3306
98
1611
625
4917
5745
3038
3260
926
6213
7011
37753
830
1881
8249
4931
2788
18115
4803
4556
11315
428
15505
3520
1723
1715
103
27924
1595
7734
4702
458
12792
423
5584
2617
14206
790
993
9379
2769
40040
2601
847
1421
11544
925
74
3338
14752
1636
5787
703
6660
1471
750
3341
974
3625
459
7511
894
6116
6295
4940
11413
5994
2668
2840
3557
7763
21002
2681
3814
2356
1180
6342
412
3582
6375
1720
8257
4584
2415
44046
9216
2389
4628
18327
3059
2123
1634
4177
2789
28086
7549
895
1514
3953
1549
3511
3346
4194
3414
3888
3875
110
247
3996
3476
4851
827
3535
1699
3076
6414
13029
2444
1731
157
5136
1269
2151
7626
4505
3852
6504
4623
4608
1469
1725
947
395
6661
4090
4671
775
614
2294
1998
1347
94
103
2486
2738
462
6440
4789
117
94
10289
6546
5750
23516
423
9528
2112
4067
428
2049
3337
57540
219
7265
3832
7665
2337
7164
87948
2682
11574
11544
148
17072
10306
2052
44663
7775
2885
10557
6282
2292
4657
4591
5897
1504
6746
3997
5241
3942
3500
4633
2905
4814
1848
8507
274
4397
423
1669
1719
1193
6621
3029
822
7513
30131
2250
4493
7357
13870
4830
10702
15398
969
729
1760
6453
7078
9691
17528
9992
2072
21838
3622
3119
4937
88
5889
1879
4229
498
3112
4256
7027
1051
1079
1011
4045
2833
3957
647
734
451
2598
3066
13695
4344
1659
8419
203
894
8235
1710
344
4413
962
1625
160
5034
1508
8125
351
6684
1771
1499
688
9776
35677
504
10079
5109
6115
117
1629
4082
2730
3085
6694
4365
2882
21326
2431
1560
3516
18049
1234
3352
6311
11822
9184
2562
1203
10530
2424
874
1891
3537
5948
1944
6805
5278
15686
9017
10299
3794
2735
4653
5113
988
4213
439
4955
938
15763
2756
5950
3129
6815
2101
556
3236
5306
248
1479
3560
4656
1566
4392
22
5582
4678
18465
48441
1502
1954
1718
1731
4449
6096
918
25467
1270
12063
664
2785
9510
3603
7776
18296
4551
7846
271
5733
6519
2811
1445
2812
4550
3500
1359
2673
3447
1905
4920
3589
2442
1045
2315
4023
1149
38
35258
423
1576
347
4218
1047
1356
1522
6254
14842
4788
20986
4260
2513
1259
359
3722
12324
14975
968
5179
2536
6245
6296
8814
10287
3403
11233
2361
1707
39390
2643
261
8262
7810
54403
2858
1413
7141
10302
3104
5774
6161
8569
7647
1591
428
3186
8765
2882
390
14147
710
10113
1047
16677
1262
5031
632
261
2898
4767
7866
3752
45444
22858
875
172
4340
540
3393
29364
2605
4182
1430
3405
1680
11652
3465
3095
2165
501
509
3159
910
4214
423
8529
5450
4205
2649
4427
3120
2974
6346
96
11931
780
7844
81
3403
469
3185
873
12148
2532
4588
219
1615
5343
6021
846
6611
6119
7553
8277
2018
3336
1666
5802
1540
4870
1145
4726
9722
8310
58
1329
963
2792
3273
1256
4518
3127
628
9009
2975
4206
3311
2811
405
3413
345
19602
1869
5034
10810
5241
12719
4276
629
15326
7310
1179
3940
93
12598
254
2778
14493
638
339
6528
1258
3148
10682
2271
2019
1774
210
8398
44182
5124
613
1000
5062
3249
16098
5946
3881
3866
1082
1380
1028
3792
6156
701
3254
3831
4404
153
927
2450
8335
7335
15176
2688
9522
6511
8868
2378
10626
3059
409
6692
2325
1661
5753
4211
7783
9356
413
1156
3966
7831
21678
1369
2582
10417
3845
7970
875
2034
1652
2847
4416
8239
7905
2254
5994
70
882
3023
3886
29813
2788
2497
2377
478
2694
6371
1201
864
201
0
4472
1651
7926
16631
144
1432
44554
4558
7396
112461
7034
2517
8755
3880
4340
5184
1829
1385
904
3246
8825
4498
6744
1778
849
4165
2392
7153
310
111
288
3393
5550
6496
473
6433
5244
3327
9574
6551
1326
10615
3763
14369
30500
2112
19838
11022
2265
8781
15195
3334
1486
927
6332
5410
11273
1228
2467
1317
4961
1758
4832
4448
5018
4349
2340
941
8166
2966
7308
2834
8579
1962
308
5329
553
4767
2675
896
7500
32736
2370
16382
1160
3040
6796
3375
1035
1884
8593
1662
1485
583
879
793
1939
7264
2764
14476
257
2253
4338
1675
310
1605
787
979
3333
11718
2842
2365
2223
4174
3875
2606
3335
2232
6693
3853
7514
12989
86
1764
2640
3599
5222
1180
5090
300
5800
3329
9558
4516
546
6463
4411
10716
5335
2878
738
1081
6584
3022
4340
18445
845
26
4352
32030
1581
5093
1539
1308
11255
21487
3834
7442
1892
2194
10847
572
165
2518
3645
3642
2240
8395
2505
4125
8665
3433
11004
1530
1575
4067
558
9396
9421
726
17923
423
4722
47832
444
2691
4801
80
160
27288
954
983
2035
3654
4849
499
4764
7939
2863
4591
2079
3565
2375
52894
5156
2929
4576
5582
3741
4180
608
276
6796
542
6505
3945
3362
2937
3905
3832
22118
2359
6778
2829
7714
6182
45743
4828
82
4207
4349
9407
6233
9017
1579
6597
5593
540
312
4343
289
2738
2134
1285
2948
14109
356
7624
20
5910
3524
3040
95
1456
4810
3946
8264
992
5557
2684
3712
4229
1814
2681
2567
924
2945
5740
4120
2809
10328
539
3542
1376
5642
0
7119
1760
3366
2609
11999
3264
19375
931
7624
582
4745
21304
8578
4083
1900
1310
2254
1956
13491
8637
8807
1040
5646
1810
3519
788
169
2597
3775
1156
2589
977
6116
2402
1833
3973
1373
1675
3982
2532
1149
8439
42347
2244
3296
929
3502
8999
4412
19372
5582
2520
6803
1309
2303
3113
4454
5991
3167
25872
16762
107
4023
4666
18497
9566
936
3335
4933
56203
3789
3147
5901
3298
1552
1359
5005
913
7466
1631
21425
8747
75
3706
1527
1557
3109
369
2760
1859
5102
68083
7854
2036
6094
6433
213
6874
4034
4561
15848
2075
20421
6969
1077
4088
707
4612
491
6121
1953
11829
6791
4580
822
4025
5420
6187
4207
5375
5132
539
4114
108
15135
2180
2907
22343
4832
12979
4107
1486
126
1521
10534
4760
5244
636
5585
4848
1196
2370
5542
3602
25251
115
3025
473
5320
2510
3079
829
471
6604
199
10870
936
209
554
9161
3235
244
3386
2959
7876
2443
12503
1329
180020
3447
2582
9081
21708
665
2908
101
3354
132
4437
24305
1425
6879
4120
2401
3916
6916
2629
2799
634
1383
14224
4148
2374
1019
1184
798
2262
3106
1942
797
1905
1045
122
997
5474
1589
12334
24246
272
3693
3597
7427
22939
8345
3110
1724
7663
5023
4488
6728
2386
2217
1641
17663
488
5410
1428
7473
12943
9380
8547
37818
12116
1833
17874
28136
12902
5096
6260
1958
3364
7885
101
307
2840
14754
5469
3332
9672
5036
90
4567
1734
888
1328
1620
163
3738
6301
288
976
4511
1905
4812
3352
14837
3383
2629
2502
6812
14987
13312
1675
21059
754
6427
943
15922
8240
4198
613
2689
9246
3762
7428
6044
5067
12070
12429
4454
47829
9982
4998
420
9155
10034
3145
2758
2841
2156
3994
8561
2078
5214
1287
3399
739
288
4217
2824
7606
17543
6665
2849
10588
15734
6313
437
8930
2151
8020
5638
892
184
1549
3414
4634
4031
1323
2649
2295
3011
38
4332
4877
4594
3225
33684
3330
4902
2151
5489
1023
863
1631
25895
1090
194
3488
1618
5232
5939
338
3083
1304
505
11545
7029
2763
574
6703
17720
4731
1991
4401
4179
1140
5652
4256
18414
5367
5163
5213
4239
1436
11532
12946
2166
5273
8117
3872
3396
3734
44745
8240
2771
731
3816
2754
5188
9512
3674
877
983
4624
3428
324
3924
2032
1669
3806
2021
2834
2664
122
3006
2387
13829
5257
5875
6635
14170
524
5484
9978
7290
464
57
47
19324
8316
1757
3847
1066
334
7349
9492
1460
16886
1166
3406
3524
6316
1412
2205
1088
36298
2779
16272
2620
2731
3956
5938
4860
1914
3860
581
3592
4664
1082
11502
5936
11023
1351
9885
9479
5558
5830
6496
13558
5613
6010
3396
3954
3794
9479
3487
544
4773
4220
5163
262
1756
592
7304
4403
1422
5381
11086
5645
3162
23019
5926
1812
5716
6532
6226
40481
3172
20160
10304
12070
2512
17529
71
2251
3185
12724
4158
2290
2597
5677
3035
2084
8030
1758
1588
1341
17444
683
2862
7956
62680
1277
5469
1508
1944
8099
3944
4050
10556
3255
4730
17139
5919
1780
4431
2337
9395
4277
35
10450
6188
2087
2826
1154
4759
7658
3285
1027
1931
9406
883
4190
3351
1805
1126
13435
35162
3746
189
195
6811
6636
15665
2223
4803
2056
119
682
9551
247
4719
5037
2206
3973
8526
1405
151
1442
119
4657
3176
17767
11459
11833
3909
139
7882
1058
153
12028
3267
0
3339
3681
783
6392
1549
1965
159
15107
3447
3255
5232
3662
1456
11646
3074
14617
867
4679
2495
6439
1302
1746
4434
13288
5786
2956
4968
4785
10054
13302
798
11671
2890
5757
2318
3295
4030
6384
13192
5779
299
7249
3935
1118
12067
5399
7931
1914
2276
1320
1197
3001
1283
4632
100
4456
1744
4166
346
2451
262
4091
137
10145
476
2121
9487
1654
82
14067
66796
8105
70404
601
21703
1941
1827
1614
9966
11866
3485
7233
5540
1500
5193
318
691
5674
3069
2595
6151
3876
6618
1910
11477
534
10202
2676
7536
5716
12431
2685
4293
3539
3417
17834
2010
548
1446
3963
2381
4107
4951
699
2887
561
11408
5043
0
2545
5038
7095
329
3225
2782
3697
4390
4922
1230
3836
14926
5919
4438
952
288
2169
5830
2152
3247
5514
17202
5093
2297
993
5986
5331
1950
1663
9509
19107
726
17623
43945
0
4191
5248
4951
5655
1022
7303
2656
3575
1622
13266
1569
22415
6101
6064
4271
996
5135
8561
1738
87
1440
63
577
5008
1671
1693
7219
8722
4306
2734
4416
2160
6433
9331
16994
5102
8225
4362
2838
4985
3182
1866
5927
3056
3409
4775
1891
1266
8840
2926
32840
2330
1949
5847
7633
5458
4752
5367
3684
878
5063
329
31694
13910
9147
24636
3734
3436
1077
6228
43147
3689
621
5384
1591
7162
3131
171
10735
3478
3689
2481
13550
2075
6841
675
5630
13225
4629
1492
5471
22561
1495
4162
883
2999
151
100
10894
4439
803
3454
26797
533
241
3332
5037
1547
195
5354
1047
5299
1630
4527
3063
3266
10429
2976
4704
1625
467
4212
7554
509
4544
1956
3161
1453
10422
118
1527
2266
3370
399
3478
4696
466
1082
1764
1725
644
588
873
5248
14507
741
398
10502
1865
788
1910
6029
3683
7997
1654
2125
3067
8849
3792
12
7919
8627
3157
5372
6965
1711
825
3011
6554
1481
3304
6469
2044
2650
611
61502
67579
4883
5300
2999
1360
5989
1625
3951
754
2632
913
5872
2273
3663
3128
107
2558
390
1075
4017
751
3363
1922
113
7677
2526
4264
2283
233
4849
1547
791
1953
1022
518
9012
2990
38311
1716
4202
1968
812
3775
8882
4215
3805
437
8456
14891
1761
3178
6974
4243
6793
9296
5852
2376
5536
1263
3465
1849
534
2062
154
2468
25647
2556
3969
5971
10423
1351
2631
1818
3476
4801
4285
9628
1829
11065
24176
8461
1147
11448
1133
1125
5992
4909
1483
257
2092
6592
41822
545
7497
3236
5891
3272
20149
2600
7631
3098
3642
3534
2183
2793
4020
9530
4255
5757
1511
3256
4321
4362
5938
6364
3677
6150
6971
633
2716
4189
3771
12965
521
3316
6011
1671
10777
1472
4601
1783
6060
4029
6117
1241
688
4296
3146
6801
24729
160
11910
4362
6699
2876
566
12071
6212
20140
4914
71
5495
3075
8411
1638
1184
47
807
44521
2072
6542
443
1062
12907
15625
875
2276
1486
2436
2146
1470
3996
573
3556
24093
1996
4076
4219
14027
8188
4153
5356
3516
64
3575
7682
1574
3197
3560
1997
2755
1476
13170
3283
7322
3113
5807
7612
2282
2710
360
59781
3315
4918
7217
9695
1256
3410
206
166
1228
962
11191
2873
918
2369
6301
3877
3085
1398
887
457
7061
1285
3607
4163
9041
6834
3780
2672
87115
11183
691
6550
5231
5294
2800
2003
2313
5009
3092
367
3725
6808
1918
157
4031
3360
3413
13190
7866
1311
6619
5107
2365
11050
16433
36967
3566
24
1418
9060
6092
494
3051
3171
3981
3711
1201
2047
474
3057
8052
2439
1841
4755
9057
4523
916
14212
3204
725
712
4279
2956
733
7027
4589
937
7946
2851
6766
1530
3643
5520
16416
104
31548
7250
229
10557
3678
2294
391
7929
5440
113
2040
1854
1225
1213
1091
2804
1857
6477
1613
87
18610
2229
5157
1200
1131
251
653
2255
5045
3687
1538
3430
4247
111
3707
5095
3882
9071
9102
1198
1495
8857
5206
238
5233
1624
5933
5737
3233
3685
1701
7336
4211
4164
1231
144
2618
7164
5166
167
6898
2350
335
14927
2710
422
2467
13752
2810
1598
23828
4038
1367
4819
3650
9181
4049
2737
4345
4173
4058
4779
87
2814
4254
11598
5922
16425
1189
5925
7847
954
873
1316
2183
0
3111
4906
2929
6947
16363
2705
903
2847
4991
22578
442
22
5018
2250
5926
842
3350
14144
2943
304
923
2051
1043
9393
4269
2682
2063
123
10793
270
7348
1646
24179
2470
2531
278
1736
3951
9158
17410
2485
2600
10583
1215
48545
4709
760
3484
3179
2200
2177
17390
33341
3027
63
1063
5127
423
39685
1818
4592
1610
5439
12846
1196
5664
1637
2128
249
3251
1218
9913
6359
1193
2806
2849
2942
8816
524
4136
8935
1347
11868
1702
1242
1309
1152
7049
3670
5511
9396
5699
9506
28996
7195
614
6571
3572
4886
2852
225
3087
1195
1297
11264
11147
3488
5108
3107
1697
2880
2219
4380
5053
4442
2561
6325
17855
53948
2243
6290
265
3500
1693
7034
5234
8836
6343
6650
1819
4426
2023
4195
8651
4335
2245
3037
1422
715
502
6419
1247
7106
2155
1255
2169
27917
1470
8667
3690
4030
3419
2773
4250
328
13117
3284
838
1306
4153
1221
489
12474
5581
1170
155
3164
576
1549
5584
336
4263
1786
839
4599
3412
5948
2219
7847
4610
3252
7872
5605
6566
11028
3839
27208
9591
11415
2832
7031
7176
4011
421
530
1412
3955
3911
3343
155
1150
1445
4859
3391
1381
6060
15060
3716
2450
3017
8586
5755
15104
3329
9866
23901
153
2619
4330
155
1768
9794
7243
4798
7414
354
112
3511
1635
2343
981
73627
3164
1517
3592
1934
2643
4257
3863
27977
848
11782
2545
7724
3245
6433
679
8351
4404
3095
4611
35819
1079
1429
11253
24799
2245
3782
959
2395
5924
1580
3471
1087
15224
1000
3478
3092
1784
2407
6252
8138
3224
5628
1292
830
4216
1538
4124
2876
6144
572
110
2402
2431
67
1334
1006
5791
47937
1031
3255
630
970
9575
377
938
6878
1744
8669
5204
989
782
2209
10553
6820
1249
1061
235
780
135
1756
219
4873
1366
697
1998
20007
264
6932
446
8720
3297
2656
17732
637
1717
2276
748
968
4939
45383
3120
154
416
4351
72
1416
3794
4678
4452
3766
4954
7114
305
4187
241
3518
311
6095
3615
2767
8876
6826
4114
1344
1303
2787
2891
626
4020
3058
4335
4180
3770
3599
4609
3744
2889
3532
111
5771
6599
2237
1005
3174
2636
10848
1412
1892
1077
21257
7918
12704
5017
4404
165
780
883
873
1831
3181
5368
8795
6126
2991
5588
2766
29264
1115
6400
4242
9767
1896
22654
480
1306
1833
2386
3670
4548
5582
2860
4552
7165
701
1241
1596
700
1413
17619
33851
1041
1036
9566
20803
25325
54
10179
2644
19995
3135
2923
1452
2495
3751
977
6920
3904
22140
2531
3948
3457
2252
4
45663
69692
3000
14795
423
2467
4481
1803
3916
2145
8830
5015
4336
3973
4808
4459
4203
5768
1236
6230
16020
4911
1745
45
7374
5642
4209
1572
5518
7909
188
109
2230
1792
19362
891
5190
2182
26656
15403
4294
2644
7731
3165
1746
14097
45576
7711
311
2580
3210
18711
1346
6726
446
442
9713
384
3190
5460
1115
11508
1562
2464
1760
4437
37033
7022
5255
17869
4290
124
315
23594
3640
159
3074
6484
2914
895
2041
23024
3231
4895
2058
14172
2263
1622
3122
7010
5136
239
6993
2524
6766
8999
836
5259
1409
4138
3451
2387
2396
1402
2061
504
146
86
6458
631
17328
1349
41927
631
4981
15852
21472
3697
723
2315
11213
5823
2116
4397
2859
4427
6171
5070
8675
5365
7918
780
775
4571
5177
2161
24479
4538
3884
1058
3144
15470
5824
3971
252
1132
2250
5208
1820
4981
4533
484
4834
3916
520
5308
35586
3869
6070
3753
144
12734
112
8445
20581
11179
2663
1648
43
3130
12738
5962
111
952
3347
2423
8026
12130
3897
2422
1590
4802
4851
3560
10938
2411
4158
5260
866
92
2302
5416
7603
2411
3576
3290
3010
88
1178
767
6695
3867
10686
2359
5311
3828
1315
18177
21430
2830
3646
4101
14925
7220
3455
2365
3253
2998
601
10321
3769
5110
6004
3475
1073
19554
3110
5250
3676
592
3800
1289
4571
12295
957
2897
3353
11323
3215
854
5842
43213
742
651
9173
3572
8014
7466
7271
555
5382
2393
2548
15504
9639
117
5185
2542
303
2991
991
10915
520
7560
43864
6316
776
1200
46046
7368
5226
1976
8505
241
88
4370
2726
1255
3492
3663
3581
38307
754
0
1900
3828
1090
9679
3376
1499
2252
3431
6991
7876
1918
3077
4552
1151
123
35547
12094
5464
3392
1425
671
2974
1367
13469
8862
12980
19826
1672
4073
3373
3353
52
786
4134
6750
6964
1770
3034
37088
902
1632
4844
749
4594
40010
4991
3490
6875
1812
2277
2063
439
11307
7743
6325
3268
1485
1284
42240
1208
7384
4634
197
12206
50094
4546
5707
3253
804
3217
3366
11110
423
12
2805
6744
837
3263
149
2106
2980
27820
178
11499
12044
2104
2723
2145
4421
9329
3582
1355
3517
16142
855
2387
142
4453
1916
6693
11151
7322
1813
13505
4802
4527
5988
5657
1844
8627
1728
3595
2372
1232
16615
17249
8153
3037
976
3089
4085
2555
6962
27675
14444
274
2709
5877
1581
3723
11294
4783
3129
1241
4467
1
2669
7340
1746
2427
6440
7749
12892
6765
213
3622
1132
5263
8998
6122
2866
1320
23319
157
2294
2182
1290
1088
2946
1066
669
6501
1993
4131
6838
5307
1627
2486
840
7354
2160
2692
7709
918
4475
5114
1536
20131
120
2304
5264
2059
239
3675
3437
3478
5679
2251
6006
1950
389
5020
7816
4548
34085
3991
6206
2955
12032
1637
11199
1105
3833
6565
25220
6378
5490
3819
5074
10303
4983
157
5082
5476
6067
2398
4393
1785
9876
8622
240
682
2517
22368
3181
5155
6447
154
3286
3511
740
1701
4111
1673
1767
4789
397
1800
516
1253
5532
4501
1041
3551
10167
6414
6147
3956
202
2102
1785
154
10228
2721
161
4555
5346
3269
401
21274
4770
7902
4009
2915
853
24
3043
3385
3756
1371
32866
9
5365
8995
317
1662
12344
3110
685
3128
2174
2529
1977
1364
730
990
9718
4615
2105
906
6093
4660
5202
7759
47219
1773
7121
46
9835
1814
978
220
661
355
984
239
7281
5002
2269
19486
8548
2980
3599
2209
9455
5353
7493
2417
811
17402
1830
5603
6160
8409
2979
22552
277
3719
3281
16894
1975
14177
3164
5393
25594
4634
1554
218
2302
1961
9693
2285
1954
6288
1743
5408
423
1148
61896
1592
5106
5215
5271
769
1353
5228
2543
4469
342
6889
4352
4466
10140
12413
946
556
1296
6511
6454
2155
2540
2065
365
1337
940
2163
4642
763
4078
7881
4341
1827
6990
14818
10131
4369
8086
2707
8835
9935
158
2037
533
5846
2170
6901
5604
1402
1960
8670
2439
7738
3989
570
10383
19333
2296
7409
3932
3189
360
11592
1642
3043
2745
9188
4020
3608
8014
1554
27008
2180
6934
3427
3609
2661
1131
1401
2732
2384
1089
1071
9831
708
4114
1400
2554
1668
1136
1625
639
19734
1738
1162
4734
4287
4501
4640
1400
6388
3008
4992
2652
4468
3479
26450
2459
2844
3131
6635
5558
5073
3042
2879
141
354
5428
7207
52
844
90
3764
86
2491
5109
31280
21867
72213
613
1707
189
8658
3900
610
16685
5380
265
148
718
843
3118
1905
9422
7510
6433
9998
1231
2421
423
2352
2800
14143
13179
7818
1927
11186
399
2264
182
4757
19
6485
10781
13457
3064
9073
2157
3940
2234
3438
4829
4187
2031
423
3132
4275
4970
159
8316
3079
3
355
1408
6804
5065
927
51608
4061
281
4766
917
11002
4296
4957
1450
6000
6142
7581
735
4144
23
4685
15199
21068
5405
711
4775
985
2042
3137
4922
2838
1218
27607
3404
3814
1559
3807
6756
5684
4386
4655
1200
2139
9973
8505
147
6090
5921
7221
2853
2398
1781
877
1939
1786
3278
3196
10608
9345
2397
24597
8686
3860
3962
2405
4857
288
738
8913
8896
1003
10462
2370
12136
4924
3313
211
7462
2525
5466
4764
27519
3790
5446
12566
9207
11489
4644
2910
8399
1764
3572
1865
2153
5384
3867
6396
104
18938
4865
948
3876
780
1867
3981
555
4484
40074
17151
29
1391
5165
1674
8225
3041
12510
511
423
1902
9164
1732
3486
7967
2111
1224
3757
4296
4922
3013
30127
7079
1762
11969
1608
5570
986
445
2383
3321
8561
978
2242
686
6320
4127
3237
108
10768
274
168
850
3533
4522
3204
2564
586
5792
4911
3204
5827
7318
1722
3499
10090
10755
2314
3918
3646
3310
7601
6017
6112
42699
7022
607
3101
761
5411
554
31034
457
3785
6429
3333
2761
4968
5142
11531
6753
4612
8241
869
6197
1507
167
4338
27377
1624
4778
3564
17227
979
1390
596
16542
1805
1926
487
4512
1717
1806
2493
7656
5805
12761
3851
4028
535
9728
7894
9052
4514
9057
6445
8669
61102
2941
8946
1913
14899
9932
2915
8474
2090
3582
9677
7789
1595
3208
2580
5441
10856
1992
3178
14839
4813
2088
8682
4645
17357
7401
3968
404
926
1282
5275
5803
8690
4668
3128
6035
9118
1866
5170
17184
2149
4405
7860
12
7066
15193
4459
9233
7488
2962
562
9258
155
1129
2290
799
7815
18360
3634
4822
1040
10976
23644
739
2388
959
14305
2815
4321
5885
5042
5890
556
6066
2188
10843
40
7187
25471
2729
7535
637
3641
2029
1311
19122
15949
506
1835
15260
8377
7919
1654
6014
4604
8805
63272
2453
3378
6698
51404
8256
2257
1764
26338
6359
2139
5430
8598
745
7003
6860
2963
880
311
281
520
4114
3444
1210
6272
5777
2763
3960
28603
850
2030
4043
1324
147
4450
573
2169
4230
852
1593
669
1639
1607
8365
3087
9765
3650
1631
1565
6385
972
12357
8533
5366
938
1310
2024
3766
1859
2097
3447
5127
2110
5066
492
940
3991
5553
138
7639
697
1904
4438
4466
2012
780
16084
1380
5281
1462
3477
4943
453
1832
1005
796
4396
2949
9979
1514
3935
3156
1315
3369
5452
5675
3226
14938
11
4486
329
1221
7246
560
302
5945
6254
6007
3608
2302
2202
4951
2775
3008
7951
423
8036
1323
1506
1452
250
1026
22
4228
567
9442
5038
4807
860
2888
10601
3027
1245
11857
10163
3000
4669
2839
5749
510
6459
1247
1302
15802
10307
4483
25080
3141
4349
273
3273
2472
461
2900
0
1451
3187
6351
1513
5775
609
1982
626
2479
2404
26648
9158
538
8444
3721
3901
8195
8752
4892
13868
2768
4849
12105
33381
31559
7988
17064
6549
5586
13741
6187
87
5528
4912
4525
4305
5348
5207
101
7571
8675
15382
38
2206
6183
4604
4029
3615
5584
7965
213
6945
6187
3794
6216
4596
1218
466
99
16109
3707
9079
6207
4027
1634
1906
599
2554
5689
15718
2439
3336
666
3932
154
3919
3375
2803
0
64
6398
5363
3169
2722
640
1830
3482
2625
5917
1373
6071
8856
5194
1405
1888
2671
14897
4666
2472
4005
511
9867
9188
3009
11804
2208
4406
674
3002
2868
86
1816
6402
8261
3020
13047
6346
3328
202
512
11558
485
4173
137
1418
515
10274
3247
2840
4934
26266
8234
2133
22530
3240
10745
3039
1128
6866
6828
6797
1079
4543
2493
940
2831
2173
3775
65833
2612
627
6752
7166
5286
727
4999
2291
5223
10009
333
159
3482
21916
17892
5867
4379
1655
584
2989
4305
160
29
8600
4581
2751
153
359
108
2559
22204
29779
3009
1382
583
1759
6599
5783
1300
7340
57
1584
4192
6165
11421
4193
2374
17149
2052
8113
1282
630
30455
8951
9761
3967
12741
7109
7343
6122
68
3935
2201
23508
27988
359
3607
6214
1782
231
2476
1995
924
11918
3072
2911
102
1167
17701
6507
920
494
9415
1777
3208
2574
3386
1510
1262
6286
11544
4120
30591
7248
152
6101
2050
66
1718
2212
2616
1019
10034
703
785
6661
4819
4881
375
6507
6446
2607
2799
2931
5972
10505
5193
171
4336
1023
2790
11051
1244
4976
2126
4352
547
1224
2990
4352
935
722
1473
3306
5248
9933
5298
8869
1884
1812
443
15295
10721
12492
7090
20854
1621
1089
5789
13288
10254
675
2802
103
146
1926
2476
21561
5351
3287
1944
1948
1173
9975
2901
4895
5598
1092
3436
3120
4601
8751
17588
10111
14671
3379
3650
10129
202
163
2144
3552
7760
618
8378
4458
1647
6536
6251
2425
5254
4323
1595
1216
2373
3099
605
998
130
4000
6753
571
5873
2959
55
3463
360
9464
423
217
4585
9294
1463
4782
3326
10336
1434
1980
691
2441
7090
642
59
555
3595
15800
4094
509
24799
3492
825
2093
756
4416
376
1480
4013
9079
501
6485
333
7335
7555
3302
12526
338
4762
1876
2388
302
7225
1183
4580
15679
63
194
5456
1612
1306
11672
9902
5746
977
2662
6911
3015
4765
1353
4150
664
3725
14478
74891
376
299
2698
3659
8821
161
2436
6015
16585
1348
3419
18668
2239
4700
2747
8668
8385
1418
159
13469
7945
7670
295
1107
13210
109
209
1132
5343
3085
4557
4668
5895
1205
7821
2774
2440
50500
7056
1979
2660
10658
6235
2253
2975
1663
12680
18053
7645
6775
5663
2774
3261
5557
2953
1964
20926
5462
2324
2741
5134
3676
12808
2060
1475
1924
2771
1618
2851
5630
2721
7614
10550
4120
27560
2739
3389
1288
3416
327
3501
20961
2789
1595
61
6173
7087
3908
11930
4492
364
22683
3431
1315
158
4730
5675
4784
860
274
3503
564
5188
6716
1263
123
1608
4276
5007
311
3867
5690
3787
207
4771
4467
4086
3150
2890
1049
1826
863
358
51
4813
12250
4173
176
1109
3998
5164
11689
310
5075
2376
8101
724
19379
6587
4086
5551
13647
11851
1207
11446
2559
4286
4527
7156
3441
2934
6461
4748
1193
5568
423
2604
1765
13236
11725
2666
6025
2493
99
561
4746
15036
2937
19695
5418
4559
428
2253
10480
5106
6589
1427
28431
19430
5478
3184
1047
2517
1652
4237
14703
1151
763
1423
3485
3898
5328
736
1731
126
365
6499
26487
4278
1539
7145
3768
2697
6720
5866
423
4799
1781
1867
0
39688
1596
1438
7233
1248
1006
8058
5584
44827
1129
4223
5790
7121
2820
3199
2270
8339
2670
1098
795
4424
200
11696
16048
10917
4451
1419
5866
2307
1793
833
603
9959
3773
18132
481
2833
9471
1441
7700
10419
10206
3104
3988
9312
2373
1560
37209
4496
6102
163
4723
3790
21529
5701
2274
4834
843
893
1105
1505
42025
2544
4339
8602
6442
3249
1995
6539
5617
6457
651
3600
2239
1583
2520
1057
1064
28216
4256
6777
1490
6972
2720
3257
4987
1366
7737
10432
1171
1960
676
18571
4042
1648
3265
900
11005
282
5088
6822
2938
13201
2786
41042
5362
4638
17025
5123
1520
11415
6371
8324
1047
8003
7637
2634
3956
13789
1526
6601
775
1471
3816
511
273
2355
2955
545
3193
131
1850
934
16218
66
534
5476
1870
3219
1335
337
3946
793
4422
634
7459
10561
8843
4525
566
10418
3105
3562
2143
16881
1476
2371
5208
847
2132
8298
6799
4612
10206
4252
55
10350
2233
4816
6755
795
5122
7989
4856
4377
2843
15325
3797
5206
4262
7157
3236
4737
874
4971
2063
3201
3339
2086
11339
704
5541
33780
7447
9900
5154
6422
9280
1414
1058
9171
3222
4108
7579
1665
751
1050
1467
25458
6596
53
6921
1043
1695
1760
4351
4558
4503
3028
12905
3055
767
283
8389
5627
797
4931
1576
351
3950
2643
1882
718
773
423
7127
1567
3423
2337
12030
21745
23155
2583
3377
6819
423
1032
1976
2101
6405
10229
557
179
11807
4578
2891
1562
3555
52869
12860
262
317
2852
13800
11634
2538
2945
2234
2486
10664
1112
423
4017
6639
5483
226
13420
5041
4249
9828
20343
1426
237
58
2269
6728
1120
1339
610
5030
2681
2007
4434
3257
10015
1637
6950
3976
4983
3610
6001
3619
2234
457
69649
2097
7049
15619
4761
6466
3386
331
2197
3292
2578
11674
5308
4369
4493
4412
23946
5212
12626
6029
4331
6282
3990
4095
3027
6752
8816
6486
8633
101
1708
7798
1555
5292
397
2699
3121
2515
500
3501
1247
2640
13259
4221
3835
3773
902
5109
23392
10715
7208
4140
1918
3407
10581
807
4310
5375
2359
1363
4327
2691
1907
2604
3181
9173
7302
1618
11632
3444
935
3110
126
105
5199
3514
7153
2441
7926
2727
1013
4349
1216
3552
15637
1492
4652
3820
5111
1742
4430
6128
2686
3183
2863
4282
3624
6627
774
10724
1059
4957
330
128
6729
11234
310
44009
3055
4428
1785
2307
3645
2514
2688
4460
8503
4922
18455
5508
6087
2848
9868
7706
423
4279
6733
3332
5988
639
4070
7960
25250
9314
15646
3544
8617
1084
9713
5132
5319
4836
12083
284
4258
2928
14132
2463
999
2244
10168
4713
27410
2946
5088
309
424
3199
3853
5162
5970
3406
4052
3076
2232
1236
104
3479
2237
617
2918
4400
1895
3633
1525
4719
11388
2345
2402
10782
12330
24322
3251
1198
1320
12321
12077
2635
3504
2263
3954
0
21628
2405
146
4140
1622
11621
14466
6853
2469
4758
11008
2371
1601
12023
2468
9299
4597
5896
5785
4476
2535
1301
2513
5100
13169
25329
10393
611
353
26014
1522
546
1624
2793
624
7009
1286
191
33584
725
6228
6229
941
29923
743
839
6500
9232
1705
13778
2023
9600
9437
839
853
1243
1797
2256
2365
5558
5419
930
20506
11068
2304
2537
5155
7254
1705
11553
3693
3522
4561
178
26400
872
2915
2033
574
1595
5581
1212
585
2897
672
1008
3134
51
260
205
4754
64
5597
7379
4742
592
3802
1680
3470
1979
5775
887
4563
4265
2187
9709
1652
3754
48580
2841
4410
283
4512
3474
2128
3020
1717
4878
3797
1933
68
6040
0
3003
3920
6564
2052
16914
282
17099
2844
6306
5502
1707
15619
1805
7726
2776
2061
8504
2927
3432
1696
25012
5348
4941
9733
6474
2534
18010
5359
3863
2934
3696
4887
6782
5584
6171
4278
3001
2103
19436
4190
6485
19714
13308
11510
6097
511
3936
1824
4367
1560
708
5556
4767
5492
1652
5942
8419
1448
4825
1350
3078
3801
3496
776
624
4691
8731
1009
47
2061
13552
22805
931
1689
13298
1195
7791
5904
4090
2302
12524
2556
1957
3071
2813
4924
3990
4054
7713
294
5451
11048
11850
5923
3428
1104
5945
2565
2942
3314
12612
4210
176
15938
2047
1390
4073
5319
3663
2838
10090
339
2368
10675
2904
2711
6432
1711
6431
2932
5669
2468
1879
3532
983
525
5355
1368
712
980
8092
1341
8208
2676
1056
18024
8080
1621
207952
1617
37296
3159
7646
948
16296
3521
3884
4195
6766
3751
3220
953
1951
1695
1193
2114
2011
969
2069
3488
36324
2761
4017
2360
241
6009
1600
1310
2860
8211
1055
2865
477
9905
3474
2007
6827
3898
1127
25935
2420
2900
1127
4372
8355
18318
17790
5504
9820
4381
1492
2417
423
6127
3859
3366
2044
3688
2107
15845
4932
4045
6397
75
4262
6448
12147
346
33260
891
3703
3139
4483
2851
5274
4112
3108
2108
3689
4254
6661
1281
3576
25038
1341
395
57093
3457
20772
4946
2633
2989
1294
1360
2757
2082
13007
4861
3371
1332
49
4465
10458
35
6511
127
14440
6031
1786
3016
2165
3556
2248
18066
2200
7661
20
1701
47238
9605
4725
27515
1358
2134
2285
1862
2031
3808
3404
627
4202
4417
3566
1660
8738
1159
301
1221
102
355
8423
373
11907
8651
3998
5180
2913
9136
2281
2754
841
203
3058
5553
2483
3570
347
4954
385
7324
22892
3606
3014
4796
6847
6584
920
465
2041
3564
2924
5223
103590
254
5198
27067
3770
4402
3824
8754
3031
19421
1907
18266
1097
3334
4153
2887
741
380
6144
4211
2562
2951
3574
1601
84
2073
1367
5776
994
2393
864
3581
2545
1738
0
458
4921
3028
4013
71
3492
1519
3944
2162
13655
960
9047
1861
7206
181
622
12850
5370
5249
892
4770
3932
3890
5881
1955
5651
4833
5278
2642
2868
3507
1262
1685
4666
7481
4260
3259
5449
6916
562
4594
8432
1091
1961
1598
1732
3211
3197
3500
4460
2594
5371
7934
1443
305
3649
5369
6204
4241
26490
1009
7676
3122
244
244
2314
2175
2049
1420
4456
13858
11112
1195
3960
2795
4988
2431
4796
3623
2551
2211
5257
5549
415
806
1668
1990
742
12642
3501
2992
16072
8218
3473
5955
3733
8656
3107
1726
3447
698
2333
142
14235
2609
4128
3546
537
9685
51
365
9307
1120
1570
2521
4424
3237
4435
4319
711
1755
2258
1190
4177
2543
498
41918
24490
1933
1512
26476
855
1912
5125
1172
5342
88
4336
4146
6977
9534
233
2556
6413
1416
1408
1790
86657
183
1301
2355
3775
26334
3885
12012
6957
650
1775
12948
35033
4126
745
3324
5725
3437
2145
5011
6460
102
506
5785
10375
12707
10266
22114
3097
3809
9263
2959
2328
796
58830
268
763
7478
652
811
1855
805
4393
4555
3684
8161
1450
28938
6606
2045
1247
3528
1461
4665
2901
3572
2901
423
5473
1522
2223
24470
844
6505
168450
2259
1008
18702
2676
4101
157
1580
5090
1726
472
309
953
9322
1567
161
3783
865
2031
3945
2988
729
37
10
7588
8019
396
4097
2953
6615
13014
918
2447
2675
8538
14661
4469
1663
5409
7161
4738
2332
301
3262
7769
4783
155
2047
8846
2841
1801
1502
5241
8042
4684
2085
1119
13287
247
3811
1374
5005
11868
17976
1747
9049
260
3721
6670
4363
3694
2419
8432
9556
6970
9057
5366
1057
10344
328
105617
5770
2449
1011
199
5064
5009
6218
6108
956
424
3593
5356
4348
6300
3868
3442
7696
8727
2184
5091
1046
2325
8050
10988
8880
3619
7467
2601
2081
2068
10810
1667
4165
27936
3459
1691
3225
43160
14531
25316
2588
20927
5465
4570
8269
4258
2312
1209
2970
10221
47791
9050
706
2841
3604
41665
6233
1458
4148
4028
3303
4884
15150
1334
3889
2094
2435
4783
6009
1332
8750
642
11816
2544
4390
5037
1254
3637
2081
6215
3393
19418
2557
400
4920
3203
1973
2022
2965
1888
101
2142
248
21874
5626
2437
20760
288
6290
4358
4881
2613
4493
942
1072
8825
7399
3233
3767
5296
318
1321
11875
3511
4105
1096
350
3784
3935
1560
3879
308
168
3746
431
81077
7697
1662
3089
48659
515
12056
37094
3136
11446
4278
7716
5285
8174
8342
1711
6923
706
8571
160
3046
6179
40424
7658
1354
3150
233
3670
7000
53323
1414
1971
6583
1342
1426
46
996
12917
3029
4210
10342
10642
10694
1409
3606
2462
15624
7737
1983
4660
2960
2198
2848
13441
6693
868
7165
278
1288
4545
7066
631
7311
5664
6363
700
3698
2477
3637
2749
688
3304
87701
5227
419
5716
4296
776
4604
3685
6115
1238
3146
2978
11985
11271
3520
4860
4741
382
7269
2511
3670
3848
7439
418
1174
1671
5221
164
1985
2840
13579
17994
3850
7777
780
476
3633
5229
1056
2863
4237
4550
18150
1580
120
2087
9453
46987
261
3739
5
2872
2894
3170
423
15
6764
2583
13728
5854
5631
6663
1362
3705
1549
4242
962
3380
5323
644
4129
4914
4240
3346
542
8718
3036
1071
29331
9602
742
616
3624
215
1744
2073
5631
4438
1481
6345
2514
511
2134
101
306
4292
1893
15012
3872
1907
5793
1393
1658
5757
3525
5529
3256
6265
2316
1132
617
31
3666
2122
1326
2795
5698
9028
222
8442
4882
5387
465
135
15374
3647
118
57
2510
1188
9051
1595
952
2059
4410
2111
1150
3702
170
1929
3576
3064
9521
2948
8760
3500
807
6383
3627
4252
9046
5925
19292
4291
2276
5056
0
4624
461
1703
21510
10000
4934
2773
2631
943
3327
5716
6657
5252
3258
4807
16999
1363
5623
5033
941
1753
360
2561
2204
1350
9902
1290
14417
960
4425
8889
287
52321
4760
1322
1854
1222
19335
4599
3059
1528
8460
1063
468
10673
15259
6710
29441
17946
5872
7647
1386
1215
16036
25212
18527
3110
6457
1567
3850
3276
3316
1714
3645
3186
1324
23834
4460
2467
930
6881
7011
4712
422
3364
2983
2657
131
51159
2175
3018
2741
7842
5128
97
4071
3720
4319
3254
1320
4427
1732
498
12904
747
502
5706
7837
9303
2037
23211
7856
4042
1072
3042
11550
5253
4942
10478
6233
3077
3158
361
1655
2940
2828
1034
9399
12212
1954
2891
2381
7276
2008
4014
353
5932
1056
5094
197
6836
1755
4915
957
917
1586
5255
8602
4751
9256
68
3408
4526
11780
3708
78223
9303
4277
6272
876
3194
106
1471
4336
7255
787
9071
1697
1240
3832
10778
149
4442
0
2573
551
11673
7275
14029
3319
1874
6570
2281
7235
1519
8788
1690
2550
2816
3476
3175
9995
3131
7316
1208
5432
1894
5784
1307
5579
4946
4684
5333
4479
1048
14214
10767
17496
19084
60
7337
6900
1494
3475
6968
13133
2892
3758
46605
2989
13182
6921
5138
7493
1663
337
2338
882
2781
1227
4431
451
4457
4221
34406
2437
6625
5782
3328
1610
29
5000
12905
3874
527
5462
3949
2634
5471
1750
5047
8429
11484
21504
4158
17488
559
3643
1458
4319
1582
9399
7850
429
33
14259
162
4938
2887
3702
5519
10515
3555
106
3168
6683
3748
4186
694
278
6866
627
2641
6343
8694
3340
3887
4988
7422
1558
443
5153
7262
783
5446
308
7962
2868
959
6061
1865
4910
1560
1875
3124
6952
5435
2714
9626
3748
2237
2964
7797
6352
3848
5720
595
2682
5781
2864
91
165
6451
13918
3819
473
2968
970
5035
3806
5116
6238
4548
881
1523
4663
3833
19678
6247
62
7019
4371
5705
1138
5753
317
3687
42426
12429
2829
5683
4480
345
818
16433
52
6852
1263
9202
4156
5313
4530
139
1546
8069
1428
253
7592
5690
3261
13228
1328
408
927
4841
1211
4
666
317
1262
1546
2300
7995
4513
386
25466
1707
559
421
1569
10653
2181
1513
5886
164
4309
3108
2969
17069
13795
683
15895
1767
2398
1459
25164
2844
10300
3829
4919
88
2746
10740
8536
4546
941
2885
41859
2166
9445
5039
6976
10093
529
4029
1502
6376
1008
14597
4406
11158
13454
2660
1244
2126
5141
10301
514
3096
3469
7966
816
25264
1425
4069
838
1399
2962
3437
1984
1341
4170
332
885
6401
5517
8478
4679
2330
4545
2833
745
7327
3114
2809
7063
5013
25923
8589
6113
5783
2767
3225
5657
4608
574
4207
11287
8120
4520
6995
5733
2953
106667
13071
2357
6057
4680
1190
2586
1332
9200
22322
3232
7666
427
5727
3232
27386
4474
5406
2043
4907
7518
1995
6872
33990
683
218
975
2749
9035
1318
18793
1694
1322
913
5541
5669
1166
3456
5103
7737
1053
37340
58
5529
4319
8996
5169
2633
17682
7317
160
2550
6757
151
12633
188
1805
6181
7545
1597
1080
5094
905
871
18662
4654
2113
9037
2024
7040
3368
994
2014
5077
85599
4442
3391
2746
3410
1046
7529
3937
5721
1914
387
7622
2315
4461
961
20747
4518
483
473
4755
3613
4916
9155
6692
1573
12080
1908
1787
978
2049
1654
13721
7397
7034
13058
211
8767
3650
21570
1113
9421
1927
143
2678
7237
4253
8641
16697
1324
5214
4441
35263
1502
4571
342
21692
397
15412
2003
3376
13017
2741
5004
8831
21
10979
3943
979
3499
564
5517
45951
9862
921
1320
110
3413
22282
4085
1527
608
1685
12621
4005
4055
17400
109
4557
1535
3640
3006
974
605
13811
4577
1516
11248
1075
250
4861
16776
3986
4740
4994
5132
11135
3416
10256
8623
6978
4427
3939
1747
4775
2363
1761
9485
5646
3899
3045
23345
4569
1601
2572
2397
277
15619
3123
107
1011
513
1724
2771
1929
2003
2953
6396
24128
883
2582
1652
7784
4310
121
700
7460
2483
168
1546
157
6578
7006
3667
7443
2944
5950
135
1974
4870
3493
14055
731
4621
10462
1484
9102
28298
1756
45251
7697
1580
1294
4041
912
2575
27752
4093
97
6065
2065
7120
1614
4610
6714
31965
2435
691
16092
3697
1589
11923
972
1745
1440
929
1503
29708
2775
5801
1533
1618
1726
3668
1845
6775
2380
4401
14073
826
2977
1953
14627
964
4744
3331
2896
2234
3178
496
137
15829
90
6208
1447
12714
964
1819
886
2219
5672
848
386
515
