numberOfLinks
170
187
258
120
162
55
93
132
194
326
392
75
136
5
232
222
58
95
87
139
225
93
11
4990
114
58
86
87
85
339
143
113
173
362
216
64
369
201
197
181
65
277
165
70
338
290
61
360
274
77
18
274
96
136
133
248
186
501
262
210
119
198
155
413
165
257
94
197
126
133
195
99
107
120
101
104
187
150
41
128
49
238
92
142
106
137
213
103
281
59
194
150
15
117
145
96
65
55
786
190
136
100
46
86
36
105
127
196
121
71
62
408
225
108
90
64
147
53
46
191
331
451
211
51
177
170
222
386
317
194
106
127
551
185
75
119
243
131
216
328
164
312
216
2
80
30
219
63
87
187
203
235
51
5
167
119
10
28
176
135
57
124
189
116
151
103
172
61
24
247
209
37
88
91
142
332
1612
124
39
102
262
270
29
372
151
135
56
56
97
512
198
134
92
187
52
258
61
499
309
173
116
92
53
830
106
196
111
117
526
403
105
205
364
121
193
216
83
440
212
115
124
305
91
51
65
364
127
114
59
214
151
22
39
251
137
214
36
37
147
255
35
100
37
134
128
179
226
173
401
175
165
51
7
257
2
84
54
39
217
216
125
118
378
213
277
624
33
158
117
100
183
125
5
116
61
190
126
640
222
98
283
286
351
295
40
168
50
23
15
88
94
108
130
34
15
99
185
100
73
241
577
100
98
132
22
512
57
76
239
61
34
354
231
97
194
73
86
110
123
120
267
47
362
58
152
9
211
262
82
33
313
104
107
50
108
15
86
296
195
76
118
260
178
639
125
178
288
183
52
94
183
63
189
198
139
215
28
66
155
85
139
79
436
216
142
231
169
55
20
293
203
173
1766
14
216
201
41
294
65
98
128
950
254
237
249
124
205
77
88
248
151
158
2
160
35
421
28
129
105
93
331
276
198
152
134
116
137
26
129
346
224
129
148
1114
13
254
67
93
207
66
7
327
152
99
348
258
160
94
158
120
713
363
597
158
74
249
8
121
66
140
158
20
87
285
108
114
169
117
122
226
163
26
262
227
17
103
97
211
252
76
155
34
136
208
336
115
164
173
25
136
171
183
53
2
168
193
430
87
63
390
105
94
71
78
159
126
191
122
139
93
89
305
155
143
27
388
64
348
81
124
229
205
164
41
115
186
161
141
70
251
61
305
33
82
177
120
120
144
108
142
50
115
67
554
46
146
244
196
137
554
166
146
72
376
126
200
280
193
265
82
116
17
141
161
320
239
143
56
68
262
93
291
112
216
21
12
167
292
214
89
118
109
142
349
90
161
211
57
285
60
89
80
192
144
95
153
51
30
114
132
42
59
543
12
11
214
168
443
279
25
143
409
77
98
50
142
502
32
100
224
405
210
144
679
159
266
176
17
144
243
205
142
218
208
214
266
124
288
105
98
195
147
409
264
678
53
36
23
210
58
270
39
173
25
18
107
17
194
200
51
175
217
109
342
880
542
445
334
106
94
153
139
545
259
66
153
347
175
181
530
189
91
30
278
169
357
338
158
57
127
215
38
58
117
226
25
224
76
30
133
210
117
78
207
1027
3
114
118
138
81
132
243
112
18
168
48
108
31
71
76
139
750
158
493
154
220
214
229
101
67
233
184
78
197
153
83
383
176
200
726
65
50
44
85
230
191
122
165
269
123
256
168
179
281
22
263
142
530
774
406
96
63
121
119
37
67
76
174
103
206
60
157
106
259
196
177
81
222
92
370
238
191
213
153
9
118
152
97
143
150
350
92
38
283
38
155
223
106
627
125
213
390
93
156
178
121
269
74
122
144
453
122
160
358
148
144
131
82
43
150
94
76
97
94
121
211
17
1006
25
72
35
155
195
17
142
129
237
59
363
298
125
2
29
93
208
212
31
209
328
148
240
213
150
189
138
110
56
142
45
8
195
124
537
95
71
305
602
50
411
243
109
127
144
78
313
169
189
92
254
43
254
90
99
59
285
20
41
66
144
113
426
142
180
66
247
353
12
211
384
88
112
54
232
74
202
161
104
167
57
19
71
107
300
25
286
156
218
97
545
82
111
199
13
146
55
173
17
195
39
258
102
263
76
75
75
128
100
235
38
266
281
216
366
26
106
173
71
157
172
297
89
191
254
4
370
106
236
275
167
673
273
91
130
227
561
60
164
26
43
75
303
210
169
173
410
333
63
157
196
144
164
90
15
275
49
142
39
30
80
482
129
120
205
45
189
103
192
125
196
149
87
77
63
88
153
63
130
57
87
170
215
124
451
134
152
158
398
4
114
257
124
206
369
32
134
170
144
56
332
121
25
369
121
108
166
112
65
180
74
150
165
133
561
215
41
92
167
95
134
234
79
165
549
313
396
69
262
8
59
76
88
110
177
29
180
41
119
293
54
142
53
1
165
56
139
122
18
35
142
390
103
849
211
118
116
373
69
245
245
212
101
134
160
142
377
27
126
105
64
105
139
111
39
236
59
332
57
149
147
343
690
221
17
545
143
212
132
90
182
224
209
104
211
75
172
54
131
322
460
38
166
502
259
44
154
34
157
340
168
103
160
285
134
35
138
210
64
248
15
161
60
115
140
231
128
238
144
83
195
129
129
107
265
157
126
338
48
183
30
209
92
268
4
15
360
223
51
154
52
116
343
155
253
110
119
359
45
93
118
135
418
166
126
158
11
416
123
108
195
96
178
123
94
102
292
137
37
346
57
62
362
137
54
58
242
213
108
416
149
251
135
314
325
335
45
77
251
208
204
192
152
222
1064
78
129
213
384
75
55
410
112
494
249
121
5
33
168
169
332
293
137
217
144
25
77
547
93
198
148
27
46
209
45
217
110
79
117
135
121
173
174
69
379
208
77
119
242
118
55
150
153
83
68
18
212
139
134
51
321
142
38
90
328
114
136
172
527
62
142
243
136
360
113
401
526
261
76
125
291
202
8
42
41
145
88
87
141
152
18
198
15
88
103
881
37
194
111
388
174
32
201
56
269
134
126
143
137
133
112
328
160
65
549
67
124
226
252
3
191
146
242
159
116
180
173
37
237
35
59
476
145
81
131
14
155
179
406
137
124
138
110
279
107
108
498
152
243
32
51
41
77
76
118
353
91
78
506
117
211
271
233
25
187
37
292
154
100
296
207
201
163
63
103
136
399
239
14
232
137
54
107
140
138
221
197
238
101
689
95
217
260
80
178
49
678
17
235
106
134
326
5
72
212
374
245
163
174
201
1042
935
48
221
261
186
31
133
111
276
95
41
296
214
60
188
76
116
494
128
201
140
282
228
105
255
218
224
39
129
269
231
362
14
383
163
95
516
95
122
268
68
27
113
279
128
156
90
80
129
92
38
39
16
145
20
85
58
130
82
288
301
58
90
28
174
61
97
33
200
270
66
162
77
116
217
177
107
250
120
118
117
126
115
252
3
110
12
80
332
197
183
183
150
219
82
137
385
26
146
427
112
175
45
142
41
116
124
76
28
171
40
12
64
3
291
249
214
25
225
402
158
494
90
135
154
476
127
121
109
296
677
141
155
16
99
155
61
271
138
2
132
88
152
990
129
246
1112
143
100
166
439
16
46
226
234
249
146
203
253
18
87
155
73
87
243
10
69
283
72
35
367
14
293
88
189
154
132
321
392
241
321
157
402
57
54
185
494
33
103
132
122
234
70
125
381
86
115
144
132
142
357
443
117
243
104
103
133
72
85
84
175
152
219
124
52
32
8
237
33
577
345
91
236
256
147
149
75
233
129
60
220
13
82
152
121
163
364
206
162
54
350
5
356
248
13
355
147
149
45
228
401
49
61
120
48
142
52
49
72
270
312
75
117
72
14
259
136
154
19
174
248
160
103
285
541
52
155
60
269
194
127
213
200
58
63
144
109
275
458
358
91
228
373
431
61
93
69
100
148
99
101
14
37
88
157
44
74
257
164
544
33
211
92
35
165
66
264
194
261
215
366
205
163
213
60
8
54
7
117
96
108
120
37
42
433
199
73
726
103
45
80
144
60
193
35
243
108
265
74
367
233
153
44
162
5
22
109
205
137
93
20
161
129
156
386
25
309
385
277
147
122
152
749
283
663
87
338
321
161
90
11
213
18
142
8
218
431
224
269
187
488
22
101
46
275
145
214
136
100
118
166
59
604
5
86
136
1
72
109
168
188
132
84
113
208
62
63
222
27
335
124
166
137
216
402
30
385
42
94
116
132
150
255
109
113
111
47
352
228
8
268
91
63
104
92
358
358
78
135
78
33
125
137
112
30
94
169
489
87
23
24
131
244
507
142
67
103
19
126
473
38
358
178
221
55
218
127
18
123
17
74
204
984
453
165
164
27
296
37
21
145
69
2
191
121
9
657
48
57
19
114
52
263
241
269
159
14
93
186
30
195
271
208
76
143
179
285
109
192
76
490
247
82
110
203
404
318
136
253
73
160
258
387
21
144
228
197
338
181
209
102
98
194
117
139
88
358
27
140
115
81
52
75
35
418
22
654
11
578
518
129
4
547
394
452
510
86
302
69
142
184
515
102
103
146
227
45
309
42
273
157
69
154
290
335
178
279
222
139
189
92
318
348
277
147
274
530
115
25
160
146
84
744
119
150
142
292
176
108
128
269
9
206
186
117
80
352
80
266
545
426
142
113
353
108
67
152
10
50
521
353
181
229
332
154
156
86
129
235
118
156
211
285
84
128
142
2
98
197
192
230
36
165
280
224
155
92
116
67
353
202
356
22
111
608
99
8
60
187
42
69
91
199
129
242
71
50
105
445
183
46
202
313
135
613
108
103
179
138
148
159
157
163
205
117
243
115
1168
268
75
418
288
629
202
127
141
116
76
56
709
189
165
222
244
180
80
106
144
199
338
120
52
130
199
17
171
92
125
207
116
151
173
62
187
141
238
94
696
453
111
124
50
39
18
13
161
359
56
285
607
33
27
370
85
72
71
509
153
137
475
98
104
33
181
500
81
60
40
599
279
215
180
187
124
228
612
34
153
123
61
34
242
170
89
137
123
102
172
30
1
179
202
79
100
160
124
132
128
203
123
269
150
107
99
177
82
83
112
98
250
165
153
213
6
84
188
94
139
48
83
82
14
96
601
186
176
130
389
85
69
206
99
150
30
216
33
78
95
11
69
58
120
211
125
210
148
11
92
197
103
51
111
329
92
52
66
153
41
82
136
162
107
354
100
153
640
180
17
94
2
366
132
227
243
96
592
161
85
103
362
404
110
128
83
30
94
9
202
272
114
74
295
228
39
60
213
268
88
185
572
105
161
137
389
56
229
100
90
307
57
89
8
294
121
142
39
407
156
114
257
30
162
264
587
157
108
109
114
156
173
209
163
100
113
66
108
671
427
679
186
179
70
157
396
86
826
150
122
130
231
115
140
246
157
171
228
124
91
44
160
89
306
386
10
117
440
128
123
82
465
171
233
260
3
165
375
233
47
374
16
13
142
403
157
57
71
132
160
158
165
107
62
214
62
121
78
228
476
9
91
51
261
135
154
97
51
24
161
234
160
22
130
81
83
147
413
83
37
173
140
234
194
103
40
155
253
87
42
474
206
68
80
71
128
39
195
64
60
233
86
71
283
218
31
75
208
113
112
207
207
250
124
221
822
116
168
72
245
261
45
65
690
191
122
34
221
187
144
10
157
121
162
342
184
76
224
260
180
212
119
142
108
2
66
417
112
65
50
491
194
154
61
353
147
137
163
134
43
379
213
108
13
136
136
162
166
55
136
104
226
71
3
281
133
295
117
80
120
280
31
132
68
111
25
224
88
21
103
298
77
8
181
216
27
22
206
66
153
22
8
146
195
44
234
141
41
212
221
124
66
168
124
228
8
200
95
72
319
129
193
110
269
327
35
57
55
203
75
179
309
71
105
181
194
76
37
111
111
17
19
135
97
4
240
85
99
156
397
138
129
300
59
102
238
40
123
64
165
59
84
122
99
2
23
124
137
134
189
137
103
175
114
37
104
46
158
196
288
110
482
77
154
36
133
426
323
209
8
93
135
247
50
162
392
143
186
116
143
37
314
102
129
181
2
157
23
328
152
159
124
244
20
181
143
166
238
59
189
289
156
143
152
63
84
260
181
144
121
747
782
8
83
114
25
139
149
125
165
267
387
165
116
103
269
8
242
142
893
368
142
158
3
70
104
181
167
234
39
429
61
99
33
39
154
30
133
243
451
294
166
161
32
194
99
146
41
152
86
154
122
128
496
151
71
316
236
114
120
138
989
104
398
147
223
232
178
271
7
53
159
123
80
80
196
512
208
210
81
217
210
29
39
170
110
122
47
255
96
205
139
158
115
332
3
225
204
82
147
103
99
79
184
127
49
122
353
129
64
541
118
236
38
124
52
198
128
62
71
101
38
20
268
86
344
222
238
21
104
255
261
138
673
430
205
499
55
353
179
122
66
105
197
153
93
70
37
61
88
198
269
260
420
249
92
172
161
200
173
514
261
528
1057
19
158
292
23
125
65
143
207
217
29
18
47
162
28
39
246
392
391
101
207
109
123
58
477
332
167
130
38
7
232
123
383
174
121
121
459
250
65
526
133
140
362
39
521
109
80
86
102
225
70
213
140
149
99
189
128
120
35
139
82
178
90
88
133
92
62
2
155
633
72
33
12
306
143
99
86
12
116
219
83
101
170
155
809
409
37
42
160
205
528
107
7
14
158
59
158
29
139
187
169
112
299
38
98
18
449
56
223
235
27
174
61
240
54
72
142
211
10
45
186
9
197
69
125
142
114
121
249
73
101
19
180
3
284
227
139
200
107
239
379
156
78
47
86
158
158
94
73
187
141
496
263
179
61
32
116
123
454
168
180
186
168
89
179
117
343
224
239
56
59
26
292
37
37
93
161
138
198
205
64
122
207
144
55
232
93
174
86
259
62
101
38
92
159
67
389
32
204
203
131
157
425
283
135
441
282
96
37
110
242
213
27
217
42
498
120
53
120
143
87
108
145
208
124
1050
75
273
162
2
142
1507
82
290
25
199
429
78
136
205
1137
93
125
215
83
94
71
151
98
38
176
168
55
9
184
174
164
5
89
510
10
11
61
27
65
217
35
65
337
119
42
227
387
276
127
475
142
105
17
304
663
474
119
158
17
40
326
60
123
386
95
195
94
165
139
109
485
69
235
402
157
7
41
154
121
2
220
285
197
37
94
153
145
123
362
252
33
74
130
115
73
34
200
115
211
412
154
365
103
116
120
239
45
426
135
78
21
6
101
338
261
115
324
13
572
253
348
70
155
121
278
190
644
119
225
53
194
107
435
107
47
292
154
84
116
98
366
133
123
127
120
302
197
152
41
169
157
78
205
212
369
86
38
355
89
847
143
356
38
225
26
222
29
215
103
262
38
144
16
21
320
211
18
60
140
151
178
447
550
53
59
108
147
100
196
156
59
79
95
16
133
74
97
67
128
132
149
8
156
55
154
176
308
208
99
421
149
125
135
105
62
250
273
184
82
99
129
120
13
312
139
260
127
184
227
151
180
109
193
39
189
241
343
229
37
183
159
36
670
456
793
107
128
152
394
399
203
123
214
100
183
194
139
415
317
20
363
74
84
112
65
768
54
424
143
234
385
136
142
135
378
115
12
51
11
189
114
65
208
133
85
681
498
161
147
33
419
162
2
174
102
185
168
192
126
186
144
127
20
144
403
138
79
89
50
220
103
552
256
541
681
41
79
367
248
29
190
135
119
140
129
46
820
37
82
125
110
253
142
88
294
173
477
193
351
132
234
128
162
158
382
511
144
78
286
256
51
183
142
147
289
125
52
174
137
360
25
93
197
268
128
212
34
92
52
328
32
602
133
170
120
121
123
275
110
109
192
120
103
361
26
339
404
70
176
471
108
398
219
216
127
150
108
195
81
207
12
48
170
119
379
66
39
132
121
76
359
146
189
75
41
242
351
122
127
332
227
37
153
21
171
228
51
172
113
38
134
117
32
144
41
240
191
220
128
105
428
19
84
203
103
73
302
139
21
202
46
680
121
275
87
148
171
172
42
269
183
275
257
131
196
477
114
109
161
113
8
129
83
115
79
79
305
276
120
407
452
551
416
173
198
82
319
142
482
92
184
239
567
129
396
91
189
100
271
53
95
673
229
102
123
195
140
293
85
36
51
124
114
89
83
19
86
44
47
148
402
27
96
61
98
30
71
86
74
156
94
96
216
267
105
235
8
139
282
16
257
92
7
392
300
239
23
209
366
536
186
139
164
10
89
115
103
145
131
15
254
278
132
76
193
81
87
274
114
25
454
237
183
136
187
689
167
72
103
359
248
53
598
119
209
33
147
50
35
44
6
80
37
46
382
193
126
114
255
72
225
126
149
234
290
83
152
330
202
492
180
174
312
200
15
409
96
519
156
182
88
51
381
403
36
33
128
107
210
105
105
118
92
297
25
131
875
154
94
129
114
102
150
151
184
161
79
258
344
32
258
360
399
27
124
159
79
265
149
121
181
89
277
73
136
1237
201
247
343
121
176
428
168
343
684
199
96
184
19
63
38
249
76
281
62
106
83
299
215
293
363
338
653
221
56
190
142
156
15
176
322
140
72
126
140
166
151
314
233
129
153
198
435
181
12
346
124
200
52
477
411
63
204
116
98
2
27
56
17
472
18
206
140
79
677
282
375
138
78
388
301
92
217
303
69
243
618
135
88
170
27
52
20
134
45
230
7
38
10
184
27
50
317
229
126
501
145
80
55
215
252
70
723
108
22
21
55
327
81
116
132
180
321
136
91
64
25
89
90
146
172
210
137
271
111
109
48
150
4
176
166
190
115
403
119
109
183
269
107
217
110
25
424
198
146
34
161
83
45
53
105
78
354
55
145
146
18
168
65
127
100
147
144
189
69
232
71
468
67
76
184
217
444
127
229
154
81
86
103
262
136
276
84
183
195
309
830
137
52
229
115
151
228
88
19
211
184
137
76
243
79
53
437
193
103
135
600
241
253
125
128
148
146
154
442
80
52
216
102
122
233
111
184
322
383
7
205
68
190
354
253
245
88
114
315
141
418
239
256
153
123
89
27
90
147
211
2
125
147
76
360
63
513
301
146
51
456
76
1
168
87
193
116
178
405
298
25
161
110
131
177
192
87
123
126
9
98
680
192
67
88
191
173
130
94
107
106
245
215
37
68
57
108
115
55
10
105
30
10
31
21
82
80
79
21
68
187
139
63
101
27
328
114
347
120
129
177
80
442
52
468
383
143
338
187
185
66
165
167
31
91
265
431
143
72
731
162
541
45
212
31
388
219
25
505
101
348
89
196
33
37
186
338
126
179
137
49
136
156
103
66
228
136
133
90
83
240
136
178
172
373
171
461
141
394
96
246
268
47
146
235
143
98
90
137
185
88
112
99
404
127
147
110
257
269
85
514
210
418
258
91
49
75
169
202
516
261
200
118
181
203
104
189
246
114
18
83
1
121
556
199
345
164
57
338
266
17
13
232
212
270
270
82
97
320
307
213
66
144
104
1761
63
166
66
123
168
151
623
119
479
5
114
208
100
51
52
136
115
75
334
177
54
101
787
57
63
157
206
638
91
512
49
101
527
319
128
144
100
359
207
115
233
344
237
170
424
62
170
93
12
39
74
68
101
217
114
195
159
694
50
148
127
63
54
132
17
448
108
59
149
43
126
127
135
170
311
252
44
96
299
112
199
368
128
80
54
128
450
216
87
160
120
197
108
90
55
376
56
117
176
95
356
169
122
41
80
592
81
174
57
226
209
275
34
38
113
348
151
247
306
133
38
75
120
151
556
82
295
5
159
9
164
79
89
49
377
122
322
142
118
288
139
187
155
272
25
240
98
518
187
38
103
13
255
120
115
63
273
74
80
110
137
31
418
123
193
361
801
232
171
403
117
195
4
229
132
155
144
545
18
147
212
38
145
4
123
70
174
113
149
75
75
52
218
165
95
344
130
395
295
141
415
183
277
62
326
167
137
337
588
105
33
263
461
390
142
8
192
253
20
126
268
724
34
149
98
377
3
157
38
261
379
80
169
250
184
502
173
216
156
50
107
28
378
404
88
203
345
144
342
109
338
40
113
380
150
217
71
93
21
156
154
124
2
24
16
48
246
79
58
104
120
51
198
195
389
234
463
70
151
253
322
153
72
384
160
181
288
78
208
241
67
49
188
146
10
98
24
192
347
424
228
305
32
106
233
24
77
33
390
38
628
71
200
217
441
265
95
69
112
121
105
183
109
299
112
87
146
203
31
133
199
156
144
492
90
171
177
141
166
208
267
515
20
81
13
358
268
945
298
277
145
32
74
110
86
1
125
60
164
20
12
85
42
265
256
127
83
80
108
228
33
121
309
20
216
157
221
191
117
123
279
118
272
152
43
157
179
132
118
140
149
238
141
11
29
115
524
259
11
199
339
100
65
260
186
57
105
260
65
8
156
305
439
29
8
767
87
277
169
30
381
85
93
314
154
304
122
31
112
29
6
289
106
135
104
272
41
105
172
156
269
75
116
103
189
91
119
131
224
156
73
99
37
142
84
154
115
180
141
338
115
67
41
277
91
127
578
147
137
126
283
30
110
34
120
326
153
163
111
31
37
319
120
263
12
256
15
153
63
129
123
206
172
160
98
66
127
58
480
523
71
123
142
535
114
1054
340
229
50
121
230
21
21
87
259
180
188
85
272
156
67
134
152
207
99
75
124
504
16
338
63
15
50
309
93
412
64
10
189
19
183
25
100
286
93
351
181
110
79
74
147
62
124
166
37
32
157
77
224
251
20
275
370
139
87
67
382
46
686
124
214
338
230
30
58
664
71
532
81
179
123
192
19
274
65
181
419
19
2
327
250
148
216
142
161
37
121
52
289
138
279
164
176
286
508
133
19
2
273
156
166
32
107
274
117
158
112
222
325
174
244
80
114
84
10
228
382
158
32
57
136
14
22
31
217
183
195
190
311
239
294
180
62
831
213
172
92
182
426
53
80
74
265
143
1033
18
63
118
20
211
118
235
782
21
116
108
310
144
142
175
229
72
181
271
153
106
104
133
92
172
102
207
126
87
99
82
91
201
73
70
25
203
151
152
304
137
111
374
144
184
79
123
260
53
142
22
123
47
22
107
151
7
88
176
22
140
103
109
91
32
508
39
161
171
60
377
78
86
194
14
163
384
113
10
144
142
504
91
40
174
26
320
163
504
217
280
169
285
265
86
269
89
17
180
339
291
116
102
77
98
365
25
180
65
438
31
121
150
65
13
2
148
371
239
411
227
176
76
62
233
178
127
68
325
293
124
472
37
88
86
204
205
130
92
59
106
28
235
116
22
20
201
176
420
218
281
35
108
100
147
150
25
146
368
220
1
139
62
375
126
83
37
147
147
821
22
188
90
110
172
507
128
286
141
183
1
9
81
142
249
134
123
55
314
334
46
19
357
317
101
852
236
111
22
179
226
798
258
8
52
286
88
156
631
121
268
19
266
63
255
153
248
390
156
43
32
40
99
86
296
314
129
17
175
137
33
144
102
426
162
153
96
37
82
411
115
90
367
130
157
115
136
182
273
90
51
145
49
252
552
73
121
37
176
16
313
139
90
414
111
541
474
232
234
271
42
264
97
181
80
576
432
76
248
368
213
277
129
333
134
61
22
117
124
91
246
20
165
120
297
6
12
137
38
55
108
79
246
80
79
16
407
468
234
125
310
358
264
182
13
208
90
139
115
4
158
269
368
255
451
183
14
173
75
497
322
61
159
45
75
94
107
334
124
191
62
177
82
111
216
130
156
157
156
148
278
26
258
427
354
496
308
120
253
89
37
875
57
34
838
155
40
74
112
206
150
10
162
35
47
382
339
134
125
168
166
69
90
19
167
152
85
14
440
65
171
116
174
131
97
25
132
168
154
187
95
131
647
97
68
265
25
37
103
132
238
191
64
27
297
131
150
91
538
289
30
63
55
121
200
600
491
115
94
93
101
108
25
403
172
261
25
179
61
166
604
311
98
41
2
198
248
165
176
338
72
117
101
110
259
260
155
514
339
544
86
215
225
33
452
235
333
196
191
79
400
121
197
196
125
68
435
243
98
154
526
328
49
522
116
65
442
137
210
292
455
171
332
526
34
195
312
94
85
154
48
59
101
7
354
146
34
396
363
286
120
71
692
317
100
312
167
59
120
29
26
86
237
195
97
23
125
74
187
77
180
234
55
133
54
45
286
18
84
160
53
169
64
139
72
96
110
91
84
585
11
132
178
75
113
275
37
102
38
100
518
65
102
157
507
57
264
81
22
121
83
102
142
222
257
67
108
68
117
38
137
470
143
95
63
213
175
272
293
25
90
481
119
274
42
339
357
213
23
208
153
139
134
382
220
96
162
132
18
89
125
278
82
92
211
334
30
250
124
261
16
22
347
85
49
107
424
93
279
104
346
2
165
41
98
97
169
84
396
293
148
128
62
143
195
257
259
57
95
193
316
246
119
514
214
143
3
4997
118
43
84
86
667
994
129
48
258
257
317
60
113
152
102
203
244
79
244
178
99
192
81
318
642
260
162
41
91
122
339
326
284
27
385
58
41
101
96
153
193
35
312
191
91
159
129
148
205
143
104
264
30
67
119
196
177
18
188
131
154
123
305
153
75
58
165
143
226
330
86
282
45
689
131
119
97
338
150
170
84
3
22
122
219
208
14
11
66
505
24
150
140
387
39
74
158
184
185
259
33
140
218
89
568
162
81
145
302
170
16
488
134
169
98
218
270
155
99
15
343
16
121
366
428
159
15
2
144
165
168
158
78
331
224
196
47
115
248
120
76
166
119
69
428
230
421
68
122
195
359
265
287
381
109
229
38
113
94
153
432
150
411
277
228
88
109
100
109
17
422
117
73
297
266
280
155
321
358
144
180
173
244
192
116
16
45
65
134
293
21
171
138
105
161
98
745
300
486
397
112
187
56
137
247
157
171
213
389
362
60
53
101
147
535
68
354
26
131
167
356
113
356
120
80
115
76
148
160
123
209
17
416
13
394
197
108
50
153
17
156
100
83
87
19
158
37
8
452
104
94
154
101
63
127
132
37
139
112
69
2371
62
519
150
161
161
647
53
74
296
66
149
122
245
131
155
69
119
109
18
146
123
864
131
149
81
36
321
112
424
219
138
168
66
96
266
111
267
115
254
57
175
167
105
326
761
12
169
140
451
157
197
109
391
25
568
123
96
67
167
373
921
124
91
620
7
668
305
209
75
143
37
77
80
676
72
115
233
127
109
282
62
85
52
845
200
63
172
871
252
126
150
135
85
110
114
153
129
187
159
109
204
29
69
384
6
123
19
226
93
40
128
145
47
439
386
137
383
13
154
142
266
117
667
147
87
305
51
84
132
105
63
78
193
379
156
181
76
74
111
26
49
116
9
169
113
113
100
93
32
385
160
17
161
127
246
190
267
76
157
54
169
362
171
1111
89
96
112
66
57
156
233
224
121
806
18
216
265
177
47
110
140
101
325
62
290
90
566
151
5
310
32
80
395
96
146
43
178
26
208
59
252
20
73
166
126
26
386
26
4
178
386
888
5
149
352
66
91
312
106
228
156
213
12
64
646
146
330
30
67
157
215
443
265
547
107
190
107
125
66
66
67
362
421
235
116
548
217
21
217
209
92
78
213
9
111
91
53
361
38
222
281
184
132
86
99
52
261
289
152
238
82
8
17
253
121
102
142
320
71
170
145
161
109
102
111
61
256
108
84
333
23
157
190
113
24
145
266
53
155
215
174
104
179
19
269
189
149
92
173
253
11
218
167
108
78
150
203
2
146
367
57
212
154
220
167
338
124
117
59
230
42
103
39
21
156
789
147
602
644
146
165
125
88
114
11
17
77
255
218
48
95
103
87
101
157
609
27
21
253
285
372
88
112
56
98
107
444
661
266
56
144
148
354
269
89
140
18
117
173
273
139
274
93
280
484
227
203
87
212
255
74
166
80
34
95
73
11
65
218
97
116
280
36
399
136
156
123
102
141
75
117
312
25
169
94
51
529
73
159
1502
213
37
190
33
286
32
87
195
133
31
26
45
155
76
19
150
180
113
356
116
105
6
13
119
517
93
39
413
92
1256
123
93
141
381
111
537
196
243
99
133
63
17
72
217
97
31
98
295
117
129
36
192
143
153
194
67
333
142
105
244
267
169
322
114
227
21
74
157
240
688
28
10
181
109
222
241
105
81
82
813
66
34
130
17
87
179
29
139
2
31
24
176
156
98
121
96
99
157
130
240
101
120
307
484
82
110
493
261
154
99
516
192
121
370
71
187
96
145
465
196
202
571
199
283
161
162
207
40
164
133
135
244
94
88
138
144
108
436
194
209
32
376
271
96
246
202
224
154
190
199
296
101
245
88
254
256
354
137
260
400
203
399
168
65
116
95
75
64
126
196
13
98
28
153
139
161
158
9
115
64
351
197
188
100
153
199
60
118
404
218
3
297
309
10
162
105
184
246
153
131
136
28
19
86
20
865
263
72
117
142
44
294
410
65
345
170
182
350
476
183
156
172
169
351
10
124
256
142
227
63
92
35
118
91
483
91
238
174
99
45
3
289
181
125
85
226
186
384
196
117
203
67
430
68
75
197
149
102
219
177
90
266
17
45
204
138
338
165
112
229
113
82
69
477
152
752
85
437
665
41
151
124
164
151
170
191
61
124
244
96
175
121
292
84
39
240
89
707
363
158
240
27
106
185
36
205
115
712
102
190
149
75
95
79
127
37
73
239
80
78
346
1
519
94
142
105
61
1
71
81
122
25
6
365
70
160
67
229
619
343
128
171
208
48
70
341
187
98
175
265
201
32
63
78
185
638
173
143
30
262
5
57
118
306
126
209
54
122
14
157
10
22
95
158
169
66
200
312
375
45
188
133
147
197
366
44
187
338
14
188
138
125
97
180
27
8
130
635
139
100
12
184
267
18
22
17
452
295
352
329
89
131
113
276
120
77
90
130
197
191
73
340
53
148
271
254
122
289
253
200
363
99
141
1
90
38
172
148
136
65
124
164
38
250
85
273
61
105
154
373
222
248
311
31
287
20
82
71
36
534
413
201
4
107
202
123
410
167
328
146
115
110
115
239
162
193
86
21
203
245
125
268
212
250
212
122
198
612
229
137
84
374
157
233
32
175
119
129
120
167
183
56
359
31
291
157
18
78
459
395
81
62
584
95
115
73
117
122
25
131
127
310
37
103
278
11
49
177
151
401
207
96
95
153
1125
248
175
53
149
576
114
777
259
178
209
146
18
254
139
133
112
118
249
33
48
68
75
101
123
84
165
198
231
26
286
31
473
131
262
51
395
293
191
171
1
116
215
239
168
602
264
56
182
177
110
29
179
108
122
242
234
84
113
68
121
5
106
1
153
32
310
130
253
21
171
477
128
381
176
244
426
248
80
167
354
248
195
84
114
171
348
138
118
374
397
185
396
351
29
392
204
116
292
5
176
126
107
326
92
74
57
117
142
36
559
214
85
210
259
79
295
89
75
224
115
57
185
82
676
164
107
206
87
182
1
162
151
128
141
193
453
81
274
176
18
87
165
242
280
458
75
100
99
65
201
272
597
30
1
161
19
92
194
104
50
237
256
43
95
93
49
381
79
43
169
6
113
326
214
86
230
503
894
389
219
131
285
66
46
64
121
210
131
99
63
83
71
107
39
185
132
109
752
71
224
107
139
93
109
361
98
607
122
160
17
10
289
110
103
57
135
150
315
69
264
256
536
70
151
124
185
427
147
14
273
268
181
8
418
63
123
141
97
219
63
356
69
109
95
8
63
381
528
356
103
79
19
75
205
192
41
320
82
140
194
210
50
159
52
118
70
82
29
303
213
115
332
290
25
386
92
216
29
34
366
152
121
103
17
184
56
74
139
204
141
285
146
99
90
584
90
121
120
186
17
42
90
161
86
39
223
244
308
560
177
117
840
76
181
124
267
136
76
360
210
161
153
104
88
330
159
112
123
124
99
153
3283
155
154
36
139
220
51
105
72
115
76
11
162
217
158
755
130
182
69
17
157
152
81
223
179
196
165
25
265
46
144
379
198
63
166
204
84
134
261
91
123
2406
156
89
192
368
179
39
185
86
130
153
315
100
417
94
133
102
550
167
150
171
52
37
301
63
2
43
248
340
180
235
107
27
254
84
51
125
97
109
446
110
1082
21
107
383
220
212
90
410
265
47
71
1546
22
292
62
15
316
90
348
127
193
29
126
177
71
98
726
60
71
43
103
149
323
444
35
214
125
144
37
312
85
165
133
115
403
209
96
149
261
101
24
26
113
17
139
185
228
55
56
226
87
191
161
153
109
143
165
199
34
152
154
199
147
108
218
2
111
95
362
61
426
164
45
169
687
95
689
4
139
3
111
122
49
603
228
281
429
17
83
155
39
53
146
514
131
766
87
102
20
134
324
91
62
251
104
142
80
109
379
14
220
62
175
208
81
25
132
137
100
270
132
45
214
509
155
131
117
191
345
120
132
167
136
202
67
34
141
152
186
238
61
120
128
213
117
155
219
65
85
266
93
71
111
140
125
272
100
122
92
385
130
23
147
120
180
202
20
58
208
144
16
91
44
367
212
107
115
54
215
4
52
570
106
120
15
143
194
91
254
255
83
1158
594
155
31
253
37
207
132
361
14
238
202
120
173
189
244
142
159
154
519
144
120
294
645
212
33
29
156
182
58
127
383
83
36
71
182
76
110
648
367
74
75
196
479
106
94
152
144
499
72
45
16
214
32
286
298
115
139
215
117
99
300
76
38
338
