parametrizedLinkRatio
0.152941176
0.181818182
0.166666667
0.041666667
0.098765432
0.054545455
0.548387097
0.068181818
0.644329897
0.236196319
0.160714286
0.186666667
0.169117647
0
0.215517241
0.013513514
0.137931034
0.305263158
0.402298851
0.165467626
0.208888889
0.043010753
0.090909091
0.992785571
0.043859649
0.155172414
0
0.091954023
0.035294118
0.005899705
0.027972028
0.159292035
0.202312139
0.472375691
0.189814815
0
0.067750678
0.014925373
0.076142132
0.237569061
0.046153846
0.523465704
0.139393939
0.114285714
0.00591716
0.117241379
0.049180328
0.466666667
0.116788321
0.324675325
0
0.01459854
0
0.051470588
0.804511278
0.366935484
0.064516129
0.003992016
0.183206107
0.523809524
0.025210084
0.035353535
0.180645161
0.072639225
0.096969697
0.26848249
0.531914894
0.329949239
0.047619048
0.323308271
0.112820513
0.050505051
0.224299065
0.083333333
0.01980198
0.423076923
0.058823529
0.033333333
0.780487805
0.609375
0.040816327
0.399159664
0.02173913
0.056338028
0.179245283
0.751824818
0.422535211
0.13592233
0.241992883
0.06779661
0.278350515
0.26
0
0.017094017
0.027586207
0.0625
0.092307692
0.836363636
0
0.121052632
0.352941176
0.03
0.152173913
0.174418605
0.111111111
0.142857143
0.05511811
0.147959184
0.099173554
0.183098592
0
0.321078431
0.368888889
0.240740741
0.088888889
0
0.142857143
0.20754717
0.043478261
0.303664921
0.277945619
0.576496674
0.104265403
0.019607843
0.15819209
0.011764706
0.013513514
0.215025907
0.170347003
0.180412371
0.20754717
0.228346457
0.344827586
0.010810811
0.026666667
0.327731092
0.353909465
0.076335878
0.027777778
0.298780488
0.262195122
0.028846154
0.018518519
0.5
0.075
0
0.068493151
0
0.034482759
0.347593583
0.068965517
0.157446809
0
0.4
0.263473054
0.058823529
0
0
0.079545455
0.096296296
0.157894737
0.080645161
0.005291005
0.017241379
0.231788079
0.194174757
0.058139535
0.491803279
0.125
0.093117409
0.09569378
0.108108108
0.045454545
0.076923077
0.23943662
0.021084337
0.346774194
0.169354839
0.153846154
0.284313725
0.061068702
0.037037037
0.068965517
0.072580645
0.039735099
0.051851852
0.017857143
0.267857143
0.113402062
0.005859375
0.136363636
0.402985075
0.065217391
0.016042781
0.230769231
0.348837209
0.213114754
0.06012024
0.330097087
0.161849711
0.00862069
0.02173913
0.79245283
0.206024096
0.141509434
0.102040816
0.828828829
0.136752137
0.102661597
0.022332506
0.00952381
0.048780488
0.461538462
0.041322314
0.005181347
0.023148148
0
0.545454545
0.113207547
0.008695652
0.064516129
0.180327869
0.098901099
0.039215686
0.123076923
0.159340659
0.039370079
0
0
0.102803738
0.01986755
0.090909091
0.153846154
0.151394422
0.065693431
0.308411215
0.166666667
0.108108108
0.156462585
0.078431373
0.371428571
0.04
0.108108108
0.074626866
0.015625
0.016759777
0.137168142
0.086705202
0.97755611
0.971428571
0.151515152
0.098039216
0
0.13229572
0.5
0.273809524
0.740740741
0.256410256
0.341013825
0.828703704
0.008
0.06779661
0.312169312
0.009389671
0.397111913
0.322115385
0.03030303
0.392405063
0.017094017
0.23
0.049180328
0.032
0
0.043103448
0.213114754
0.021052632
0.126984127
0.025
0.117117117
0.234693878
0.300353357
0.552447552
0.122507123
0.06440678
0.125
0.136904762
0.02
0.217391304
0.266666667
0.147727273
0
0.055555556
0.107692308
0.852941176
0.133333333
0.02020202
0.264864865
0.11
0.095890411
0.037344398
0.292894281
0.32
0.12244898
0.121212121
0
0.275390625
0
0.052631579
0.284518828
0.180327869
0.147058824
0.025423729
0.225108225
0
0.072164948
0.054794521
0.046511628
0.009090909
0.227642276
0.075
0.288389513
0.255319149
0.906077348
0.655172414
0.032894737
0
0.469194313
0.29389313
0.109756098
0.121212121
0.252396166
0.019230769
0.009345794
0.04
0.046296296
0.066666667
0
0.135135135
0.579487179
0
0.084745763
0.153846154
0.033707865
0.402190923
0.008
0.275280899
0.013888889
0.016393443
0.096153846
0.106382979
0.071038251
0.158730159
0.079365079
0.297979798
0.064748201
0.36744186
0
0.651515152
0.006451613
0.070588235
0.043165468
0.037974684
0.305045872
0.097222222
0.042253521
0.19047619
0.136094675
0.018181818
0.05
0.14334471
0.039408867
0.317919075
0.006795017
0
0.055555556
0.014925373
0.073170732
0.068027211
0.030769231
0.06122449
0.0390625
0.070526316
0.118110236
0.734177215
0.277108434
0.096774194
0.380487805
0.25974026
0.068181818
0.177419355
0.01986755
0.075949367
0
0.3625
0
0.182897862
0.035714286
0.224806202
0.019047619
0.215053763
0.126888218
0.192028986
0.095959596
0.467105263
0.171641791
0.034482759
0.182481752
0
0.15503876
0.124277457
0.46875
0.139534884
0.155405405
0.053859964
0.076923077
0.244094488
0.014925373
0.053763441
0.188405797
0.363636364
0
0.77675841
0.072368421
0
0.140804598
0.251937984
0
0.031914894
0.14556962
0.025
0.561009818
0.47107438
0.338358459
0.025316456
0
0.016064257
0
0.074380165
0.348484848
0.2
0.03164557
0.75
0.08045977
0.189473684
0.333333333
0.035087719
0.195266272
0.025641026
0.024590164
0.420353982
0.411042945
0.153846154
0.217557252
0.242290749
0.058823529
0.504854369
0.020618557
0.417061611
0.051587302
0.065789474
0.058064516
0.176470588
0.095588235
0.014423077
0.583333333
0.095652174
0.359756098
0.052023121
0.52
0.102941176
0.105263158
0.12568306
0.150943396
0.5
0.053571429
0.005181347
0.053488372
0.264367816
0.063492063
0.141025641
0.019047619
0.191489362
0.028169014
0.012820513
0.314465409
0.071428571
0.047120419
0.073770492
0.194244604
0.064516129
0.179775281
0.209836066
0.561290323
0.167832168
0.777777778
0.237113402
0.03125
0.186781609
0.049382716
0.024193548
0.292576419
0.082926829
0.37804878
0.024390244
0.113043478
0.166666667
0.00621118
0.014184397
0.014285714
0.083665339
0.032786885
0.032786885
0.393939394
0.158536585
0.039548023
0.275
0.166666667
0.152777778
0
0.063380282
0.08
0.069565217
0.223880597
0.110108303
0.326086957
0.116438356
0.278688525
0.112244898
0.145985401
0.142599278
0.126506024
0
0.222222222
0.393617021
0.03968254
0.38
0.032142857
0.523316062
0.166037736
0.707317073
0.094827586
0
0.212765957
0.130434783
0.6625
0.079497908
0.664335664
0
0
0.408396947
0.623655914
0.237113402
0.151785714
0.064814815
0.047619048
0.166666667
0.047904192
0.037671233
0.130841121
0.224719101
0.245762712
0.04587156
0.070422535
0.444126074
0.322222222
0.086956522
0.739336493
0.035087719
0.049122807
0.15
0.674157303
0.325
0.1875
0.020833333
0.063157895
0.058823529
0.039215686
0
0.052631579
0.053030303
0
0.220338983
0.171270718
0.083333333
0.181818182
0.271028037
0.06547619
0.255079007
0.010752688
0.52
0.083916084
0.770171149
0.116883117
0.030612245
0.86
0.169014085
0.009960159
0.15625
0.04
0.174107143
0.237037037
0.371428571
0.097222222
0.008836524
0.113207547
0.056390977
0.295454545
0
0.034722222
0.152263374
0.404878049
0.063380282
0.128440367
0.192307692
0.144859813
0.718045113
0.064516129
0.229166667
0.123809524
0.071428571
0
0.183673469
0.674816626
0.003787879
0.154867257
0.037735849
0.138888889
0.086956522
0.152380952
0.034482759
0.022222222
0.794871795
0.173410405
0.52
0.277777778
0.065420561
0
0.231958763
0.275
0.039215686
0.474285714
0.110599078
0.018348624
0.476608187
0.267045455
0.348708487
0.26741573
0.233532934
0.037735849
0.372340426
0.562091503
0.115107914
0.211009174
0.030888031
0.227272727
0.222222222
0.023054755
0.131428571
0.066298343
0.169811321
0.026455026
0.32967033
0
0.154676259
0.183431953
0.487394958
0.00591716
0.158227848
0.105263158
0.078740157
0.013953488
0.052631579
0.103448276
0.222222222
0.03539823
0
0.004464286
0
0
0.172932331
0.195238095
0.247863248
0.102564103
0.06763285
0.927945472
0
0.350877193
0.296610169
0.02173913
0.086419753
0.075757576
0.012345679
0.223214286
0
0.255952381
0.166666667
0.055555556
0.096774194
0.14084507
0.013157895
0.338129496
0.732
0.03164557
0.237322515
0.298701299
0.190909091
0.014018692
0.126637555
0.00990099
0.074626866
0.214592275
0.054347826
0.641025641
0.14213198
0.039215686
0.397590361
0.07310705
0.443181818
0.16
0.05785124
0.030769231
0.1
0
0.105882353
0.134782609
0.376963351
0.196721311
0.018181818
0.022304833
0.016260163
0.05078125
0.089285714
0.340782123
0.074733096
0
0.292775665
0.23943662
0.428301887
0.419896641
0.571428571
0.03125
0.19047619
0.198347107
0.025210084
0.108108108
0.865671642
0.013157895
0.247126437
0.048543689
0.315533981
0.316666667
0.038216561
0.056603774
0.277992278
0.107142857
0.005649718
0.419753086
0.279279279
0.076086957
0.748648649
0.058823529
0.162303665
0.464788732
0.352941176
0
0.355932203
0.414473684
0.134020619
0.062937063
0.013333333
0.137142857
0.47826087
0.026315789
0.219081272
0
0.812903226
0.013452915
0.047169811
0.496012759
0.128
0.126760563
0.041025641
0.11827957
0.173076923
0.488764045
0.008264463
0.293680297
0.067567568
0.180327869
0.236111111
0.061810155
0
0.15625
0.466480447
0.425675676
0.319444444
0.053435115
0.329268293
0.023255814
0.033333333
0.617021277
0.131578947
0.030927835
0.223404255
0.008264463
0.118483412
0
0.54473161
0.52
0.263888889
0.4
0.148387097
0.01025641
0.117647059
0.38028169
0.209302326
0.105485232
0.728813559
0.115702479
0.080536913
0.288
0
0.75862069
0.021505376
0.701923077
0.183962264
0.129032258
0.062200957
0.073170732
0.195945946
0.483333333
0.056338028
0.033333333
0.153439153
0.173913043
0.045454545
0.285714286
0.063380282
0
0
0.348717949
0.120967742
0.054003724
0.010526316
0
0.02295082
0.008305648
0.18
0.070559611
0.189300412
0.247706422
0.165354331
0.097222222
0
0.095846645
0.621301775
0.407407407
0.119565217
0.070866142
0.395348837
0.543307087
0.122222222
0.090909091
0.13559322
0.284210526
0
0
0.015151515
0.069444444
0.008849558
0.042253521
0.063380282
0.222222222
0.03030303
0.113360324
0.439093484
0.083333333
0.156398104
0.169270833
0.079545455
0.017857143
0.111111111
0.293103448
0.459459459
0.475247525
0.01242236
0.048076923
0.311377246
0.035087719
0.052631579
0.098591549
0.308411215
0.18
0.52
0.094405594
0.019230769
0.137614679
0.608247423
0.174311927
0.231707317
0.045045045
0.432160804
0.076923077
0.102739726
0.018181818
0.046242775
0
0.112820513
0.076923077
0.03875969
0.117647059
0.330798479
0.618421053
0.106666667
0.413333333
0.015625
0.07
0.127659574
0.052631579
0.406015038
0.014234875
0.25462963
0.128415301
0.076923077
0.08490566
0.179190751
0.098591549
0.01910828
0.302325581
0.872053872
0.078651685
0.041884817
0.25984252
0
0.127027027
0.283018868
0.360169492
0.072727273
0.19760479
0.156017831
0.285714286
0.010989011
0.023076923
0.158590308
0.167557932
0.333333333
0.56097561
0.076923077
0.093023256
0.08
0.105610561
0.076190476
0.816568047
0.052023121
0.209756098
0.189189189
0.206349206
0.082802548
0.030612245
0.263888889
0.317073171
0.622222222
0
0.221818182
0.06122449
0.007042254
0.179487179
0.4
0.0875
0.097510373
0.031007752
0.008333333
0.331707317
0.133333333
0.158730159
0.398058252
0.359375
0.152
0.178571429
0.046979866
0.862068966
0.051948052
0.047619048
0.045454545
0.052287582
0.047619048
0.161538462
0
0
0.641176471
0.060465116
0.161290323
0.527716186
0
0.019736842
0.069620253
0.125628141
0.5
0.01754386
0.011673152
0.193548387
0.203883495
0.224932249
0.28125
0.119402985
0.252941176
0.027777778
0.714285714
0.334337349
0.32231405
0.08
0.170731707
0.074380165
0.509259259
0.030120482
0.017857143
0
0.122222222
0.864864865
0.113333333
0.066666667
0.165413534
0.326203209
0.037209302
0
0.065217391
0.071856287
0.252631579
0.007462687
0.662393162
0.101265823
0.115151515
0.173041894
0.146964856
0.184343434
0.115942029
0.29389313
0
0.203389831
0.855263158
0.022727273
0.045454545
0.412429379
0.172413793
0.022222222
0.317073171
0.117647059
0.122866894
0.037037037
0.021126761
0.056603774
1
0.157575758
0
0.352517986
0.024590164
0.333333333
0.828571429
0.063380282
0.235897436
0.368932039
0.004711425
0.502369668
0.372881356
0.551724138
0.412868633
0.115942029
0.212244898
0.040816327
0.462264151
0.356435644
0.201492537
0.24375
0.021126761
0.286472149
0.037037037
0.968253968
0.00952381
0.03125
0.180952381
0.863309353
0.009009009
0.051282051
0.216101695
0.389830508
0.03313253
0.140350877
0.181208054
0.210884354
0.183673469
0.201449275
0.108597285
0
0.016513761
0.307692308
0.023584906
0.068181818
0.055555556
0.032967033
0.133928571
0.023923445
0
0.037914692
0.026666667
0.052325581
0.018518519
0.282442748
0.111801242
0.291304348
0.552631579
0.036144578
0.013944223
0.366795367
0.409090909
0.558441558
0.441176471
0.458598726
0.25
0.023809524
0
0.35
0.045614035
0.888059701
0.342857143
0.02173913
0.280952381
0
0.116935484
0.066666667
0.136645963
0.05
0.026086957
0.05
0.12987013
0.0546875
0.336134454
0.097222222
0.325301205
0.815384615
0.07751938
0.434108527
0.102803738
0.286792453
0.031847134
0.198412698
0.00591716
0.270833333
0.016393443
0.033333333
0.200956938
0.326086957
0.21641791
0
0.466666667
0.475
0.053811659
0.156862745
0.025974026
0.019230769
0.129310345
0.562682216
0.122580645
0.268774704
0.090909091
0.109243697
0.473537604
0.133333333
0.053763441
0.016949153
0.007407407
0.177033493
0.15060241
0.007936508
0.063291139
0.181818182
0.127403846
0.097560976
0.12962963
0.21025641
0.03125
0.191011236
0.154471545
0.308510638
0.352941176
0.02739726
0.109489051
0.432432432
0.031791908
0.052631579
0
0.475138122
0.131386861
0.185185185
0.189655172
0.169421488
0.291079812
0.12962963
0.225961538
0.006711409
0.362549801
0.074074074
0.00955414
0.024615385
0.211940299
0.066666667
0.025974026
0.167330677
0.235576923
0.102941176
0.296875
0.144736842
0.342342342
0.142857143
0.025641026
0
0.037558685
0.130208333
0.026666667
0.272727273
0.265853659
0.017857143
0.350202429
0.068273092
0.008264463
0.4
0.242424242
0.06547619
0.112426036
0.009036145
0.122866894
0.445255474
0.115207373
0.020833333
0.52
0.103896104
0.442413163
0.043010753
0.02020202
0.033783784
0
0.065217391
0.401913876
0.111111111
0.036866359
0.072727273
0.126582278
0.264957265
0.007407407
0.710743802
0.028901734
0.270114943
0.028985507
0.129287599
0.211538462
0.038961039
0.033613445
0.090909091
0.059322034
0.018181818
0.106666667
0.274509804
0.096385542
0.426470588
0
0.033018868
0.115107914
0.365671642
0
0.130841121
0.042253521
0.052631579
0.144444444
0.12804878
0.078947368
0.426470588
0.058139535
0.261859583
0.096774194
0.063380282
0.197530864
0
0.444444444
0.053097345
0.219451372
0.093155894
0.570881226
0.065789474
0.152
0.340206186
0.004950495
0
0
0.682926829
0.082758621
0.284090909
0.057471264
0.092198582
0.019736842
0
0.050505051
0
0.227272727
0.019417476
0.003405221
0
0.067010309
0.081081081
0.023195876
0.034482759
0.84375
0.019900498
0.160714286
0.074349442
0.126865672
0.023809524
0.405594406
0.204379562
0.233082707
0.125
0.103658537
0.10625
0.061538462
0.39708561
0.119402985
0.451612903
0.053097345
0.702380952
0
0.183246073
0.01369863
0.05785124
0.075471698
0
0.077777778
0.156069364
0.108108108
0.316455696
0.057142857
0.406779661
0.31302521
0.282758621
0.641975309
0.007633588
0.285714286
0.012903226
0.117318436
0.18226601
0.102189781
0.048387097
0.086956522
0.190909091
0.358422939
0.140186916
0.12962963
0.054216867
0.111842105
0.160493827
0
0.176470588
0.219512195
0.12987013
0.157894737
0.228813559
0.441926346
0.043956044
0.102564103
0.468379447
0.35042735
0.118483412
0.276752768
0.042918455
0.04
0.010695187
0.108108108
0.743150685
0.188311688
0.02
0.033783784
0.019323671
0.388059701
0.478527607
0.158730159
0.029126214
0.051470588
0.295739348
0.087866109
0
0.49137931
0.03649635
0.037037037
0.102803738
0.05
0.15942029
0.085972851
0
0.046218487
0.198019802
0.314949202
0.252631579
0.004608295
0.292307692
0.15
0.02247191
0
0.235988201
0
0.191489362
0.339622642
0.097014925
0.211656442
0.2
0.041666667
0.462264151
0.147058824
0.191836735
0.883435583
0.172413793
0.457711443
0.025911708
0.421390374
0.020833333
0.108597285
0.045977011
0.333333333
0.161290323
0.142857143
0.027027027
0.981884058
0.547368421
0
0.131756757
0.093457944
0.166666667
0.276595745
0
0.172413793
0
0.03125
0.134328358
0.028571429
0.095744681
0.403508772
0.361904762
0.047058824
0.197247706
0.138392857
0.025641026
0.054263566
0.078066914
0.073593074
0.477900552
0
0.203655352
0.27607362
0.031578947
0.325581395
0.2
0.114754098
0.03358209
0.102941176
0
0.14159292
0.465949821
0.0078125
0.032051282
0.444444444
0.0875
0.341085271
0.032608696
0.210526316
0.025641026
0.25
0.055172414
0.05
0.670588235
0.155172414
0.846153846
0.304878049
0.135416667
0.019933555
0.137931034
0.288888889
0.107142857
0.195402299
0.049180328
0
0.090909091
0.33
0.062962963
0.242424242
0.030864198
0.051948052
0.068965517
0.023041475
0.016949153
0.23364486
0.132
0.091666667
0.084745763
0.256410256
0.031746032
0
0.063492063
0
0.254545455
0
0.5875
0.108433735
0.446700508
0.054644809
0.355191257
0.053333333
0.538812785
0
0.262773723
0.192207792
0.384615385
0.089041096
0.241217799
0.089285714
0.108571429
0.066666667
0.077464789
0.195121951
0.060344828
0.153225806
0.013157895
0.071428571
0.093567251
0.1
0
0.015625
0.666666667
0.608247423
0.048192771
0.03271028
0.24
0.062222222
0.208955224
0.17721519
0.293522267
0.011111111
0.2
0.025974026
0.296218487
0.141732283
0.008264463
0.19266055
0.077702703
0.119645495
0.035460993
0.258064516
0.4375
0.03030303
0.483870968
0.114754098
0.084870849
0.123188406
0.5
0.068181818
0.079545455
0.013157895
0.165656566
0.209302326
0.215447154
8.99E-04
0.160839161
0.65
0.228915663
0.293849658
0.625
0.02173913
0.119469027
0.247863248
0.172690763
0.410958904
0.068965517
0.411067194
0
0.183908046
0.025806452
0.136986301
0.287356322
0.275720165
0.2
0.101449275
0.056537102
0.069444444
0.114285714
0.444141689
0.285714286
0.139931741
0.693181818
0.396825397
0.227272727
0.03030303
0.059190031
0
0.141078838
0.165109034
0.025477707
0.253731343
0.140350877
0.055555556
0.324324324
0.248987854
0.060606061
0.019417476
0.03030303
0.327868852
0.273504274
0.1
0.008
0
0.11627907
0.365217391
0.125
0.333333333
0.063380282
0.633053221
0.227990971
0.52991453
0.065843621
0.009615385
0.669902913
0.270676692
0.25
0.117647059
0.5
0.034285714
0.276315789
0.931506849
0.217741935
0.576923077
0
0
0.025316456
0.242424242
0.159445407
0.307246377
0.043956044
0.271186441
0.3828125
0.19047619
0.067114094
0.08
0.081545064
0.023255814
0.133333333
0.095454545
0
0.695121951
0.111842105
0.008264463
0.226993865
0.486263736
0.072815534
0.240740741
0.111111111
0.242857143
0.2
0.469101124
0.241935484
0
0.549295775
0.12244898
0.201342282
0
0.627192982
0.209476309
0.204081633
0
0.125
0.041666667
0.774647887
0.019230769
0
0.027777778
0.288888889
0.03525641
0.08
0.008547009
0.027777778
0.071428571
0.193050193
0.102941176
0.149350649
0.789473684
0.097701149
0.024193548
0.16875
0.242718447
0.663157895
0.188539741
0.076923077
0.038709677
0.116666667
0.029739777
0.128865979
0.102362205
0.384976526
0.03
0.051724138
0.063492063
0.048611111
0.633027523
0.018181818
0.279475983
0.477653631
0.681318681
0.23245614
0.024128686
0.225058005
0.016393443
0.021505376
0.043478261
0.01
0.033783784
0.04040404
0.277227723
0
0.108108108
0.068181818
0.031847134
0.75
0.162162162
0.470817121
0.554878049
0.161764706
0.03030303
0.004739336
0.086956522
0.028571429
0.212121212
0.181818182
0.204545455
0.283505155
0.275862069
0.562790698
0.057377049
0.004878049
0.061349693
0.394366197
0.033333333
0.125
0.722222222
0.142857143
0.034188034
0.09375
0.185185185
0.008333333
0.108108108
0.023809524
0.3926097
0.045226131
0.02739726
0.286501377
0.165048544
0.022222222
0.0125
0.298611111
0.166666667
0.139896373
0.028571429
0.21399177
0.138888889
0.694339623
0.243243243
0.847411444
0.227467811
0.032679739
0.340909091
0.074074074
0
0.136363636
0.119266055
0.195121951
0
0.010752688
0
0.068322981
0.23255814
0.301282051
0.025906736
0
0.093851133
0.394805195
0.310469314
0.346938776
0.286885246
0.032894737
0.116154873
0.155477032
0.055806938
0.011494253
0.00591716
0.171339564
0.130434783
0.122222222
0.363636364
0.460093897
0.777777778
0.042253521
0.125
0.059633028
0.324825986
0.59375
0.308550186
0.171122995
0.305327869
0
0.603960396
0.02173913
0.025454545
0.131034483
0.238317757
0.316176471
0.04
0.042372881
0.018072289
0
0.354304636
0
0
0.044117647
0
0
0.064220183
0
0.329787234
0.03030303
0.047619048
0.504424779
0.182692308
0.177419355
0.158730159
0.211711712
0
0.092537313
0.120967742
0.054216867
0.087591241
0.217592593
0.164179104
0.133333333
0.251948052
0.452380952
0.35106383
0.103448276
0.007575758
0.22
0.035294118
0.495412844
0.345132743
0.108108108
0.021276596
0.065340909
0.070175439
0.125
0.119402985
0.054945055
0.047619048
0.105769231
0.076086957
0.472067039
0.203910615
0.423076923
0.785185185
0.435897436
0
0
0.277372263
0.535714286
0
0.244680851
0.289940828
0.531697342
0.08045977
0.130434783
0
0.549618321
0.06147541
0.276134122
0.021126761
0.104477612
0.097087379
0.052631579
0.531746032
0.308668076
0.789473684
0.477653631
0.050561798
0.045248869
0.018181818
0.233944954
0.125984252
0.055555556
0.430894309
0
0.040540541
0.019607843
0.165650407
0.362030905
0.012121212
0.048780488
0.148148148
0.057432432
0.108108108
0.047619048
0.351724138
0.130434783
0
0.22513089
0.008264463
0.111111111
0.130898021
0
0.210526316
0.052631579
0.105263158
0.211538462
0.384030418
0.290456432
0.397769517
0.132075472
0
0.096774194
0.037634409
0
0.184615385
0.051660517
0.336538462
0.078947368
0.559440559
0
0.140350877
0.04587156
0.875
0.105263158
0.140816327
0.056680162
0.048780488
0.181818182
0.231527094
0.066831683
0.323899371
0.029411765
0.122529644
0.465753425
0.05625
0.174418605
0.198966408
0
0.138888889
0.100877193
0.121827411
0.171597633
0.055248619
0.133971292
0.117647059
0.071428571
0.128865979
0.128205128
0.151079137
0.022727273
0.477653631
0
0.014285714
0.695652174
0.111111111
0.038461538
0.186666667
0.142857143
0.153110048
0.045454545
0.432721713
0.090909091
0.05017301
0.277992278
0.007751938
0
0.307129799
0.010152284
0.039823009
0.005882353
0.093023256
0.149006623
0.057971014
0.098591549
0.02173913
0.102912621
0.637254902
0.077669903
0.191780822
0.392070485
0.133333333
0.190938511
0.047619048
0.036630037
0.01910828
0.086956522
0
0.048275862
0.16119403
0.04494382
0.078853047
0.094594595
0
0.148148148
0.032608696
0.210691824
0.135057471
0.184115523
0.170068027
0.010948905
0.19245283
0.226086957
0
0.56875
0
0.202380952
0.181451613
0.529411765
0.046666667
0.669014085
0.010273973
0.363636364
0.018518519
0.015625
0.379182156
0.222222222
0.106796117
0.182795699
0.547008547
0.0875
0.142045455
0.0125
0.127819549
0.159633028
0.103286385
0.154929577
0.079646018
0.249291785
0.037037037
0
0.559210526
0.6
0.48
0.539347409
0.133144476
0.099447514
0.572052402
0.09939759
0.064935065
0.134615385
0.093023256
0.302325581
0.876595745
0.322033898
0.025641026
0.061611374
0.192982456
0.142857143
0.03125
0.063380282
0
0.316326531
0.121827411
0.09375
0.386956522
0.444444444
0.018181818
0.296428571
0.919642857
0.025806452
0.010869565
0.094827586
0
0.169971671
0.074257426
0.471910112
0.181818182
0.126126126
0.240131579
0.696969697
0
0.133333333
0
0.047619048
0.144927536
0.054945055
0.211055276
0.062015504
0.012396694
0.056338028
0
0.161904762
0.076404494
0.12568306
0.195652174
0.01980198
0.42172524
0.044444444
0.101141925
0.166666667
0.359223301
0.368715084
0.079710145
0.047297297
0.383647799
0.146496815
0.09202454
0.068292683
0.376068376
0.057613169
0.017391304
0.516267123
0.115671642
0.013333333
0.076555024
0.229166667
0.158982512
0.138613861
0.251968504
0.468085106
0.043103448
0.078947368
0.589285714
0.509167842
0.238095238
0.484848485
0.009009009
0.213114754
0.433333333
0
0.113207547
0.0625
0.195979899
0.00591716
0.05
0.019230769
0.015384615
0.286432161
0.470588235
0.444444444
0.673913043
0.208
0.265700483
0.051724138
0.013245033
0.358381503
0.129032258
0.438502674
0.021276596
0.058823529
0.031914894
0.147988506
0.549668874
0.063063063
0.024193548
0.22
0.051282051
0
0.076923077
0.223602484
0.242339833
0.25
0.01754386
0.28830313
0.03030303
0.777777778
0.297297297
0.305882353
0.097222222
0.183098592
0.090373281
0.555555556
0.145985401
0.090526316
0.06122449
0.067307692
0.060606061
0.066298343
0.19
0.444444444
0.016666667
0.125
0.171953255
0.046594982
0.004651163
0.172222222
0.090909091
0.008064516
0.065789474
0.266339869
0.029411765
0.176470588
0.43902439
0.196721311
0.058823529
0.037190083
0.229411765
0.04494382
0.167883212
0.073170732
0.294117647
0.174418605
0.2
0
0.072625698
0.242574257
0.544303797
0.38
0.1375
0.024193548
0.075757576
0.0859375
0.103448276
0.12195122
0.286245353
0.013333333
0.028037383
0.656565657
0.028248588
0.219512195
0
0.330357143
0.071428571
0.1
0.090909091
0.183006536
0.460093897
0
0.071428571
0.095744681
0.031914894
0.798561151
0.104166667
0.048192771
0.37804878
0
0.135416667
0.199667221
0.252688172
0.176136364
0.046153846
0.133676093
0.164705882
0.043478261
0.165048544
0.191919192
0.126666667
0
0.023148148
0.090909091
0.653846154
0.684210526
0
0.15942029
0.362068966
0.008333333
0.127962085
0.424
0.204761905
0.364864865
0
0.010869565
0.121827411
0.106796117
0.117647059
0.774774775
0.167173252
0.010869565
0.096153846
0.03030303
0.562091503
0.024390244
0.292682927
0.044117647
0.086419753
0.289719626
0.480225989
0.22
0.006535948
0.1515625
0.638888889
0.529411765
0.276595745
0
0.327868852
0.21969697
0.242290749
0.119341564
0.239583333
0.109797297
0.01242236
0.141176471
0.009708738
0
0.358910891
0.445454545
0.1171875
0.180722892
0.033333333
0.361702128
0
0.386138614
0.753676471
0.201754386
0.216216216
0.227118644
0.057017544
0.076923077
0.333333333
0.267605634
0.041044776
0.318181818
0.118918919
0.041958042
0.580952381
0.149068323
0.04379562
0.095115681
0.107142857
0.152838428
0
0.011111111
0.107491857
0.122807018
0.056179775
0
0.020408163
0.190082645
0.063380282
0.025641026
0.474201474
0.506410256
0.043859649
0.070038911
0
0.037037037
0.09469697
0.146507666
0.184713376
0.027777778
0.28440367
0.245614035
0.358974359
0.208092486
0.162679426
0.116564417
0.81
0.017699115
0.121212121
0.157407407
0.146050671
0.320843091
0.154639175
0.268817204
0.139664804
0
0.114649682
0.262626263
0.61627907
0.006053269
0.133333333
0.213114754
0.092307692
0.142857143
0.32173913
0.25
0.357723577
0.089171975
0.18128655
0.057017544
0
0.10989011
0
0.5
0.651685393
0.218954248
0.21761658
0.2
0.188034188
0.352272727
0.1796875
0.105691057
0.012195122
0.086021505
0.093567251
0.042918455
0.296153846
0
0.2
0.197333333
0.201716738
0
0.06684492
0.0625
0.076923077
0.063380282
0.042183623
0.031847134
0.140350877
0.014084507
0.03030303
0.1875
0.297468354
0.103030303
0.841121495
0.080645161
0.364485981
0.080645161
0.008264463
0.141025641
0.425438596
0.191176471
0
0.43956044
0.039215686
0.053639847
0.259259259
0.155844156
0.288659794
0
0.125
0.111801242
0.05982906
0.0125
0.090909091
0.092307692
0.567901235
0.698795181
0.081632653
0.012106538
0.072289157
0
0.086705202
0.15
0.021367521
0.056701031
0.165048544
0.025
0.219354839
0.312252964
0.022988506
0
0.181434599
0.063106796
0.617647059
0.1375
0
0.0390625
0.153846154
0.01025641
0.046875
0.033333333
0.064377682
0.046511628
0.366197183
0.074204947
0.431192661
0.129032258
0.08
0.173076923
0.362831858
0.071428571
0.101449275
0.028985507
0.228
0.209677419
0.416289593
0.00486618
0.00862069
0.029761905
0.083333333
0.048979592
0.295019157
0.022222222
0
0
0.115183246
0.06557377
0.058823529
0.022624434
0.786096257
0.145833333
0.2
0.108280255
0.008264463
0.234567901
0.178362573
0.076086957
0
0.125
0.303846154
0.188888889
0.391509434
0.033613445
0.063380282
0.388888889
0.5
0.045454545
0.026378897
0.142857143
0.061538462
0.04
0.00407332
0.082474227
0.019480519
0.229508197
0.339943343
0.37414966
0.02189781
0.116564417
0.194029851
0.069767442
0.221635884
0.38028169
0.101851852
0.846153846
0.25
0.242647059
0.679012346
0.662650602
0.018181818
0.029411765
0.355769231
0.517699115
0.183098592
0
0.074733096
0.037593985
0.06779661
0.384615385
0.15
0
0.089285714
0
0.068181818
0.102941176
0.045045045
0.08
0.169642857
0.340909091
0.047619048
0
0.640939597
0.896103896
0.125
0.121546961
0.486111111
0.037037037
0
0.223300971
0.166666667
0.183006536
0.045454545
0
0.04109589
0.143589744
0.272727273
0.320512821
0.120567376
0
0.103773585
0.190045249
0.016129032
0.03030303
0.077380952
0.008064516
0.162280702
0
0.185
0.252631579
0.111111111
0.476489028
0.186046512
0.082901554
0.045454545
0.040892193
0.19266055
0.371428571
0.50877193
0.290909091
0.054187192
0.173333333
0.189944134
0.404530744
0.084507042
0.038095238
0.198895028
0.149484536
0
0.027027027
0.027027027
0.261261261
0.058823529
0.684210526
0.02962963
0.103092784
0.25
0.170833333
0.270588235
0.060606061
0.294871795
0.219143577
0.442028986
0.023255814
0.053333333
0.016949153
0.598039216
0.18907563
0.025
0.146341463
0.90625
0.157575758
0.254237288
0
0.040983607
0.02020202
0
0.173913043
0.008064516
0.01459854
0.194029851
0.206349206
0.751824818
0.038834951
0.182857143
0.070175439
0.108108108
0.019230769
0.065217391
0.113924051
0.030612245
0.03125
0.063636364
0.06846473
0.012987013
0.227272727
0.083333333
0.255639098
0.183098592
0.142414861
0.081339713
0.125
0.11827957
0.148148148
0.024291498
0
0.086419753
0.551020408
0.412587413
0.752688172
0
0.034965035
0.135135135
0.171974522
0.323529412
0.279069767
0.193370166
0
0.191082803
0
0.37195122
0.059210526
0.037735849
0.217741935
0.176229508
1
0.049723757
0.118881119
0.210843373
0.205882353
0.016949153
0.211640212
0.484429066
0.044871795
0.062937063
0.381578947
0.015873016
0.583333333
0.176923077
0.314917127
0.104166667
0.123966942
0.451137885
0
0
0.493975904
0.219298246
0.52
0.100719424
0.013422819
0.064
0.078787879
0.284644195
0.237726098
0.133333333
0.318965517
0.281553398
0.743494424
0
0.148760331
0.021126761
0.09518477
0.097826087
0.147887324
0.164556962
0
0.142857143
0.028846154
0.392265193
0.017964072
0.012820513
0.076923077
0.228438228
0.393442623
0.04040404
0.151515152
0.051282051
0.071428571
0.3
0.037593985
0.024691358
0.135254989
0.210884354
0.15060241
0.385093168
0.34375
0.273195876
0.141414141
0.034246575
0.341463415
0.006578947
0.674418605
0.045454545
0.081967213
0.1171875
0.284274194
0.052980132
0.14084507
0.107594937
0.084745763
0.236842105
0.008333333
0.036231884
0.145601618
0
0.070351759
0.013605442
0.390134529
0.487068966
0.213483146
0.247232472
0
0.037735849
0.025157233
0.170731707
0.15
0
0.142857143
0.310546875
0.182692308
0.166666667
0.074074074
0.082949309
0.028571429
0.034482759
0.153846154
0.176470588
0.027272727
0.024590164
0.042553191
0.262745098
0.0625
0.190243902
0.043165468
0.569620253
0.147826087
0.009036145
0
0.395555556
0.328431373
0.12195122
0.034013605
0.786407767
0.171717172
0.088607595
0.326086957
0.25984252
0.020408163
0.12295082
0.484419263
0.108527132
0.09375
0.316081331
0.127118644
0.080508475
0
0.008064516
0.019230769
0.045454545
0.1953125
0.016129032
0.464788732
0.089108911
0.026315789
0
0.384328358
0.023255814
0.145348837
0.027027027
0.281512605
0
0.048076923
0.082352941
0.295019157
0.043478261
0.153046062
0.251162791
0.141463415
0.370741483
0.018181818
0.16713881
0.055865922
0.172131148
0.045454545
0.133333333
0.045685279
0.006535948
0.688172043
0.357142857
0
0.229508197
0.170454545
0.141414141
0.018587361
0.023076923
0.257142857
0.076305221
0.25
0.436046512
0.186335404
0.155
0.375722543
0.280155642
0.394636015
0.015151515
0.153263955
0.052631579
0.03164557
0.20890411
0.173913043
0.032
0.184615385
0.531468531
0.043478261
0.68202765
0
0.055555556
0
0.567901235
0.071428571
0.153846154
0.491869919
0.056122449
0.138107417
0.079207921
0.154589372
0
0.008130081
0.068965517
0.039832285
0.379518072
0.281437126
0.123076923
0.026315789
0
0.090517241
0.170731707
0.527415144
0.051724138
0.024793388
0.008264463
0.004357298
0.58
0.138461538
0.33460076
0.090225564
0.114285714
0.190607735
0.153846154
0.026871401
0.036697248
0
0.674418605
0
0.4
0.4
0.136150235
0.178571429
0.033557047
0.434343434
0.624338624
0.265625
0.008333333
0.028571429
0.302158273
0.024390244
0.134831461
0.255555556
0.045454545
0.157894737
0.402173913
0.064516129
0
0.019354839
0.085308057
0.041666667
0.575757576
0
0.075163399
0.062937063
0
0.174418605
0.416666667
0.206896552
0.141552511
0
0.712871287
0.294117647
0.025806452
0.008652658
0.058679707
0.108108108
0.023809524
0.15
0.243902439
0.159090909
0.08411215
0
0
0.613924051
0.542372881
0.025316456
0.172413793
0.35971223
0.112299465
0.01183432
0.232142857
0.070234114
0.078947368
0.153061224
0.777777778
0.307349666
0
0.762331839
0.2
0
0.109195402
0.606557377
0.033333333
0.314814815
0.097222222
0.063380282
0.170616114
0.2
0.288888889
0.102150538
0.222222222
0.436548223
0.246376812
0.12
0.246478873
0.192982456
0.008264463
0.080321285
0.04109589
0.089108911
0
0.127777778
0
0.056338028
0.110132159
0.503597122
0.17
0.037383178
0.046025105
0.137203166
0.846153846
0.141025641
0.021276596
0.104651163
0.297468354
0.170886076
0.127659574
0
0.181818182
0.007092199
0.147177419
0.174904943
0.100558659
0.049180328
0
0.017241379
0.06504065
0.129955947
0.226190476
0.077777778
0.177419355
0.160714286
0
0.044692737
0.051282051
0.760932945
0.066964286
0.133891213
0.125
0.186440678
0.115384615
0.010273973
0.108108108
0.108108108
0.064516129
0.099378882
0.079710145
0.03030303
0.087804878
0.03125
0.024590164
0.019323671
0.048611111
0.145454545
0.193965517
0.010752688
0.206896552
0.255813953
0.019305019
0.096774194
0.336633663
0
0.195652174
0.257861635
0.044776119
0.01285347
0
0.416666667
0.699507389
0.022900763
0.057324841
0.002352941
0.049469965
0.037037037
0.244897959
0.35106383
0.104166667
0.108108108
0.081818182
0.041322314
0.046948357
0
0.138248848
0.119047619
0.104417671
0.183333333
0.41509434
0.141666667
0.230769231
0.183908046
0.064814815
0.15862069
0.004807692
0.032258065
0.001904762
0.133333333
0.161172161
0
0.5
0.063380282
0.564034506
0.170731707
0.113793103
0.52
0.48241206
0.496503497
0
0.25
0.112195122
0.263852243
0.677419355
0.056
0.079069767
0.301204819
0.053191489
0.169014085
0.026490066
0.06122449
0
0.198863636
0.017857143
0.072727273
0.222222222
0.434782609
0.132183908
0.152439024
0.2
0.078651685
0.321568627
0.1
0
0.754098361
0.037037037
0.061538462
0
0.057142857
0.830769231
0.258160237
0.084033613
0.142857143
0.079295154
0.11627907
0.007246377
0.05511811
0.393684211
0.063380282
0.095238095
0
0.111842105
0.101055807
0.232067511
0.058823529
0.075949367
0.058823529
0.1
0.082822086
0.1
0.032520325
0.012953368
0.221052632
0.174358974
0.074468085
0.042424242
0.115107914
0.082568807
0.006185567
0.565217391
0.306382979
0.325870647
0.025477707
0.142857143
0.658536585
0.051948052
0.247933884
0
0.1
0.150877193
0.116751269
0.108108108
0.063829787
0.124183007
0.062068966
0.016260163
0.129834254
0.126984127
0
0.027027027
0.730769231
0.026086957
0.054794521
0.147058824
0.145
0.139130435
0.028436019
0.337378641
0.019480519
0.802739726
0.077669903
0.24137931
0.008333333
0.054393305
0.022222222
0.20657277
0.214814815
0.012820513
0
0
0.099009901
0.00591716
0.176245211
0.130434783
0.092592593
0.153846154
0.456293706
0.130434783
0.293103448
0.428571429
0.348387097
0.049586777
0.248201439
0.015789474
0.127329193
0.050420168
0.408888889
0.037735849
0.195876289
0
0.287356322
0.046728972
0
0.010273973
0.551948052
0.75
0.215517241
0.285714286
0.150273224
0.067669173
0.008130081
0.039370079
0.008333333
0.347682119
0.263959391
0.111842105
0
0.035502959
0.210191083
0.08974359
0.097560976
0.273584906
0.479674797
0.744186047
0.236842105
0.470422535
0
0.0094451
0.062937063
0.483146067
0
0.035555556
0
0.166666667
0.103448276
0.097674419
0.165048544
0.148854962
0.052631579
0.291666667
0.0625
0.095238095
0.55
0.402843602
0.055555556
0.1
0.05
0.218543046
0.084269663
0.255033557
0.009090909
0.132075472
0.237288136
0.055555556
0.034013605
0.17
0.158163265
0.224358974
0.271186441
0.050632911
0.021052632
0.0625
0.270676692
0.148648649
0.144329897
0.76119403
0.1953125
0.128787879
0.073825503
0.25
0.480769231
0.036363636
0
0.079545455
0.227272727
0.048076923
0.01010101
0.076009501
0.100671141
0.064
0.096296296
0
0.048387097
0.2
0.142857143
0.505434783
0.646341463
0.646464646
0.085271318
0.466666667
0.076923077
0.163461538
0.115107914
0.073076923
0.094488189
0.163043478
0.070484581
0.026490066
0.188888889
0.110091743
0.098445596
0
0.137566138
0.045643154
0.317784257
0.15720524
0.108108108
0.18579235
0.194968553
0
0.153731343
0
0.050441362
0.046728972
0.03125
0.190789474
0.355329949
0.122807018
0.162561576
0.040650407
0.406542056
0.06
0.207650273
0.015463918
0.302158273
0.171084337
0.741324921
0.05
0.209366391
0.256756757
0.619047619
0.071428571
0.276923077
0.022135417
0.111111111
0.264150943
0.062937063
0.508547009
0.062337662
0.095588235
0.063380282
0.051851852
0.198412698
0.113043478
0.083333333
0.62745098
0
0.052910053
0.254385965
0.369230769
0.081730769
0
0.658823529
0.298091043
0.817269076
0.124223602
0.136054422
0.03030303
0.174224344
0.037037037
0
0.41954023
0.68627451
0.4
0.023809524
0.020833333
0.055555556
0.182795699
0.1875
0.653543307
0.05
0.0625
0.168734491
0.246376812
0.620253165
0.179775281
0.34
0.236363636
0.116504854
0.324275362
0.25390625
0.205175601
0.345080764
0.048780488
0.025316456
0.125340599
0.391129032
0.103448276
0.015789474
0.02962963
0.403361345
0.078571429
0.031007752
0.02173913
0.323170732
0.108108108
0.036585366
0.008
0.145454545
0.14229249
0.063380282
0.079545455
0.068027211
0.034682081
0.102725367
0.155440415
0.128205128
0.136363636
0.260683761
0.03125
0.160493827
0.183544304
0.120418848
0.127201566
0.0625
0.051282051
0.370629371
0.3046875
0
0.37704918
0.063380282
0.068027211
0.349480969
0.008
0.096153846
0.172413793
0.189781022
0.527777778
0.52
0
0.111675127
0.291044776
0.2578125
0.004716981
0.235294118
0.184782609
0.153846154
0.12804878
0.34375
0.332225914
0.037593985
0.064705882
0.825
0.52892562
0.024390244
0.210909091
0.109090909
0.311926606
0.005208333
0.008333333
0.13592233
0.254847645
0
0.159292035
0.725247525
0.114285714
0.392045455
0.261146497
0
0.248743719
0.00456621
0.208333333
0.05511811
0.14
0.101851852
0.046153846
0.24691358
0.072463768
0
0.125
0.388235294
0.050420168
0.54353562
0.151515152
0.153846154
0.204545455
0.380165289
0.447368421
0.128133705
0.020547945
0.132275132
0.08
0
0.376033058
0.122507123
0.032786885
0.007874016
0.072289157
0.030837004
0.027027027
0.065359477
0
0.116959064
0.184210526
0.705882353
0.203488372
0.690265487
0.131578947
0.067164179
0.547008547
0.15625
0.0625
0.097560976
0.279166667
0.22513089
0.1
0
0.00952381
0.259345794
0.052631579
0.05952381
0.014778325
0.184466019
0.01369863
0.066225166
0.194244604
0.047619048
0.381188119
0.086956522
0.147058824
0
0.003636364
0.045977011
0.013513514
0.105263158
0.209302326
0.761904762
0.375464684
0.12568306
0.058181818
0.392996109
0.328244275
0.045918367
0.054507338
0.00877193
0.055045872
0.031055901
0.017699115
0
0.069767442
0.192771084
0.008695652
0.240506329
0.379746835
0.108196721
0.989130435
0.466666667
0.2997543
0.35619469
0.030852995
0.004807692
0.086705202
0.085858586
0.280487805
0.55799373
0.112676056
0.390041494
0.032608696
0.168478261
0.543933054
0.216931217
0.023255814
0.148989899
0.67032967
0.153439153
0.07
0.284132841
0.641509434
0.094736842
0.060921248
0.056768559
0.009803922
0.284552846
0.01025641
0.314285714
0.170648464
0.082352941
0.055555556
0.490196078
0.032258065
0.245614035
0.179775281
0.168674699
0.052631579
0.139534884
0.022727273
0.446808511
0.054054054
0.440298507
0.074074074
0.166666667
0.049180328
0.132653061
0
0
0.127906977
0.081081081
0.121794872
0.117021277
0.0625
0.361111111
0.059925094
0.057142857
0.242553191
0.125
0.064748201
0.09929078
0.0625
0.143968872
0.184782609
0
0.224489796
0.143333333
0.384937238
0.217391304
0.363636364
0.475409836
0.236940299
0.284946237
0.107913669
0.012195122
0.6
0.269662921
0.008695652
0.087378641
0.351724138
0.114503817
0.266666667
0.023622047
0.226618705
0.856060606
0
0.191709845
0.197530864
0.183908046
0.390510949
0.043859649
0
0.823788546
0.52742616
0.016393443
0.022058824
0.042780749
0.149492017
0.113772455
0.222222222
0.165048544
0.48189415
0.048387097
0.113207547
0.382943144
0.025210084
0.105263158
1
0.088435374
0.02
0.114285714
0
0.333333333
0.05
0.108108108
0.804347826
0.421465969
0.10880829
0.317460317
0.192982456
0.090196078
0.097222222
0.097777778
0.222222222
0.174496644
0.094017094
0.017241379
0.108433735
0.072368421
0.403030303
0.242574257
0.302845528
0.055555556
0
0.08974359
0.01
0
0.244498778
0.166666667
0.200385356
0.076923077
0.296703297
0.318181818
0.156862745
0.11023622
0.347394541
0.194444444
0.151515152
0.265625
0.121495327
0.233333333
0.104761905
0.266666667
0.06779661
0.391304348
0.033670034
0.52
0.06870229
0.025142857
0.136363636
0.085106383
0.062015504
0.219298246
0.18627451
0.12
0.039735099
0.070652174
0.043478261
0.088607595
0.015503876
0.13372093
0.125
0.174418605
0.247222222
0.952380952
0.62962963
0.016129032
0.018867925
0.126582278
0.090566038
0.268456376
0.05785124
0.016574586
0.617977528
0.057761733
0.095890411
0.183823529
0.036378335
0.452736318
0.16194332
0.221574344
0.115702479
0.090909091
0.280373832
0.422619048
0.381924198
0.361111111
0.296482412
0.020833333
0.347826087
0.052631579
0.015873016
0.315789474
0.261044177
0.210526316
0.224199288
0.080645161
0.150943396
0.072289157
0.397993311
0.102325581
0.221843003
0.479338843
0.00591716
0.245022971
0.009049774
0.035714286
0.210526316
0.183098592
0.019230769
0.066666667
0.017045455
0.031055901
0.007142857
0.027777778
0.373015873
0.242857143
0.234939759
0.119205298
0.156050955
0.373390558
0.015503876
0.202614379
0.161616162
0.186206897
0.016574586
0
0.124277457
0.056451613
0.025
0.326923077
0.119496855
0.072992701
0.587301587
0.039215686
0.068965517
0.06122449
0
0.074074074
0.785714286
0.176470588
0.561440678
0.944444444
0.184466019
0.335714286
0.088607595
0.152141802
0.30141844
0.122666667
0.036231884
0.628205128
0.224226804
0.212624585
0.010869565
0.175115207
0.135313531
0.057971014
0.218106996
0.029126214
0.362962963
0.034090909
0.264705882
0
0.038461538
0.05
0.104477612
0.266666667
0.013043478
0.142857143
0.052631579
0.1
0.108695652
0
0.64
0.192429022
0.729257642
0.047619048
0.303393214
0.082758621
0.1
0
0.041860465
0.123015873
0
0.284923928
0.333333333
0
0.047619048
0.2
0.051987768
0.320987654
0.060344828
0.075757576
0.072222222
0.168224299
0.051470588
0.395604396
0.203125
0.52
0.011235955
0.1
0.890410959
0.261627907
0.233333333
0.00729927
0.011070111
0.072072072
0.073394495
0
0.026666667
0
0.352272727
0.072289157
0.063157895
0.130434783
0.225806452
0.075630252
0.04587156
0.715846995
0.063197026
0.102803738
0.198156682
0.045454545
0.52
0.007075472
0.181818182
0.335616438
0.088235294
0.01242236
0.686746988
0.111111111
0.037735849
0.085714286
0.08974359
0.118644068
0
0.062068966
0.109589041
0
0.023809524
0.092307692
0.015748031
0.34
0.074829932
0.020833333
0.201058201
0.043478261
0.487068966
0.14084507
0.36965812
0.28358209
0.144736842
0.255434783
0.046082949
0.103603604
0.015748031
0.091703057
0.558441558
0.283950617
0.127906977
0.359223301
0.145038168
0.169117647
0.536231884
0.226190476
0.158469945
0
0.210355987
0.087951807
0.02189781
0.25
0.069868996
0.130434783
0.132450331
0.271929825
0.238636364
0.052631579
0.090047393
0.211956522
0.313868613
0.618421053
0.144032922
0
0.452830189
0.132723112
0.450777202
0.165048544
0.2
0.008333333
0.20746888
0.083003953
0.032
0.109375
0.040540541
0.383561644
0.012987013
0.228506787
0.0375
0.019230769
0.041666667
0.058823529
0
0.270386266
0.243243243
0.086956522
0.217391304
0.052219321
0.714285714
0.058536585
0.367647059
0.289473684
0.485875706
0.011857708
0.187755102
0.079545455
0.219298246
0.247619048
0.24822695
0.236842105
0.037656904
0.1875
0.058823529
0.008130081
0.04494382
0
0.311111111
0.074829932
0.109004739
0
0.016
0.095238095
0.065789474
0.127777778
0.015873016
0.109161793
0.009966777
0.04109589
0.058823529
0.010964912
0
1
0.035714286
0.137931034
0.051813472
0.620689655
0.230337079
0.17037037
0.020134228
0.52
0.086956522
0
0.007633588
0.209039548
0.041666667
0.103448276
0.008130081
0.19047619
0.111111111
0.418367347
0.122058824
0.4375
0
0.170454545
0.015706806
0.01734104
0.023076923
0.063829787
0.168224299
0.113207547
0.044897959
0.186046512
0.108108108
0.014705882
0.192982456
0.037037037
0.034782609
0.018181818
0
0.257142857
0
0.2
0
0
0.06097561
0.0125
0.075949367
0.19047619
0
0.181818182
0.258992806
0
0.198019802
0
0.353658537
0.061403509
0.141210375
0.058333333
0.007751938
0.039548023
0.225
0.307692308
0.019230769
0.292735043
0.015665796
0.020979021
0.00591716
0.262032086
0.12972973
0.045454545
0.303030303
0.077844311
0
0.10989011
0.135849057
0.069605568
0.027972028
0.5
0.176470588
0.086419753
0.273567468
0.533333333
0.231132075
0
0.043814433
0.484018265
0.04
0.467326733
0.03960396
0.129310345
0.011235955
0.163265306
0.060606061
0.108108108
0.037634409
0.00591716
0.063492063
0.206703911
0.00729927
0
0.022058824
0.032051282
0.32038835
0.045454545
0.026315789
0.110294118
0.030075188
0.266666667
0.168674699
0.0375
0.073529412
0.247191011
0.01744186
0.053619303
0.421052632
0.271149675
0
0.007614213
0.020833333
0.18699187
0.03358209
0.085106383
0.136986301
0.706382979
0.027972028
0.010204082
0.111111111
0.328467153
0.135135135
0.022727273
0.116071429
0.121212121
0.24009901
0.118110236
0.020408163
0.209090909
0.038910506
0.219330855
0.152941176
0.206225681
0.023809524
0.282296651
0.395348837
0.098901099
0.12244898
0.013333333
0.023668639
0.113861386
0.197674419
0.295019157
0.415
0.228813559
0.104972376
0.049261084
0.163461538
0.126984127
0.077235772
0.087719298
0.333333333
0.13253012
0
0.049586777
0.449640288
0.020100503
0.272463768
0.006097561
0.105263158
0.00591716
0.248120301
0
0.076923077
0.034482759
0.113207547
0.285185185
0.288888889
0.670731707
0.041237113
0.2125
0.182410423
0.431924883
0.121212121
0.013888889
0.019230769
0.002839296
0.126984127
0.042168675
0.045454545
0.178861789
0.047619048
0.026490066
0.019261637
0.100840336
0.110647182
0
0.078947368
0.110576923
0.08
0.078431373
0.038461538
0.110294118
0.591304348
0.413333333
0.72754491
0.418079096
0.148148148
0.069306931
0.080050826
0.122807018
0.015873016
0.063694268
0.014563107
0.156739812
0.10989011
0.060546875
0.020408163
0.00990099
0.311195446
0.018808777
0.046875
0.444444444
0.1
0.317548747
0.019323671
0.408695652
0.017167382
0.290697674
0.071729958
0.276470588
0.021226415
0.032258065
0.570588235
0.053763441
0.25
0.615384615
0.108108108
0
0.069306931
0.156682028
0.052631579
0.01025641
0.044025157
0.569164265
0.02
0.128378378
0.149606299
0
0.62962963
0.143939394
0.058823529
0.15625
0.027777778
0.016949153
0.322147651
0.046511628
0.174603175
0.05511811
0.251851852
0.182352941
0.395498392
0.384920635
0.568181818
0
0.277591973
0.044642857
0.281407035
0.247282609
0.25
0.375
0.148148148
0.0078125
0.037777778
0.453703704
0.011494253
0.28125
0.141666667
0.116751269
0.157407407
0.244444444
0.127272727
0.303191489
0.5
0.111111111
0.039772727
0
0.137640449
0.118343195
0.204918033
0.951219512
0.325
0.508445946
0.777777778
0.425287356
0.087719298
0.053097345
0.162679426
0.327272727
0.058823529
0.105263158
0.008849558
0.204022989
0.039735099
0.259109312
0.019607843
0.052631579
0.052631579
0.053333333
0.008333333
0.046357616
0.089928058
0.609756098
0.111864407
0.6
0.144654088
0.444444444
0.036585366
0.063291139
0.078651685
0.020408163
0.047745358
0.098360656
0.282608696
0.112676056
0.076271186
0.045138889
0.143884892
0.187165775
0.012903226
0.415441176
0.52
0.2875
0.040816327
0.138996139
0.176470588
0.026315789
0.067961165
0
0.17254902
0.05
0.07826087
0.126984127
0.054945055
0.067567568
0.1
0.6
0.284671533
0
0.009569378
0.268292683
0.18134715
0.465373961
0.076154806
0.189655172
0.005847953
0.483870968
0.290598291
0.061538462
0
0.541484716
0.643939394
0.064516129
0.402777778
0.196330275
0.111111111
0.006802721
0.179245283
0.131578947
0.006896552
0
0.341463415
0.042857143
0.143678161
0.212389381
0.033557047
0
0.013333333
0
0.23853211
0.109090909
0.084210526
0.188953488
0.046153846
0.260759494
0.13220339
0.141843972
0.036144578
0.12568306
0.119133574
0.274193548
0.54601227
0.119760479
0.065693431
0.044510386
0.299319728
0.304761905
0.03030303
0.452471483
0.36659436
0.184615385
0.436619718
0
0.421875
0.300395257
0.1
0.015873016
0.287313433
0.157458564
0.117647059
0.053691275
0.214285714
0.175066313
1
0.057324841
0
0.24137931
0.203166227
0.0875
0.467455621
0.06
0.413043478
0.165338645
0.156069364
0.092592593
0.044871795
0.34
0.130841121
0.071428571
0.126984127
0.163366337
0.136363636
0.113300493
0.547826087
0.131944444
0.204678363
0.073394495
0.00591716
0.025
0.796460177
0.268421053
0.073333333
0.082949309
0.408450704
0.129032258
0.047619048
0.012820513
0.383116883
0.008064516
0
0.166666667
0
0.166666667
0.195121951
0.113924051
0
0.153846154
0.133333333
0.705882353
0.303030303
0.446153846
0.174807198
0.264957265
0.190064795
0.371428571
0.026490066
0.035573123
0.279503106
0.071895425
0.152777778
0.25
0.04375
0.149171271
0.131944444
0.064102564
0.259615385
0.045643154
0.059701493
0.326530612
0.191489362
0.020547945
0.1
0.071428571
0.083333333
0.067708333
0.13832853
0.011792453
0.087719298
0.009836066
0.15625
0.056603774
0.442060086
0.041666667
0.064935065
0.121212121
0.148717949
0.368421053
0.375796178
0.14084507
0.155
0.423963134
0.133786848
0.279245283
0.052631579
0.188405797
0.026785714
0.024793388
0.171428571
0.06010929
0.036697248
0.113712375
0.276785714
0.367816092
0.568493151
0.270935961
0.129032258
0.157894737
0.165829146
0.115384615
0.236111111
0.111788618
0
0.175438596
0.242937853
0.04964539
0
0.629807692
0.119850187
0.194174757
0
0.086419753
0.461538462
0.351955307
0.130597015
0.293121693
0.231543624
0.974729242
0.062068966
0.0625
0.405405405
0.009090909
0.023255814
1
0.12
0.066666667
0.18902439
0.05
0.083333333
0.247058824
0.071428571
0.026415094
0.0390625
0.039370079
0.048192771
0
0.027777778
0.048245614
0.03030303
0
0.16828479
0.2
0.398148148
0.171974522
0.004524887
0.35078534
0.008547009
0.162601626
0.577060932
0.152542373
0.290441176
0.342105263
0
0.101910828
0.458100559
0.007575758
0.271186441
0.042857143
0.020134228
0.336134454
0.113475177
0.090909091
0.068965517
0.32173913
0.291984733
0.038610039
0.090909091
0.231155779
0.221238938
0.04
0.015384615
0.684615385
0.048387097
0.298245614
0.019047619
0.173076923
0
0
0.153846154
0.072131148
0.061503417
0
0
0.014341591
0.068965517
0.0433213
0.408284024
0
0.131233596
0.035294118
0.150537634
0.127388535
0.175324675
0.026315789
0.040983607
0.032258065
0.169642857
0.344827586
0
0.048442907
0.113207547
0.02962963
0.038461538
0.275735294
0.12195122
0.180952381
0.151162791
0.243589744
0.167286245
0.08
0.060344828
0.097087379
0.010582011
0.428571429
0.067226891
0.198473282
0.3125
0.096153846
0.123287671
0.03030303
0.108108108
0.007042254
0.095238095
0.603896104
0.32173913
0.011111111
0.14893617
0.00591716
0.095652174
0.611940299
0.463414634
0.057761733
0
0.188976378
0.012110727
0.034013605
0.02919708
0.015873016
0.219081272
0
0.136363636
0.029411765
0.216666667
0.147239264
0.39869281
0.153374233
0.099099099
0.35483871
0.108108108
0.206896552
0.05
0.087452471
0.916666667
0.66015625
0.066666667
0.052287582
0.063492063
0.472868217
0.008130081
0.09223301
0.029069767
0.1375
0.020408163
0.03030303
0.275590551
0.034482759
0.28125
0.233269598
0.098591549
0.008130081
0.112676056
0.173831776
0.035087719
0.183111954
0.085294118
0.026200873
0.02
0.008264463
0.560869565
0
0.047619048
0.091954023
0.181467181
0
0.031914894
0.105882353
0.080882353
0.025641026
0.104477612
0.23880597
0.263157895
0.115942029
0.080808081
0.453333333
0.120967742
0.146825397
0
0.00591716
0
0.066666667
0.06
0.236245955
0.419354839
0.036407767
0.203125
0
0.544973545
0
0.049180328
0.52
0
0.244755245
0.172043011
0.142450142
0.160220994
0.209090909
0.088607595
0.013513514
0.272108844
0.225806452
0.516129032
0.036144578
0.027027027
0
0.031847134
0.038961039
0.799107143
0.151394422
0.7
0.032727273
0.275675676
0.09352518
0.252873563
0.074626866
0.332460733
0.173913043
0.10058309
0.040322581
0.214953271
0.00591716
0.091304348
0.366666667
0.120689655
0.079819277
0.563380282
0.321428571
0.086419753
0.189944134
0.097560976
0.005208333
0.736842105
0.010948905
0.046153846
0.331491713
0.350835322
0.052631579
0
0.128440367
0.212
0.108108108
0.060185185
0.316901408
0
0.108108108
0.074380165
0.076923077
0.134948097
0.101449275
0.189964158
0.158536585
0.005681818
0.076923077
0.021653543
0.022556391
0
0
0.084249084
0.166666667
0.012048193
0.0625
0.112149533
0.102189781
0.05982906
0.03164557
0.089285714
0.648648649
0.298461538
0.040229885
0.274590164
0.0125
0.228070175
0.142857143
0.2
0.048245614
0.028795812
0.006329114
0.125
0.122807018
0.433823529
0.357142857
0
0.032258065
0.276497696
0.010928962
0.466666667
0.021052632
0.199356913
0.305439331
0.231292517
0.344444444
0.016129032
0.062575211
0.084507042
0.284883721
0.010869565
0.06043956
0.284037559
0.132075472
0.1625
0.351351351
0.154716981
0.041958042
0.921587609
0
0.111111111
0.050847458
0
0.142180095
0.101694915
0.055319149
0.39258312
0.095238095
0.275862069
0.25
0.232258065
0.131944444
0.042253521
0.942857143
0.07860262
0
0.270718232
0.26199262
0.098039216
0.386792453
0.192307692
0.007518797
0.032608696
0.11627907
0.039215686
0.004830918
0.007936508
0.011494253
0.04040404
0.085365854
0.32967033
0.014925373
0.01369863
0.014285714
0
0.18226601
0.245033113
0.059210526
0.055921053
0.03649635
0.126126126
0.016042781
0.201388889
0.315217391
0
0.357723577
0.084615385
0.188679245
0.26056338
0.090909091
0.008130081
0.191489362
0.045454545
0.037383178
0.238410596
0.142857143
0.034090909
0.1875
0
0.864285714
0.155339806
0.256880734
0.241758242
0.15625
0.13976378
0
0.031055901
0.286549708
0.233333333
0.190981432
0.064102564
0.023255814
0.056701031
0
0.09202454
0.239583333
0.07079646
0.2
0.027777778
0.14084507
0.202380952
0.021978022
0.05
0.448275862
0.192307692
0.13125
0.674846626
0.466269841
0.188940092
0.164285714
0.059171598
0.249122807
0.811320755
0.081395349
0.289962825
0.056179775
0
0.105555556
0.179941003
0.10652921
0.00862069
0.049019608
0.207792208
0.081632653
0.04109589
0.52
0.238888889
0.076923077
0.011415525
0.064516129
0.157024793
0.02
0.030769231
0.076923077
0
0.094594595
0.277628032
0.033472803
0.274939173
0.40969163
0.073863636
0.065789474
0.016129032
0.098712446
0.033707865
0.015748031
0.088235294
0.003076923
0.242320819
0.016129032
0.161016949
0.108108108
0.113636364
0.011627907
0.392156863
0.224390244
0.023076923
0.065217391
0.033898305
0.320754717
0.107142857
0.042553191
0.336206897
0
0
0.706467662
0.107954545
0.392857143
0.091743119
0.195729537
0.142857143
0.240740741
0.11
0.102040816
0.266666667
0.52
0.294520548
0.032608696
0
1
0.100719424
0
0.114666667
0.007936508
0.421686747
0.108108108
0.027210884
0.367346939
0.53593179
0.772727273
0.186170213
0.377777778
0.1
0.029069767
0.130177515
0.2734375
0.227272727
0.113475177
0.081967213
1
0.111111111
0
0.253521127
0.108433735
0.02238806
0.008130081
0.054545455
0.181528662
0.068862275
0.282608696
0.263157895
0.694677871
0.072555205
0.04950495
0.021126761
0.072033898
0.252252252
0.045454545
0.145251397
0.168141593
0.00877193
0.034883721
0.125
0.596153846
0.104895105
0.113636364
0.025641026
0.215530903
0.247933884
0.287313433
0.052631579
0.090225564
0.349206349
0.050980392
0.163398693
0.008064516
0.184615385
0.551282051
0.093023256
0.15625
0.225
0.03030303
0.058139535
0.888513514
0.203821656
0.248062016
0
0.022857143
0.01459854
0
0.027777778
0.215686275
0.014084507
0.314814815
0.60130719
0.0625
0.108108108
0
0.0243309
0.27826087
0.222222222
0.122615804
0.453846154
0.095541401
0.226086957
0.301470588
0.093406593
0.432234432
0.511111111
0.117647059
0.013793103
0.102040816
0.035714286
0.163043478
0.01369863
0.008264463
0.108108108
0.267045455
0
0.495207668
0.079136691
0.133333333
0.379227053
0.747747748
0.173752311
0.073839662
0.172413793
0.743589744
0.173431734
0
0.291666667
0.030927835
0.08839779
0.175
0.229166667
0.229166667
0.631578947
0.072580645
0.225543478
0.061032864
0.317689531
0.007751938
0
0.104477612
0.213114754
0
0.085470085
0.548387097
0.043956044
0.012195122
0.05
0.454545455
0.041666667
0.383838384
0
0.083333333
0.01459854
0
0.290909091
0.074074074
0.088607595
0.243902439
0.325
0.012658228
0.25
0.213759214
0.271367521
0.277777778
0.008
0.032258065
0.304469274
0.056818182
0.181318681
0.076923077
0.336538462
0.111111111
0.028776978
0.026086957
0.25
0.132911392
0.289962825
0.211956522
0.454901961
0.301552106
0.098360656
0.071428571
0
0.106666667
0.342052314
0.093167702
0.131147541
0.012578616
0
0.026666667
0.691489362
0.028037383
0.194610778
0.193548387
0.130890052
0.209677419
0.129943503
0.390243902
0.135135135
0
0.030769231
0.076923077
0.27388535
0.08974359
0.087837838
0.161870504
0
0.294573643
0.135831382
0.228813559
0.304435484
0.301948052
0.091666667
0.470355731
0.640449438
0.108108108
0.238857143
0.052631579
0.205882353
0.082338902
0.032258065
0.125
0
0.232142857
0.111650485
0.02
0.4
0.012345679
0.114285714
0.680851064
0.128272251
0.451327434
0.111940299
0.008
0.107142857
0.012048193
0.289855072
0.1
0.052631579
0.005988024
0.085526316
0.070588235
0.071428571
0.004545455
0.107692308
0.245614035
0.137931034
0.120689655
0.175572519
0.175257732
0.52
0.189393939
0.095238095
0.376623377
0.010695187
0.105263158
0.083969466
0.179289026
0.18556701
0.382352941
0.071698113
0.52
0.108108108
0.281553398
0.045454545
0.68907563
0.476439791
0
0
0.32996633
0.450381679
0.386666667
0.296703297
0.167286245
0.197231834
0.466666667
0.206349206
0.072727273
0.008264463
0.37
0.308333333
0.358452138
0.226086957
0.117021277
0.193548387
0.069306931
0.111111111
0.52
0.260545906
0.023255814
0.302681992
0
0.335195531
0.032786885
0.048192771
0.362582781
0.945337621
0.285714286
0
0
0.196969697
0.899193548
0.012121212
0.079545455
0.00591716
0.194444444
0.239316239
0.158415842
0.118181818
0.162162162
0.238461538
0.025806452
0.194552529
0.241887906
0.165441176
0.069767442
0.013953488
0.097777778
0
0.050884956
0.055319149
0.054054054
0.198979592
0.314136126
0.240506329
0.285
0.041322314
0.406091371
0.102040816
0.128
0.735294118
0.549425287
0.057613169
0.102040816
0.019480519
0.16539924
0.146341463
0.12244898
0.323754789
0.405172414
0.092307692
0.07918552
0.058394161
0.2
0.054794521
0.013186813
0.105263158
0.135542169
0.463878327
0.117647059
0.451282051
0.166666667
0.106382979
0.305882353
0.019480519
0.104166667
0.033898305
0.693069307
0.571428571
0.144067797
0.020547945
0.205882353
0.174242424
0.479338843
0.06993007
0.008333333
0.084507042
0.001445087
0.123028391
0.03
0.157051282
0.155688623
0.101694915
0.558333333
0
0.461538462
0.197674419
0.362869198
0.123076923
0.092783505
0.086956522
0.04
0.054054054
0.07486631
0.12987013
0.166666667
0.5
0.290909091
0.060150376
0.222222222
0.066666667
0.412587413
0.055555556
0.047619048
0.08125
0.037735849
0.153846154
0.046875
0.352517986
0.055555556
0.083333333
0.072727273
0
0.083333333
0.487179487
0.272727273
0.128787879
0.235955056
0.08
0.097345133
0.123636364
0
0.117647059
0.605263158
0.02
0.416988417
0.353846154
0.019607843
0.031847134
0.299802761
0.070175439
0.295454545
0.086419753
0.409090909
0.173553719
0.554216867
0.029411765
0.063380282
0.085585586
0.038910506
0.28358209
0.009259259
0.029411765
0.017094017
0
0.510948905
0.212765957
0.20979021
0.042105263
0.079365079
0.122065728
0.057142857
0.073529412
0.139931741
0.52
0.177777778
0.268191268
0.18487395
0.375912409
0.285714286
0.032448378
0.151260504
0.34741784
0
0.399038462
0.039215686
0
0.007462687
0.232984293
0.290909091
0.052083333
0.419753086
0.159090909
0
0.08988764
0
0.35971223
0.62195122
0.02173913
0.208530806
0.203592814
0.166666667
0.432
0.024193548
0.053639847
0
0.181818182
0.438040346
0.223529412
0
0.158878505
0.716981132
0.333333333
0.132616487
0.451923077
0.106936416
0
0.157575758
0.024390244
0.030612245
0.030927835
0.059171598
0.023809524
0.47979798
0.071672355
0.040540541
0.0546875
0.193548387
0.06993007
0.030769231
0.20233463
0.034749035
0.087719298
0.094736842
0.388601036
0.018987342
0.345528455
0.12605042
0.188715953
0.028037383
0.055944056
0
0.992795677
0.110169492
0.11627907
0.142857143
0.034883721
0.28185907
0.07444668
0.573643411
0.041666667
0.290697674
0.46692607
0
0
0.185840708
0.230263158
0.029411765
0.049261084
0.040983607
0.139240506
0.618852459
0.02247191
0.03030303
0.255208333
0.049382716
0.009433962
0.222741433
0.173076923
0.104938272
0.048780488
0.043956044
0
0.005899705
0.030674847
0.204225352
0.185185185
0.168831169
0.137931034
0.170731707
0.03960396
0
0.039215686
0.160621762
0.114285714
0.192307692
0.015706806
0.065934066
0.044025157
0.062015504
0.054054054
0.004878049
0.020979021
0
0.287878788
0.2
0
0
0.448979592
0.011299435
0.388888889
0.345744681
0.175572519
0.558441558
0.081300813
0.190163934
0.464052288
0.253333333
0.155172414
0.054545455
0.230769231
0.238938053
0.490909091
0.162790698
0.074468085
0.022222222
0.567489115
0
0.042016807
0
0.00591716
0.126666667
0.429411765
0.178571429
0
0
0.049180328
0.086757991
0.057692308
0.071428571
0.090909091
0.015151515
0.467326733
0.125
0.046666667
0.035714286
0.235142119
0.051282051
0.121621622
0.03164557
0.179347826
0.086486486
0.065637066
0.242424242
0.071428571
0.142201835
0.303370787
0.269366197
0.481481481
0.407407407
0.062068966
0.033112583
0.094117647
0
0.114754098
0.194029851
0.159763314
0.020408163
0.486238532
0.085185185
0.070967742
0.060606061
0
0.174927114
0
0.008264463
0.139344262
0.317757009
0.106918239
0.066666667
0
0
0.048484848
0.31547619
0.202531646
0.397435897
0.274924471
0.316964286
0.285714286
0.042553191
0.017391304
0.911290323
0.008333333
0.026315789
0
0.008403361
0.202898551
0.086448598
0.169565217
0.206650831
0.176470588
0.024590164
0.035897436
0.473537604
0.056603774
0.048780488
0.391076115
0.330275229
0.034934498
0
0.07079646
0.180851064
0.032679739
0.291666667
0.18
0.486618005
0.111913357
0.030701754
0.102272727
0.201834862
0
0.100917431
0
0.248815166
0.068376068
0.383561644
0.151515152
0.368421053
0.121428571
0.090322581
0.028037383
0.005586592
0.020833333
0.1
0.034682081
0.213114754
0.317708333
0.00862069
0.125
0.066666667
0.492307692
0.313432836
0.184300341
0
0.070175439
0.275362319
0.152380952
0.086956522
0.112244898
0.122147651
0.023333333
0.333333333
0.818639798
0.080357143
0.117647059
0.053571429
0.160583942
0.214574899
0.146496815
0.187134503
0.178403756
0.210796915
0.46961326
0
0.132075472
0.099009901
0.020408163
0.312149533
0.014705882
0.06779661
0.038461538
0.061068702
0.179640719
0.140449438
0.415929204
0.252808989
0.033333333
0
0.026086957
0
0.141891892
0.09375
0.008130081
0.162679426
0.058823529
0.223557692
0
0.781725888
0.243654822
0.046296296
0.16
0.026143791
0.176470588
0.224358974
0.15
0.084337349
0.770114943
0
0.101265823
0.108108108
0
0.165929204
0.019230769
0.159574468
0.220779221
0.01980198
0.158730159
0.181102362
0.068181818
0.108108108
0.079136691
0.160714286
0.043478261
0.305778153
0.016129032
0.179190751
0.393333333
0.055900621
0.037267081
0.380216383
0.037735849
0.067567568
0.057432432
0.196969697
0.033557047
0.401639344
0.012244898
0.038167939
0.025806452
0.043478261
0.016806723
0.100917431
0.333333333
0.02739726
0.008130081
0.931712963
0.022900763
0.147651007
0.061728395
0
0.180685358
0.241071429
0.271226415
0.050228311
0.036231884
0.05952381
0.166666667
0.354166667
0.082706767
0.027027027
0.70411985
0.52173913
0.980314961
0.01754386
0.062857143
0.125748503
0.171428571
0.794478528
0.078843627
0
0.24260355
0.007142857
0.135254989
0.063694268
0.126903553
0.119266055
0.122762148
0.52
0.360915493
0.008130081
0.1875
0.059701493
0.089820359
0.163538874
0.965255157
0.024193548
0.593406593
0.382258065
0.142857143
0.157185629
0.190163934
0.220095694
0.08
0.062937063
0.108108108
0.194805195
0.0375
0.147928994
0.041666667
0.043478261
0.094420601
0.228346457
0.036697248
0.078014184
0.032258065
0.152941176
0.692307692
0.131360947
0.115
0.158730159
0.88372093
0.684270953
0.043650794
0.031746032
0.373333333
0.111111111
0.023529412
0.045454545
0.228070175
0.379084967
0.170542636
0.326203209
0.144654088
0.366972477
0.093137255
0.965517241
0.014492754
0.369791667
0.166666667
0.333333333
0.052631579
0.216814159
0.107526882
0.025
0.0625
0.737931034
0.170212766
0.173120729
0.279792746
0.02189781
0.347258486
0.076923077
0.025974026
0.063380282
0.315789474
0.076923077
0.394302849
0.047619048
0.206896552
0.085245902
0.098039216
0.523809524
0.772727273
0.20952381
0.095238095
0.012820513
0.041450777
0.200527704
0.025641026
0.055248619
0.355263158
0.027027027
0.135135135
0
0.020408163
0.189655172
0.111111111
0.029585799
0.451327434
0.044247788
0.35
0.064516129
0
0.077922078
0.0125
0
0.931677019
0.283464567
0.410569106
0.226315789
0.400749064
0.210526316
0.076433121
0.037037037
0.059171598
0.11878453
0.058479532
9.00E-04
0.06741573
0.104166667
0.348214286
0
0.140350877
0.224358974
0.103004292
0.004464286
0
0.003722084
0.611111111
0.157407407
0.098113208
0.141242938
0.106382979
0.109090909
0.028571429
0.683168317
0.033846154
0
0.15862069
0.044444444
0.144876325
0.039735099
0.2
0.038709677
0.03125
0.1125
0.248101266
0.1875
0.767123288
0.069767442
0.028089888
0.192307692
0.735576923
0.13559322
0.345238095
0.9
0.767123288
0.578313253
0.19047619
0.115384615
0.129533679
0.846153846
0.166666667
0.129213483
0.051813472
0.218468468
0
0.006711409
0.122159091
0.015151515
0.043956044
0.262820513
0.613207547
0.289473684
0.141025641
0.201877934
0
0.125
0.238390093
0.164383562
0.018181818
0.033333333
0
0.547770701
0.074418605
0.218961625
0.139622642
0.162705667
0.317757009
0.052631579
0.112149533
0.008
0
0.045454545
0.029850746
0.480662983
0.211401425
0.336170213
0.00862069
0.193430657
0.013824885
0.047619048
0.069124424
0.162679426
0.336956522
0.064102564
0.460093897
0
0.342342342
0.131868132
0.037735849
0.473684211
0.236842105
0.256756757
0.266903915
0.277173913
0.856060606
0.627906977
0.151515152
0.115384615
0.118773946
0.031141869
0.138157895
0.025210084
0.06097561
0
0
0.33201581
0.132231405
0.029411765
0.563380282
0.1125
0.112676056
0.229411765
0.013793103
0.52173913
0.366972477
0.12745098
0.072072072
0.360655738
0.265625
0.287037037
0.416666667
0.069069069
0.043478261
0.25477707
0.021052632
0.053097345
0.25
0.006896552
0.086466165
0.037735849
0.012903226
0.004651163
0.442528736
0.125
0.17877095
0
0.234200743
0.100529101
0.046979866
0.152173913
0.005780347
0.146245059
0.272727273
0.04587156
0.05988024
0.240740741
0.08974359
0.053333333
0.093596059
0
0.020547945
0.378746594
0.543859649
0.009433962
0.012987013
0.204545455
0.185628743
0.266272189
0.024193548
0.051282051
0.050847458
0.352173913
0
0.116504854
0.076923077
0.047619048
0.217948718
0.054499366
0.020408163
0.237541528
0.361801242
0.239726027
0.048484848
0.072
0.034090909
0
0
0
0.207792208
0.262745098
0.036697248
0.0625
0.357894737
0.038834951
0.149425287
0.02970297
0.031847134
0.011494253
0.037037037
0.047619048
0.553359684
0.070175439
0.005376344
0.079545455
0.053571429
0.267857143
0.173469388
0.102803738
0.36036036
0.252647504
0.139097744
0.017857143
0.041666667
0.439189189
0.019774011
0
0.651685393
0
0.055555556
0.051282051
0.202312139
0.278388278
0.064748201
0.222627737
0.204301075
0.007142857
0.241735537
0.281938326
0.157635468
0.068965517
0.113207547
0.509803922
0.067567568
0.584337349
0.0125
0.470588235
0.105263158
0.054794521
0.181818182
0.076923077
0.52293578
0.051546392
0.206896552
0.178571429
0.027777778
0.200501253
0.058823529
0.153846154
0.016260163
0.078431373
0.482269504
0.066666667
0.111111111
0.118589744
0.52
0.218934911
0.053191489
0.196078431
0.209829868
0.273972603
0.081761006
0.281624501
0.305164319
0.108108108
0.052631579
0.363636364
0.083916084
0.03125
0
0.261538462
0.007518797
0.032258065
0
0
0.122580645
0.039473684
0.052631579
0.046666667
0.161111111
0.008849558
0.480337079
0.017241379
0
0
0.153846154
0.243697479
0.015473888
0.172043011
0.051282051
0.079903148
0.010869565
0.298566879
0.040650407
0.387096774
0.092198582
0.254593176
0.27027027
0.176908752
0.158163265
0.399176955
0.070707071
0.135338346
0.015873016
0
0.041666667
0.133640553
0.237113402
0
0.112244898
0.220338983
0
0.108527132
0.055555556
0.104166667
0.027972028
0.562091503
0.268041237
0.044776119
0.108108108
0.218309859
0.152380952
0.278688525
0.292134831
0.331360947
0.034161491
0.087719298
0.378854626
0.095238095
0.054054054
0.01910828
0.154166667
0.082848837
0.071428571
0.7
0.392265193
0.064220183
0.04954955
0.049792531
0.066666667
0.382716049
0
0.004920049
0.045454545
0.147058824
0.176923077
0.647058824
0.022988506
0.022346369
0.034482759
0.057553957
0
0.193548387
0.5
0.079545455
0.346153846
0.214285714
0.008264463
0.125
0.292929293
0.203821656
0.076923077
0.15
0.00990099
0.058333333
0.159609121
0.08677686
0.073170732
0.045454545
0.263691684
0.038314176
0.064935065
0.090909091
0.304263566
0.145833333
0.008264463
0.22972973
0.014084507
0.080213904
0
0.062068966
0.180645161
0.198979592
0.004950495
0.415061296
0.110552764
0.120141343
0
0.12962963
0.376811594
0.025
0.176829268
0.293233083
0.118518519
0.151639344
0.35106383
0.681818182
0.072463768
0.0625
0.472222222
1
0.335051546
0.076555024
0.65625
0.22606383
0.158671587
0
0.18699187
0.014851485
0.022321429
0.038961039
0.242105263
0.40201005
0.337837838
0.03960396
0.159183673
0.306818182
0.157480315
0.01953125
0.002824859
0.248175182
0.115384615
0.2025
0.054187192
0.197994987
0.077380952
0.123076923
0.146551724
0.263157895
0.026666667
0.28125
0.126984127
0.515306122
0.076923077
0.081632653
0.071428571
0.607843137
0.007194245
0.192546584
0.088607595
0
0.260869565
0.390625
0.49002849
0.355329949
0.132978723
0.61
0.60130719
0.185929648
0.016666667
0.025423729
0.245049505
0.142201835
0
0.087542088
0.265372168
0.3
0.049382716
0.038095238
0.02173913
0.979674797
0.026143791
0.022900763
0.029411765
0.285714286
0
0.046511628
0.05
0.365317919
0.140684411
0.027777778
0.230769231
0.063380282
0.159090909
0.020408163
0.341463415
0.123076923
0.313043478
0.411764706
0.115384615
0.114285714
0
0.267759563
0.032051282
0.093023256
0.715976331
0.207977208
0.2
0.008064516
0.0234375
0.063380282
0.251101322
0.095238095
0.695652174
0.371428571
0.838983051
0.010989011
0.01242236
0.098901099
0.655462185
0.379310345
0.101010101
0.111111111
0.666666667
0.190311419
0.259668508
0.016
0.058823529
0.097345133
0.301075269
0.752604167
0.071428571
0.008547009
0.206896552
0
0.318604651
0.102941176
0.186666667
0.005076142
0.033557047
0.078431373
0.109589041
0.056497175
0.344444444
0.289473684
0.117647059
0.066666667
0.12254902
0.282608696
0.00591716
0.042424242
0.053571429
0.048034934
0.053097345
0.219512195
0.028985507
0.004192872
0.013157895
0.732712766
0.670588235
0.652173913
0.15037594
0.609756098
0.264900662
0.008064516
0.140243902
0.066225166
0.105882353
0.115183246
0.147540984
0.161290323
0
0.21875
0.091428571
0.008264463
0.147260274
0.107142857
0.128205128
0.1375
0.651685393
0.135785007
0.407713499
0
0.620833333
0
0.075471698
0.205405405
0
0.082926829
0.008695652
0.41994382
0
0.547368421
0.006711409
0.16
0.021052632
0.088607595
0.25984252
0.108108108
0
0.083682008
0.025
0.051282051
0.132947977
0
0.146435453
0
0.063380282
0.819047619
0.229508197
0
0.084507042
0.037037037
0.081967213
0.52
0.5
0.019178082
0.2
0.11875
0.014925373
0.641921397
0.192245557
0.151603499
0.2578125
0.046783626
0.168269231
0.270833333
0.428571429
0.170087977
0.139037433
0.030612245
0.194285714
0.316981132
0.154228856
0.3125
0.047619048
0.141025641
0.048648649
0.26645768
0.196531792
0.048951049
0.266666667
0.179389313
0
0.350877193
0.186440678
0.045751634
0.087301587
0.473684211
0.203703704
0.073770492
0.428571429
0.121019108
0.1
0
0.315789474
0.873417722
0.159763314
0.181818182
0.01
0.205128205
0.122666667
0.066666667
0.069148936
0.255639098
0.25170068
0.152284264
0.153005464
0.454545455
0.042780749
0.00591716
0.071428571
0.579787234
0.02173913
0.312
0.020618557
0.1
0.222222222
0.75
0.076923077
0.14015748
0.143884892
0.09
0
0.559782609
0.146067416
0
0
0.117647059
0.150442478
0.210169492
0.119318182
0.05775076
0.393258427
0.015267176
0.123893805
0.072463768
0.008333333
0
0.122222222
0.146153846
0.065989848
0.146596859
0.616438356
0.070588235
0.037735849
0.033783784
0.284132841
0.059055118
0.172131148
0.211072664
0.383399209
0.195
0.476584022
0.03030303
0.156028369
0
0.222222222
0.026315789
0.075581395
0.493243243
0.110294118
0.4
0.008064516
0.048780488
0.368421053
0.164
0
0.285714286
0.032786885
0.00952381
0.512987013
0.217158177
0.265765766
0.120967742
0.170418006
0.129032258
0.076655052
0
0.12195122
0.098591549
0.027777778
0.299625468
0.07748184
0.402985075
0.5
0.121495327
0.014851485
0.837398374
0.202439024
0.065868263
0.097560976
0.616438356
0.113043478
0.009090909
0.017391304
0.016736402
0.098765432
0.274611399
0.302325581
0.047619048
0.231527094
0.093877551
0.008
0.037313433
0.311320755
0.172
0.613207547
0.032786885
0.015151515
0.369281046
0.004366812
0.102189781
0.142857143
0.016042781
0.025477707
0.266094421
0.25
0.428571429
0.067226891
0.302325581
0.008333333
0.005988024
0.071038251
0.089285714
0.139275766
0.129032258
0.178694158
0.025477707
0.333333333
0.5
0.220043573
0.106329114
0.358024691
0.403225806
0.008561644
0.105263158
0.243478261
0.054794521
0.153846154
0.327868852
0
0.045801527
0.007874016
0.070967742
0.054054054
0.262135922
0.161870504
0.090909091
0.020408163
0.04519774
0.112582781
0.236907731
0.062801932
0.416666667
0.052631579
0.045751634
0.098666667
0.016129032
0.028571429
0.132075472
0.261744966
0.309027778
0.061403509
0.196911197
0.208494208
0.168539326
0.057416268
0.383561644
0.055555556
0.133858268
0.007194245
0.218045113
0.241071429
0.084745763
0.200803213
0.03030303
0.0625
0.088235294
0.026666667
0.475247525
0.414634146
0
0.151515152
0.045454545
0.064935065
0
0.146853147
0.064516129
0.014799154
0.20610687
0.064885496
0.431372549
0.215189873
0.211604096
0.178010471
0.040935673
0
0.362068966
0.31627907
0.0041841
0.142857143
0.003322259
0.321969697
0.071428571
0.664835165
0.005649718
0.127272727
0.034482759
0.055865922
0.138888889
0.008196721
0
0.025641026
0.321428571
0.008849558
0.044117647
0.388429752
0
0.08490566
1
0.222222222
0.03125
0.258064516
0.007692308
0.71541502
0
0
0.255765199
0.03125
0.225721785
0.238636364
0.221311475
0.115023474
0.584677419
0.0875
0.131736527
0.209039548
0.177419355
0.123076923
0.05952381
0.052631579
0.099415205
0.143678161
0.31884058
0.228813559
0.502673797
0.151133501
0.043243243
0.116161616
0.15954416
0
0.12755102
0.024509804
0.060344828
0.044520548
0
0.005681818
0.03968254
0.252336449
0.17791411
0.054347826
0.054054054
0.228070175
0.042735043
0.063380282
0.166666667
0.293381038
0.406542056
0.105882353
0.171428571
0.038610039
0.088607595
0.833898305
0.033707865
0.2
0.28125
0.086956522
0.157894737
0.075675676
0
0.019230769
0.006097561
0.102803738
0.121359223
0.16091954
0.186813187
1
0.320987654
0.112582781
0.2265625
0.035460993
0.243523316
0.046357616
0.024691358
0.080291971
0.181818182
0.055555556
0.034482759
0.284848485
0.29338843
0.260714286
0.307860262
0
0.06
0.333333333
0.030769231
0.164179104
0.216911765
0.289782245
0
0
0.02484472
0.052631579
0.086956522
0.030927835
0.125
0.08
0.345991561
0.18359375
0
0.2
0.043010753
0.102040816
0.233595801
0.53164557
0.11627907
0.106508876
0.166666667
0.123893805
0.211656442
0.214953271
0
0.330434783
0.284294235
0.247203579
0.118251928
0.03652968
0.175572519
0.2
0
0.217391304
0
0.033057851
0.057142857
0.282442748
0.01010101
0.031746032
0.144578313
0.042253521
0.046728972
0.230769231
0.021621622
0.325757576
0.04587156
0.425531915
0.197183099
0.169642857
0.037383178
0.208633094
0.086021505
0.027522936
0.329639889
0.040816327
0.009884679
0.049180328
0.21875
0.058823529
0.2
0.342560554
0.054545455
0.077669903
0.157894737
0.007407407
0.586666667
0.06984127
0.304347826
0.291666667
0.0078125
0.819029851
0.085714286
0.198675497
0.048387097
0.12972973
0.014051522
0.333333333
0
0.472527473
0.175373134
0.082872928
0.25
0.076555024
0.063492063
0.008130081
0.063829787
0.113402062
0.132420091
0
0.47752809
0.550724638
0
0.042105263
0
0.301587302
0.842519685
0.242424242
0.471910112
0.32038835
0.215189873
0.052631579
0.213333333
0.112195122
0.114583333
0.780487805
0.1625
0.012195122
0.064285714
0.25257732
0.461904762
0.04
0.075471698
0.153846154
0.381355932
0.042857143
0
0.379310345
0.155115512
0.009389671
0.234782609
0.515060241
0.086206897
0.12
0.448186528
0.054347826
0.819444444
0
0.058823529
0.363387978
0.131578947
0.396694215
0.563106796
0.058823529
0.097826087
0.125
0.27027027
0.035971223
0.029411765
0.234042553
0.343859649
0.109589041
0.252525253
0.111111111
0.498287671
0.033333333
0.157024793
0.008333333
0.182795699
0
0.261904762
0
0.043478261
0.581395349
0.153846154
0.33632287
0.040983607
0.038961039
0.351785714
0.033898305
0.299145299
0.246428571
0.013157895
0.060773481
0.040322581
0.426966292
0.044117647
0.118421053
0.475
0.09047619
0.099378882
0.392156863
0.576923077
0.022727273
0.251515152
0.012578616
0.035714286
0.008130081
0.008064516
0.101010101
0.555555556
0.039597929
0.058064516
0.019480519
0.222222222
0.129496403
0.15
0.078431373
0.238095238
0.111111111
0.026086957
0.526315789
0
0.24691358
0.124423963
0.14556962
0.144370861
0.007692308
0.098901099
0.188405797
0.941176471
0.031847134
0.203947368
0.049382716
0.278026906
0.189944134
0.020408163
0.03030303
0.12
0.294339623
0.065217391
0.229166667
0.094986807
0.186868687
0.333333333
0.024096386
0.137254902
0.428571429
0.037313433
0.390804598
0.351648352
0.008130081
0.063591022
0.076923077
0.056179775
0.036458333
0.195652174
0.094972067
0.564102564
0.043243243
0.069767442
0.115384615
0.14379085
0.212698413
0.31
0.016786571
0.053191489
0.067669173
0.029411765
0.158181818
0.041916168
0.026666667
0.175438596
0.096153846
0.351351351
0.03654485
0.380952381
0
0.093023256
0.02016129
0.038235294
0.094444444
0.021276596
0.121495327
0.037037037
0.043307087
0.071428571
0.117647059
0.072
0.020618557
0.348623853
0.065022422
0.063636364
0.525878004
0.619047619
0.08411215
0.229765013
0.040909091
0.009433962
0.055555556
0.204878049
0.290566038
0
0.225352113
0.0614489
0.045454545
0.27739726
0.048387097
0
0.838607595
0.033333333
0.129310345
0.307086614
0.093264249
0
0.007936508
0.062146893
0.323943662
0.183673469
0.398071625
0.266666667
0.056338028
0.093023256
0.223300971
0.22147651
0.80495356
0.024774775
0
0.08411215
0.056
0.236111111
0.108108108
0.121794872
0.211764706
0.236363636
0.15037594
0.008695652
0.191066998
0.009569378
0.291666667
0.006711409
0.068965517
0.148514851
0
0
0.230088496
0.058823529
0.402877698
0.054054054
0.021929825
0.018181818
0
0.026548673
0.022988506
0.089005236
0.111801242
0.019607843
0.027522936
0.020979021
0.496969697
0.301507538
0.529411765
0.026315789
0.058441558
0.015075377
0.551020408
0.074074074
0.082568807
0
0.072072072
0.105263158
0.472375691
0.229508197
0.220657277
0.042682927
0.022222222
0.136094675
0.395924309
0.273684211
0.149492017
0
0.071942446
0.666666667
0.027027027
0.032786885
0.020408163
0.011608624
0.276315789
0.352313167
0.123543124
0
0.024096386
0.025806452
0.153846154
0.037735849
0.034246575
0.313229572
0.114503817
0.171018277
0.011494253
0
0.05
0.201492537
0.074074074
0.21978022
0.048387097
0.015936255
0.115384615
0.38028169
0.0875
0.963302752
0.192612137
0.071428571
0.095454545
0.290322581
0.005714286
0.004807692
0.283950617
0.36
0.03030303
0.072992701
0.16
0.244444444
0.416666667
0.088888889
0.177570093
0.273084479
0.04516129
0.335877863
0.11965812
0.104712042
0.353623188
0.008333333
0.378787879
0.089820359
0.455882353
0.01980198
0.044776119
0
0.092198582
0.013157895
0.215053763
0.113445378
0.770491803
0.008333333
0.078125
0.117370892
0.41025641
0.025806452
0.063926941
0.076923077
0.164705882
0.172932331
0.666666667
0.042253521
0.279279279
0.321428571
0.08
0.235294118
0.07
0.131147541
0.097826087
0.197402597
0.069230769
0.043478261
0.231292517
0.091666667
0.594444444
0.727722772
0.05
0.103448276
0.105769231
0.048611111
0
0.032967033
0.068181818
0.16893733
0.183962264
0.065420561
0.043478261
0.074074074
0.102325581
0
0.057692308
0.157894737
0.009433962
0.075
0
0.06993007
0.092783505
0.43956044
0.232283465
0.035294118
0.277108434
0.731433506
0.404040404
0.077419355
0.096774194
0.031620553
0.108108108
0.202898551
0.068181818
0.48199446
0.071428571
0.058823529
0.01980198
0.058333333
0.023121387
0.206349206
0.045081967
0.049295775
0.188679245
0.558441558
0.487475915
0.479166667
0.058333333
0.469387755
0.012403101
0.45754717
0.181818182
0.068965517
0.019230769
0.021978022
0.103448276
0.070866142
0.127937337
0.096385542
0
0.014084507
0.049450549
0.052631579
0.1
0.077160494
0.250681199
0.067567568
0.4
0.045918367
0.008350731
0.349056604
0.010638298
0.013157895
0.194444444
0.150300601
0.180555556
0.044444444
0
0.056074766
0.03125
0.188811189
0.104026846
0.113043478
0.158273381
0.455813953
0.205128205
0.04040404
0.02
0.434210526
0.026315789
0.00591716
