spelling_errors_ratio
0.079129575
0.125448029
0.057613169
0.100858369
0.082568807
0.087356322
0.064327485
0.148550725
0.125
0.094412331
0.073684211
0.115384615
0.180327869
0.083333333
0.080204778
0.059602649
0.107142857
0.139737991
0.09057971
0.065217391
0.043859649
0.078947368
0.084175084
0.157953592
0
0.055
0.128440367
0.097297297
0.159574468
0.033112583
0.198412698
0.086065574
0.095115681
0.085106383
0.039772727
0.089249493
0.083538084
0.092307692
0
0.087616822
0.089824561
0.124726477
0.06122449
0.06185567
0.025
0.081081081
0.094339623
0.131578947
0.111320755
0.13671875
0.11261731
0.111111111
0.021276596
0.056737589
0.080536913
0.235294118
0.082148499
0.082914573
0.076923077
0.065217391
0.072368421
0.151260504
0.131979695
0.07778865
0.078431373
0.107913669
0.007092199
0.08
0.099502488
0.048543689
0.106180666
0.093097913
0.068376068
0.153846154
0.106164384
0.109004739
0.115618661
0.082758621
0.090909091
0.102564103
0.117647059
0.067864271
0.088235294
0.043636364
0.03030303
0.094594595
0.083333333
0.081585082
0.099071207
0.082397004
0.090909091
0.21182266
0.096296296
0.102941176
0.074303406
0.033333333
0.089005236
0.25
0.12
0.065326633
0.104761905
0.068181818
0.3
0.020486556
0.109243697
0.102739726
0.139784946
0.082191781
0.131578947
0.086538462
0.075289575
0.08507135
0.078585462
0.100116414
0
0.078341014
0.110994764
0.147540984
0.131386861
0.124534547
0.12596401
0.152777778
0.111959288
0.104986877
0.14556962
0.110743802
0.045454545
0.051413882
0.056818182
0.068621335
0.08291874
0.084615385
0.125
0.055961071
0.08608161
0.059967585
0.11329588
0.078947368
0.007462687
0.074074074
0.069258809
0.101640839
0.081712062
0.071428571
0.061728395
0.037735849
0.136666667
0.034582133
0.075650118
0.104790419
0.111821086
0.08632287
0.213286713
0.08
0.1
0.119008264
0.05
0.1
0.09569378
0.14893617
0.052173913
0.066445183
0.405172414
0.098152425
0.098484848
0.107466063
0.092814371
0.036697248
0.09375
0.5
0.083657588
0.043478261
0.118190005
0.096774194
0.125
0.666666667
0.066057625
0.105263158
0.138888889
0.112765957
0.134514436
0.073684211
0.098765432
0.089552239
0.08125
0.114754098
0.138888889
0.103802672
0.089583333
0.077333333
0.106741573
0.112759644
0.088948787
0.086021505
0.089285714
0.108159393
0.089201878
0.065088757
0.087431694
0.108843537
0.111111111
0.142857143
0.093023256
0.071895425
0.068345324
0.072327044
0.12962963
0.058536585
0.082706767
0.063968668
0.046391753
0.132275132
0.113636364
0.063013699
0.106382979
0.091511936
0.077212806
0.142857143
0.048780488
0.111111111
0.077294686
0.122012579
0.104454685
0.040322581
0.082311734
0.116666667
0.009090909
0.055441478
0.078125
0.076843198
0.067484663
0.2
0.130434783
0.092071611
0.118421053
0.171355499
0.205128205
0.043478261
0.051743532
0.076923077
0.072916667
0.047511312
0.111111111
0.087082729
0.086021505
0.09394572
0.179487179
0.095837367
0.029411765
0.028169014
0.106687898
0.043478261
0.057692308
0.093
0.05
0.2
0.130952381
0.123636364
0.08797654
0.5
0.097525473
0.07027027
0.048231511
0.111764706
0.083333333
0.107038123
0.126553672
0.080808081
0.107883817
0.130952381
0.105508146
0.111374408
0
0.046153846
0.120253165
0.070921986
0.088362069
0.11588785
0.087846764
0.075388027
0.066666667
0.085714286
0.052910053
0.106339468
0.018867925
0.113833992
0.11
0.041884817
0.032258065
0.101827676
0.105300353
0.059504132
0.101449275
0.099378882
0.050847458
0.109625668
0.077235772
0.109090909
0.087719298
0.079545455
0.052264808
0.072183099
0.050072569
0.126582278
0
0.109976434
0.040322581
0.013333333
0.064846416
0.097222222
0.085106383
0.104294479
0.06763285
0.152941176
0.044871795
0.146391753
0.108433735
0.082969432
0.082191781
0.065420561
0.040650407
0.153846154
0.108545035
0.020080321
0.075418994
0
0.059925094
0.051948052
0.044642857
0.073684211
0.1015625
0.125
0.089928058
0.095238095
0.06744868
0.146067416
0.08974359
0.091792657
0.127272727
0.006451613
0.072368421
0.103896104
0.103410341
0.116935484
0.042682927
0.087058824
0.04
0.137931034
0.073226545
0.085714286
0.077669903
0.125
0.096009975
0.124271845
0.105919003
0.102209945
0.079754601
0.114285714
0.126005362
0.115686275
0.093132643
0.066298343
0.071061644
0.102158273
0.068100358
0.086666667
0.070205479
0.086585366
0.05511811
0.101851852
0.098039216
0.105090312
0.04676259
0.5
0.213333333
0.056701031
0.138121547
0.072222222
0.111111111
0.060556465
0.103658537
0.107049608
0.095006485
0.045454545
0.126582278
0.098712446
0.122186495
0.037861915
0.088235294
0.069565217
0.084832905
0.091954023
0.142857143
0.11875
0.15625
0.064516129
0.269230769
0.084337349
0.108695652
0.1875
0.094218415
0.093235832
0.4375
0.15234375
0.04109589
0.078125
0.121621622
0.069767442
0
0.137096774
0.086680761
0.222222222
0.07755102
0.087837838
0.058823529
0.090464548
0.063636364
0.062068966
0.135338346
0.075757576
0.075268817
0.1
0.088607595
0.084210526
0.083333333
0.015384615
0.072727273
0.09375
0.078299776
0.099264706
0.075980392
0.036585366
0.099050204
0
0.097530864
0.099520384
0.214285714
0.088235294
0.181818182
0.087719298
0.078787879
0.133012821
0.069767442
0.059322034
0.09263658
0.123800384
0.094936709
0.087719298
0.082706767
0.116766467
0.107023411
0.098330241
0.107473749
0.12345679
0.13916501
0.123752495
0.169491525
0.084451902
0.166666667
0.028301887
0.058365759
0.1
0.091286307
0
0.056338028
0.040632054
0.166666667
0.111111111
0.181818182
0.101042502
0.080617496
0.081683168
0.118421053
0.1
0.060869565
0.092035398
0
0.024054983
0.114942529
0.152777778
0.11002445
0.081967213
0.05
0.068100358
0.333333333
0.038961039
0.07082153
0.06122449
0.091078067
0.071428571
0.056179775
0.102990033
0.075471698
0.097328244
0.090909091
0.113997114
0.039130435
0.078947368
0.095191364
0.186813187
0.080114449
0.100511073
0.060126582
0.078313253
0.03256705
0.064593301
0.095739085
0.101234568
0.07826087
0.069444444
0.100323625
0.418563923
0.169491525
0.098782138
0.09519573
0.060606061
0.098081023
0.092124814
0.113360324
0.068119891
0.086391869
0.03030303
0.06812933
0.08
0.097560976
0.150537634
0.095541401
0.104795737
0.060913706
0.096244131
0.087619048
0.142857143
0.094972067
0.098901099
0.0625
0.118858954
0.102167183
0.056756757
0.111111111
0
0.117130307
0.181818182
0.214285714
0.235294118
0.337301587
0.080234834
0.095238095
0.126618705
0.072340426
0.084070796
0.072864322
0.082167832
0.034843206
0.104575163
0.25
0.066012489
0.164556962
0.083665339
0.110516934
0.098066298
0.128010139
0.061904762
0.427745665
0.111111111
0.058823529
0.10989011
0.090909091
0.1
0.05
0.054432348
0
0.1875
0.076086957
0.139705882
0.060301508
0.15625
0
0.384615385
0.153846154
0.080291971
0.090909091
0.092741935
0.052845528
0.222222222
0.076923077
0.117307692
0.080862534
0.082262211
0.11097561
0.032258065
0.102362205
0.082317073
0.125
0.037037037
0.105263158
0.109803922
0.105448155
0.222222222
0.166666667
0.093596059
0.126304802
0.093373494
0.085217391
0.09706258
0.09556314
0.102857143
0.101492537
0.171428571
0.114763231
0.152136752
0.047272727
0.110311751
0.088289963
0.097285068
0.131061599
0.079041916
0.122401848
0.028735632
0.156862745
0.08984375
0.077625571
0.109278351
0.148648649
0.065554231
0.043956044
0.1
0.097997893
0.110378913
0.053672316
0.056022409
0.2
0.016129032
0.066945607
0.051948052
0.083557951
0.068181818
0.134920635
0.088607595
0.2
0.098445596
0.134387352
0.084563758
0.061538462
0.111111111
0.08348135
0.120629371
0.06547619
0.166666667
0.103167421
0.081081081
0.027027027
0.052
0.127388535
0.08692053
0.07253886
0.102459016
0.082287308
0.100719424
0.044692737
0.077777778
0.07063197
0.011235955
0.11627907
0.099808061
0
0.094339623
0.051948052
0.072897196
0.079034029
0.085910653
0.046822742
0.073684211
0.05988024
0.132653061
0.146919431
0.134453782
0.057692308
0.128205128
0.083333333
0.103448276
0.1
0.116442953
0.072965388
0.075301205
0.5
0.2
0.1
0.112840467
0.080291971
0.03030303
0.087542088
0.071428571
0
0.076923077
0.058333333
0
0.111111111
0.115384615
0.090239411
0.333333333
0.050420168
0.090909091
0.093366093
0.087186898
0.044117647
0.079229122
0.055084746
0.032258065
0.121212121
0.068292683
0.102685624
0.081936685
0
0.094320487
0.050541516
0.107843137
0.084937712
0.094095941
0.095890411
0.058432935
0.092529711
0.08045977
0.105436573
0.125
0.066726781
0.072243346
0.098398169
0.057553957
0.110067114
0.2
0.132075472
0.06626506
0.107606679
0.027027027
0.095348837
0.108870968
0.167630058
0.110169492
0.074592075
0.095744681
0.091743119
0.058823529
0.119402985
0.077844311
0.042553191
0.097315436
0.043478261
0.093681917
0.040268456
0.153125
0.067594433
1
0.071428571
0.109677419
0.072727273
0.035714286
0.068965517
0.102137767
0.060606061
0.042253521
0.097633136
0.083333333
0.102222222
0.089552239
0.272727273
0.070552147
0.057827927
0.143617021
0.101369863
0.090277778
0.132653061
0.099041534
0.047619048
0.107438017
0.018556701
0.046511628
0.12086514
0.048128342
0.099510604
0.075907591
0.078167116
0.047256098
0.094594595
0.160130719
0.116182573
0.111111111
0.051948052
0.114754098
0.108433735
0.094527363
0.071428571
0.081632653
0.066420664
0.093023256
0.078740157
0.137037037
0.076712329
0.073770492
0.066298343
0.065934066
0.015625
0.075829384
0.06
0.045307443
0.2
0.072847682
0.166666667
0.052924791
0.114285714
0.137724551
0.083333333
0.093283582
0.19047619
0.097276265
0.458333333
0.076989619
0.090361446
0.099150142
0.068597561
0.1
0.065868263
0.148514851
0.066666667
0.111464968
0.068656716
0.166666667
0.02
0.07751938
0.069892473
0.305869074
0.090277778
0.162907268
0.059751434
0.108303249
0.333333333
0.085365854
0.072992701
0.092348285
0.113105925
0.12
0.076609617
0.112686038
0.25
0.082474227
0.087765957
0.065967016
0.143403442
0.077531646
0.099025974
0.096020761
0.093949045
0.099452555
0.04950495
0.2
0.088050314
0.086956522
0.099537037
0.160714286
0.095052083
0.242857143
0.068027211
0.5
0.09181012
0.038095238
0.107734807
0.333333333
0.074074074
0.076086957
0.387478849
0.086787565
0.076086957
0.070621469
0.11750306
0.25
0.045918367
0.068181818
0.128205128
0
0.110887097
0.039622642
0.053855569
0.058558559
0.117370892
0.138297872
0.081712062
0.189102564
0.105121294
0.081355932
0.06918239
0.082474227
0.128630705
0.102564103
0.119825708
0.055555556
0.101785714
0.085820896
0.060606061
0.134228188
0.075581395
0.12732475
0.061538462
0.107276119
0.111111111
0.083288264
0.058441558
0.145251397
0.121212121
0.074918567
0
0.147058824
0
0.104651163
0.285714286
0.118821293
0.342857143
0.077181208
0.093692022
0.061876248
0.026315789
0.068306011
0.112633181
0.110294118
0.075356415
0.113253012
0.084862385
0.106995885
0.108989658
0.050847458
0.067307692
0.028673835
0.110766046
0.080237741
0.059382423
0.166666667
0.076923077
0.063636364
0.085192698
0.088888889
0.094117647
0.042145594
0.125
0.105263158
0.163265306
0.110512129
0.099009901
0.067209776
0.082848837
0.043478261
0.091928251
0.037878788
0.092724679
0.047619048
0.118902439
0.070636311
0.094808126
0.122641509
0.06496063
0.179487179
0.074074074
0.088288288
0.060150376
0.054054054
0.087719298
0.11001642
0.096774194
0.076086957
0.092887799
0.142857143
0.102362205
0.416666667
0.0625
0.142857143
0.102702703
0.242424242
0.192307692
0.203883495
0.01843318
0.070367979
0.090909091
0.086486486
0.2
0.081967213
0.084263959
0.069343066
0.105866019
0.128122482
0.1
0.056399132
0.033536585
0.073684211
0.111111111
0.087336245
0.115384615
0.058558559
0.071428571
0.113372093
0.066666667
0.111111111
0.2
0.092165899
0.081481481
0.076388889
0.091121495
0.118942731
0.080291971
0.093220339
0.069544365
0.127272727
0.081538462
0.096069869
0.128571429
0.102150538
0.037313433
0.120879121
0.085106383
0.10230179
0.078976641
0.062243502
0.144736842
0.124260355
0.073211314
0.064705882
0.086734694
0.105263158
0.084452975
0.124780316
0.083333333
0.099212598
0.063492063
0.165467626
0.106060606
0.080160321
0.045454545
0.047619048
0.093818985
0.115459883
0.038461538
0.03030303
0.03960396
0.047080979
0.25
0.139917695
0.029411765
0.051282051
0.071428571
0.043478261
0.051851852
0.1
0.21875
0.041666667
0.222222222
0.2
0.063253012
0.070921986
0.09143593
0.151685393
0.107142857
0.087431694
0.114914425
0.062222222
0.046666667
0.122591944
0.091216216
0.062937063
0.069273743
0.139130435
0.1
0.106382979
0.193236715
0.068571429
0.035502959
0.037837838
0.1
0.051880674
0.107491857
0.052023121
0.04
0.087769784
0.12406015
0.083333333
0.026515152
0.085106383
0.058823529
0.119005329
0.075409836
0.037234043
0.053097345
0.07118928
0.103690685
0.073232323
0.038461538
0.063324538
0.060606061
0.067602041
0.051233397
0.082608696
0.073248408
0.051282051
0.082901554
0.076986755
0.060344828
0.033969011
0.104746318
0.081858407
0.104046243
0.166666667
0.125603865
0.066838046
0.161500816
0
0.080645161
0
0.066666667
0.074509804
0.073170732
0.115254237
0
0.090614887
0.054373522
0.165644172
0.103448276
0.081395349
0.107981221
0.094339623
0.080911233
0.110497238
0.038071066
0.117924528
0.089285714
0.403345725
0.071578947
0.076923077
0.078638498
0.105011933
0.136518771
0.094298246
0.073446328
0.079051383
0.117647059
0.070532915
0.026666667
0.085616438
0.121359223
0.04
0.163636364
0.049382716
0.049689441
0.073529412
0.081081081
0.097637795
0.075949367
0.126237624
0.013157895
0.074829932
0.083333333
0.2
0.071428571
0.083333333
0.079207921
0.078431373
0.183098592
0.1
0.090507726
0.075471698
0.103797468
0.105263158
0.076813656
0.084033613
0.087257618
0.088235294
0.082446809
0.077777778
0.113931889
0.107462687
0.076923077
0.072289157
0.101449275
0.053156146
0.085470085
0.5
0.371621622
0.083333333
0.083056478
0.23255814
0.090699018
0.099601594
0.117647059
0.051612903
0.079534433
0.106546855
0.106382979
0.074468085
0.1125
0.094594595
0.084664537
0.090909091
0.060869565
0.08762322
0.090909091
0
0.080935252
0.111395647
0.140425532
0.086419753
0.113402062
0.058252427
0.0625
0.117921147
0.1
0.08778626
0.073643411
0.056547619
0.077922078
0
0.1
0.090725806
0.06147541
0.097744361
0.119909502
0.090719499
0.068181818
0.03030303
0.062240664
0.076923077
0.092957746
0.105714286
0.136612022
0.036630037
1
0.11971831
0.105389222
0.046511628
0.123396123
0.06626506
0.073065903
0.095936795
0.222222222
0.08490566
0.076056338
0.157894737
0.047619048
0.118297872
0.168674699
0.096069869
0.148148148
0.074418605
0.146067416
0.055555556
0.052631579
0.071989529
0
0.094339623
0.077380952
0.061904762
0
0.077682686
0.121082621
0.057692308
0.074438202
0.105511811
0.118613139
0.087234043
0.134615385
0.169491525
0.0373599
0.114754098
0.066170389
0.10295858
0.083955224
0.109504132
0.11505508
0.083140878
0.081321474
0.075829384
0.058601134
0.080985915
0.091152815
0.080246914
0.100515464
0.082429501
0.25
0.147540984
0.093693694
0.095833333
0.06993007
0.114605171
0.065088757
0.069808028
0.035842294
0.105263158
0.144578313
0.087962963
0.027027027
0.083150985
0.041044776
0.147783251
0.094339623
0.071960298
0.037735849
0.054495913
0.076923077
0.091680815
0.101149425
0.063559322
0.117647059
0.5
0.109202454
0.033333333
0.066258919
0.081730769
0.149598394
0.0862423
0.091314031
0.161073826
0
0.084269663
0.143369176
0
0.222222222
0.052953157
0.101214575
0.028340081
0.101694915
0.087962963
0.121896163
0.100917431
0.111111111
0.071428571
0.091097308
0.072222222
0.108401084
0.109271523
0.08909445
0.102564103
0.090909091
0.043478261
0.065348237
0.126984127
0.099815157
0.093231162
0.109079033
0.076923077
0.085714286
0.072368421
0.077738516
0.069908815
0.108038029
0.084076433
0.078947368
0.333333333
0.145124717
0.037037037
0.090609555
0.102362205
0.243622449
0.081699346
0.080808081
0.072164948
0.153081511
0.090909091
0.076367389
0.097192225
0.080691643
0.111111111
0.111111111
0.092592593
0.058252427
0.101724138
0.072847682
0.092165899
0.054138322
0.084051724
0.125
0.043478261
0.12037037
0.087794433
0.143362832
0.080343214
0.087866109
0.102339181
0.085501859
0.125
0.043165468
0.109756098
0.048780488
0.067114094
0.095779221
0.161616162
0.084693878
0
0.087142857
0.033333333
0.101610217
0.114545455
0.063829787
0.137931034
0.113077679
0.099531616
0.071611253
0.01754386
0.138297872
0.115044248
0.067226891
0.09486166
0.126732673
0.25
0.066350711
0.068728522
0.076555024
0.087179487
0.227272727
0.095238095
0.089552239
0.095238095
0.083333333
0.070422535
0.158730159
0.775510204
0.015968064
0.09793471
0.098412698
0.095890411
0.104863222
0.078518519
0.125
0.099667774
0.075471698
0.091478697
0.075623152
0.081081081
0.114583333
0.11076198
0.081395349
0.6
0.074074074
0.067164179
0.157894737
0.101145038
0.077669903
0.073891626
0.055944056
0.091463415
0.073770492
0.111975117
0.054054054
0.140186916
0.120150188
0.09765625
0.076923077
0.25
0.086956522
0.077922078
0.079113924
0.122507123
0.076719577
0.1168
0.2
0.079298513
0.089156627
0.09
0.171875
0.051660517
0.2
0.083333333
0.084175084
0.052631579
0.109278351
0.117302053
0.086538462
0.121621622
0.148387097
0.069387755
0.102812803
0.5
0.040816327
0.034782609
0.118756937
0.074468085
0.099576271
0.014814815
0.052173913
0.222222222
0
0.082392777
0.03960396
0.173913043
0.111111111
0.060606061
0.057613169
0.020618557
0.066115702
0.09492635
0.092
0.115606936
0.07526178
0.101190476
0.131010453
0.101823708
0.07120743
0.092991914
0.091463415
0.055555556
0.10041841
0.222222222
0.133540373
0.25
0.068965517
0.129032258
0.056122449
0.078431373
0.039215686
0.141304348
0.151832461
0.074279379
0.045454545
0.057692308
0.066666667
0.158333333
0.129541864
0.096534653
0.09929078
0.111111111
0.081395349
0.079207921
0.085020243
0.084179971
0.077669903
0.138554217
0.111111111
0.095505618
0.028571429
0.047619048
0.097375106
0.044444444
0.088235294
0.111842105
0.076086957
0.13559322
0.039106145
0.088709677
0.095070423
0.0864
0.083333333
0.111111111
0.061185468
0.072049689
0.079178886
0.076923077
0.113300493
0.03030303
0.054487179
0.120418848
0.068965517
0.090909091
0.150326797
0.086538462
0.082792208
0.110023041
0.140350877
0.113888889
0.105666156
0.096774194
0.454545455
0.083986562
0.101772817
0.125
0.104830421
0.147260274
0.084615385
0.045454545
0.166666667
0.052631579
0.067864271
0.119952494
0.067226891
0.132890365
0.077586207
0.125
0.103448276
0.086651054
0.075
0.333333333
0.120805369
0.082278481
0.076923077
0.127937337
0.090534979
0.039130435
0.043478261
0.090909091
0.098143236
0.087121212
0.073170732
0.112017804
0.052434457
0.095238095
0.142857143
0.119047619
0.084421236
0.125611746
0.111111111
0.100323625
0.085714286
0.127871363
0.130434783
0.11372549
0.102878465
0.117318436
0.083333333
0.0486618
0.059090909
0.105555556
0.1
0.096830986
0.07394958
0.120486656
0.099006623
0.039735099
0.106060606
0.067082683
0.099744246
0.176470588
0.045669291
0.073529412
0.148148148
0.104895105
0.09469697
0.104651163
0.058479532
0.067873303
0.04
0.069838057
0.107843137
0.073863636
0.101010101
0.034482759
0.107734807
0.063540091
0.088962109
0.109028961
0.079254079
0.069400631
0.136752137
0.120425815
0.093896714
0.035714286
0.091116173
0.057220708
0.070532915
0.076923077
0.100628931
0.220588235
0.078947368
0.230769231
0.406315789
0.051724138
0.181818182
0.100250627
0.055970149
0.040178571
0.125
0.102564103
0.095986038
0.5
0.105263158
0.125
0.072222222
0.049934297
0.022522523
0.062600321
0.115577889
0.04
0.070588235
0.082667187
0.306122449
0
0.114825581
0.060606061
0.12
0.433756806
0.099236641
0.333333333
0.117117117
0.073684211
0.0653789
0.092348285
0.08
0.097826087
0.092272203
0.09962406
0.128767123
0.049723757
0.019762846
0.049469965
0.16
0.077598829
0.222222222
0.077294686
0.117886179
0.101657459
0.082508251
0.050825921
0.098245614
0.104517272
0.088105727
0.03875969
0.087557604
0.084210526
0.075757576
0.048780488
0.172661871
0.099700897
0.093693694
0.088888889
0.050314465
0.103937008
0.091407678
0.066878981
0.101648352
0.124645892
0.071895425
0.130434783
0.052959502
0.08372093
0.127659574
0.071186441
0.108108108
0.084070796
0.04
0.102661597
0.059701493
0.102827763
0.25
0.092105263
0.131578947
0.054896142
0.061876248
0.078125
0.047727273
0.073584906
0.037037037
0.082840237
0.125
0.108903606
0.166666667
0.058823529
0.0625
0.118181818
0.113851992
0.016853933
0.066666667
0.043478261
0.25
0.098807496
0.10845987
0.04845815
0.104972376
0.094594595
0.088642659
0.142857143
0.08097166
0.103092784
0.041666667
0.097222222
0.121554451
0.078239609
0.069293478
0.094298246
0.050531915
0.097065463
0.115789474
0.128881988
0.089361702
0.25
0.049180328
0.066489362
0.135294118
0.083003953
0.077529566
0.066785396
0.06125
0.150214592
0.081767956
0.07266436
0.071180556
0.109617373
0.12371134
0.096187175
0.114954222
0.0912
0.087548638
0
0.106471816
0.036144578
0.073724008
0.047619048
0.133333333
0.071428571
0.114478114
0.076923077
0.109433962
0.105691057
0.078384798
0.094537815
0.114035088
0.087452471
0.031690141
0.115384615
0.106508876
0.113712375
0.112449799
0.067460317
0.081268583
0.033045977
0.059310345
0.090007087
0.163434903
0.069948187
0.2
0.076802508
0.086614173
0.09202454
0.052631579
0.084632517
0.144549763
0.063270991
0.136170213
0.061674009
0.095427435
0.076923077
0
0.047619048
0.133333333
0.01584507
0.131914894
0.125
0.09
0.051851852
0.101449275
0.145738452
0.069047619
0.043956044
0.094715852
0
0.098507463
0.122065728
0.123411978
0.109375
0.113222486
0.113636364
0.079840319
0.079905993
0.061349693
0.121693122
0.1
0.069705094
0.098666667
0.098360656
0.226415094
0.109589041
0.043307087
0.104513064
0.073529412
0.047945205
0.181818182
0.108961303
0.075907591
0.046610169
0.084558824
0.081929904
0.141666667
0.10989011
0.10990502
0.06162465
0.128440367
0.093457944
0.092115535
0.05015674
0.333333333
0.166666667
0.125
0.097810219
0.094427245
0.097560976
0.111317254
0.073943662
0.333333333
0.142857143
0
0.101851852
0.126315789
0.083870968
0.031707317
0.189393939
0.06504065
0.146226415
0.076923077
0.032786885
0.083333333
0.061118336
0.083003953
0.363636364
0.054585153
0.050909091
0.089958159
0.333333333
0.094163424
0.043478261
0.25
0.2
0.081168831
0.128571429
0.093253968
0.076923077
0.109090909
0.103064067
0.072222222
0.103806228
0.2
0.091240876
0.082692308
0.07826087
0.089041096
0.072222222
0.097402597
0.057553957
0.094281298
0.132258065
0.043478261
0.092105263
0.06504065
0.331460674
0.090225564
0.095785441
0.09
0.103921569
0.125714286
0.078838174
0.085763293
0.093093093
0.077348066
0.094736842
0.09375
0.100987925
0.12295082
0.091883614
0.067226891
0.074941452
0.12739726
0.089285714
0.055555556
0.065217391
0.118518519
0.107512953
0.102531646
0.042016807
0.063583815
0.049731183
0.087349398
0.087431694
0.052910053
0.06557377
0.076923077
0.090507726
0.084444444
0.12
0.14893617
0.048879837
0.105485232
0.08575804
0.096491228
0.081927711
0.111111111
0.116935484
0.1875
0.058823529
0.141414141
0.095238095
0.132780083
0.179487179
0.133333333
0.098272138
0.106861642
0.041855204
0.126488095
0.12037037
0.090909091
0.096418733
0.098214286
0.102661597
0.045751634
0.14986376
0.087912088
0.090909091
0.090807175
0.033492823
0.110280374
0.066666667
0.116883117
0
0.06940874
0.075630252
0.5
0.118790497
0.090747331
0.108910891
0.105825762
0.058441558
0.07223114
0.025974026
0.089473684
0.141955836
0.184079602
0.136490251
0.089485459
0.028368794
0.113402062
0.093852909
0.428571429
0.097345133
0.098795181
0
0.111538462
0.034825871
0.09127789
0.127659574
0.065315315
0.127659574
0.066806723
0.07183908
0.2
0.034188034
0.384482759
0.088888889
0.03875969
0.06010929
0.07486631
0.048850575
0.080717489
0.139072848
0.065868263
0.065320665
0.097496706
0.172413793
0.088607595
0.008547009
0.072463768
0.045592705
0.099562363
0.017857143
0.056042032
0.125
0.117988395
0.088607595
0.049230769
0.124444444
0.130504404
0.105137395
0.093596059
0.108108108
0.063063063
0.098591549
0.153846154
0.091836735
0.055555556
0.105263158
0.076177285
0.103896104
0.047297297
0.098911968
0.081521739
0.084063047
0.080924855
0.143646409
0.055555556
0.059310345
0.085470085
0.133951987
0.131455399
0.100840336
0.134615385
0.094827586
0.072847682
0.172413793
0.098522167
0.17
0.07804878
0.5
0.057971014
0.072562358
0.13125
0.091240876
0.08490566
0.088050314
0.090909091
0.142372881
0.090909091
0.075376884
0.055813953
0.135882353
0.095338983
0.072519084
0.096033403
0.062877872
0.075362319
0.103626943
0.080357143
0.122699387
0.123626374
0.088291747
0.04670913
0.063333333
0.055214724
0.071428571
0.087364621
0.066831683
0.130467013
0.067010309
0.057416268
0.055487053
0.107678729
0.056650246
0.099737533
0.23943662
0.149722736
0.076923077
0.060640732
0.184659091
0.099616858
0.104243542
0.097744361
0.077214232
0.127659574
0.146666667
0.081632653
0.083105023
0.104166667
0.07079646
0.037634409
0.091269841
0.06504065
0.08340016
0.075581395
0.111111111
0.084415584
0.06122449
0.096774194
0.125
0.166666667
0.069767442
0.144456887
0.116883117
0.067653277
0.094117647
0.070546737
0.085106383
0.032911392
0.073079463
0.093264249
0.078571429
0.12244898
0.077441077
0.111111111
0.25
0.111512415
0.089337176
0.051724138
0.085308057
0.09245283
0.077922078
0.25
0.232876712
0.113166485
0.218045113
0.042253521
0.073891626
0.068965517
0.096256684
0.046511628
0.075533662
0.081151832
0.1
0.095811518
0.066666667
0.121212121
0.09009009
0.041237113
0.053921569
0.061946903
0.644067797
0.121495327
1
0.0625
0.086614173
0.067567568
0.1875
0.028846154
0.080246914
0.148997135
0.181818182
0.08765653
0.053731343
0.021978022
0.053571429
0.122923588
0.081632653
0.101694915
0.098591549
0.079812207
0.104622871
0.089987326
0
0.020833333
0.050251256
0.079207921
0.25
0.140127389
0.10786106
0.078175896
0.082644628
0.057324841
0.09375
0.135849057
0.089425587
0.041916168
0.272727273
0.11372549
0.097320169
0.076785714
0.101983003
0.064896755
0.114173228
0.091397849
0.105960265
0.070500928
0.07518797
0.130434783
0.082440231
0.127906977
0.1
0.136986301
0.094104308
0.075630252
0.10426009
0.023809524
0.25
0.039215686
0.094438615
0.043010753
0.106321839
0.128205128
0.04475043
0.075949367
0.062678063
0.156682028
0.076190476
0.045801527
0.121621622
0.038585209
0.1
0.090909091
0
0.25
0.048780488
0.042168675
0.1
0.111899133
0
0.105769231
0.061433447
0.123287671
0.093235832
0.084507042
0.149253731
0.114035088
0.048076923
0.072580645
0.083242059
0.118397086
0.07483731
0.116607774
0.1
0.296
0.142857143
0.060606061
0.07793765
0.060066741
0.084507042
0.057142857
0.102040816
0.111111111
0.046728972
0.055555556
0.097457627
0.108974359
0.067471591
0.109414758
0.116908213
0.057692308
0.128654971
0.384615385
0.085899514
0.097560976
0.051136364
0.111111111
0
0.117647059
0.083333333
0.113274336
0.07253886
0.075757576
0.072644722
0.090733591
0.083499006
0.315789474
0.0625
0.056962025
0.085434174
0.033898305
0.053892216
0.0625
0.103529412
0.060606061
0.075117371
0.087533156
0.034848485
0.01980198
0.119592875
0.136732329
0.083333333
0.048780488
0.136690647
0.088791849
0.103658537
0.094339623
0.088855422
0.082089552
0.099378882
0.054726368
0.097076964
0.25
0.094758065
0.081395349
0.205882353
0.058823529
0.100591716
0.084598698
0.13583815
0.201342282
0.090267983
0.113003096
0.124031008
0.081300813
0.082774049
0.060295791
0.075566751
0.25
0.052173913
0.072033898
0.089855072
0.333333333
0.100250627
0.041958042
0
0.227258116
0.1015625
0.085201794
0.097902098
0.075268817
0.111380145
0.105590062
0.12109375
0.058823529
0.063380282
0.078231293
0.072278134
0.095454545
0.166666667
0.080321285
0
0.064150943
0.113095238
0.090909091
0.139622642
0.105769231
0.065343259
0.061046512
0.035294118
0.171171171
0.124670764
0.074650078
0.066115702
0.125
0.071721311
0.078125
0.086696562
0.098726115
0.040874525
0.021505376
0.130434783
0.078328982
0.074074074
0.086309524
0.036036036
0.081896552
0.071698113
0.083333333
0.024096386
0.083076923
0.02189781
0.294871795
0.103975535
0.033018868
0.222222222
0.217391304
0.1125
0.099264706
0.073349633
0.111111111
0.163975155
0.067729084
0.113259669
0.12568306
0.111111111
0.113154173
0.092307692
0.105263158
0.080756014
0.018181818
0.114457831
0.109202454
0.090614887
0.064516129
0.109170306
0.125728863
0.083194676
0.071875
0.073929961
0.089494163
0.0703125
0.066666667
0.074433657
0.041666667
0.107142857
0.086021505
0.108108108
0.108479756
0.089361702
0.090909091
0.088607595
0.166666667
0.166666667
0.099547511
0.043478261
0
0
0.108527132
0.076923077
1
0.0554371
0.096654275
0.141025641
0.111111111
0.037383178
0.120903955
0.067567568
0.093708166
0.092805005
0.083935018
0.069060773
0.06984127
0.054545455
0.106097561
0.070362473
0.084033613
0.087332054
0.062801932
0.103174603
0.166666667
0.094339623
0.091334895
0.085168869
0.093023256
0.136363636
0.082880435
0.087677725
0.025806452
0.090909091
0.10617284
0.096091205
0.333333333
0.078909613
0.077060932
0.041884817
0.062130178
0.063291139
0.114754098
0.2
0.094827586
0.162849873
0.084317032
0.105263158
0.122699387
0.033898305
0.070857143
0.046153846
0.092558984
0.053191489
0.070866142
0.097972973
0.074074074
0.125
0.125
0.068062827
0.07210488
0
0.104477612
0.093582888
0.063829787
0.120817844
0.046511628
0.078014184
0.066225166
0.111111111
0.055555556
0.122923588
0.05362776
0.090909091
0.103327496
0.085351788
0.2
0.091646391
0.065263158
0.104575163
0.095505618
0.103448276
0.105392157
0.075555556
0.106382979
0.08852459
0.096183206
0.066666667
0.118074478
0.057971014
0.125
0.126760563
0.159132007
0.042471042
0.109090909
0.069444444
0.09223301
0.020547945
0.110619469
0.012121212
0.163636364
0.092
0.068640646
0.092643052
0.152173913
0.109422492
0.073529412
0.113284434
0.102739726
0.107784431
0
0.06
0.217054264
0.081946223
0.103773585
0.108974359
0.235294118
0.085106383
0.12
0.039215686
0.077970297
0.07239819
0.092843327
0.079037801
0.082508251
0.115942029
0.069565217
0.109354414
0.052631579
0.12745098
0.081081081
0.103756708
0.125
0.080952381
0.074534161
0.058201058
0.11790393
0.077639752
0.053892216
0.034482759
0.125
0.094594595
0.055421687
0.127141569
0.151515152
0.081521739
0.088
0.173611111
0.114472608
0.044776119
0.115740741
0.641509434
0.116219668
0.4
0.161290323
0.081820978
0.107487923
0.099206349
0.06504065
0.138705416
0.117765814
0.515151515
0.099547511
0.112845138
0.123877917
0.053763441
0.083086053
0.333333333
0.095163807
0.074605452
0
0.065326633
0.052104208
0.090909091
0.081163859
0.099186992
0
0.111111111
0.194174757
0.107623318
0.088235294
0.084375
0.070967742
0.093567251
0.346153846
0.443243243
0.086075949
0.076530612
0.029288703
0.098039216
0.101324503
0.060240964
0.066666667
0.075
0.045936396
0.102613746
0.072164948
0.100580271
0.047619048
0.049382716
0.070234114
0.19266055
0.085227273
0.163934426
0.086821705
0.05955335
0.087662338
0.100961538
0.333333333
0.078947368
0.095890411
0.07253886
0.119815668
0.109831521
0.068571429
0.068965517
0.050420168
0.116504854
0.101551481
0.096834264
0.132342534
0.072056239
0.107033639
0.126113777
0
0.117936118
0.08040201
0.096491228
0.067251462
0.084210526
0.234848485
0.037037037
0.054298643
0.115891742
0.12
0.04
0.288888889
0.096269555
0.101265823
0.075342466
0.081339713
0.094710947
0
0.092592593
0.090146751
0.169014085
0.09403255
0.089795918
0.071428571
0
0.090909091
0.058365759
0.100628931
0.099033816
0.083333333
0.085784314
0.122222222
0.056497175
0.108108108
0
0.10652921
0.097020097
0.098743268
0.131336406
0.08984375
0.076923077
0.102040816
0.008547009
0.076007326
0.075
0.122123894
0.089041096
0.222222222
0.104627767
0.100684758
0.056451613
0.094594595
0.076771654
0.094387755
0.096446701
0.087209302
0.2
0.061538462
0.078947368
0.081699346
0.088435374
0.085106383
0.092348285
0.052953157
0.097285068
0.079545455
0.020408163
0.2
0.444672131
0.166666667
0.044444444
0.054545455
0.115146147
0.217532468
0.105207226
0.104225352
0.108571429
0.153846154
0.096989967
0.035714286
0.101663586
0.137254902
0.078947368
0.121593291
0.074074074
0.046218487
0.099067599
0.070469799
0.152652005
0.093131548
0.102710414
0.073608618
0.142857143
0.100961538
0.125
0.073684211
0.076142132
0.066666667
0.05620155
0.086206897
0.08496732
0.101694915
0.285714286
0.108527132
0.1
0.111650485
0.071895425
0.098226467
0.016393443
0.099585062
0.031007752
0.1015625
0.057926829
0.171779141
0.048275862
0.098039216
0.100558659
0.147058824
0.083333333
0.112200436
0.058479532
0.111111111
0.080789946
0.049180328
0.093137255
0.088578089
0.057142857
0.077751196
0.060150376
0.076086957
0.081117021
0.06557377
0.171761281
0.023529412
0.108792846
0.116883117
0.106779661
0.134782609
0.093167702
0.159090909
0.091412742
0.021052632
0.103225806
0.079225352
0.074275362
0.070175439
0.080178174
0.10403397
0.107033639
0
0.089285714
0.098901099
0.070769231
0.065359477
0.064367816
0.272727273
0.222222222
0.18556701
0.121212121
0.078431373
0.114285714
0.113013699
0.134065934
0.1
0.107081174
0.089324619
0.068297655
0.079646018
0.0625
0.065454545
0.0375
0.111731844
0.166666667
0.25
0.080385852
0.059701493
0.084459459
0.073647295
0.058323208
0.076923077
0.098439376
0.111111111
0.3125
0.084645669
0.10653753
0.123644252
0.130434783
0.097245918
0.132231405
0.142857143
0.081346424
0.056521739
0.092696629
0.285714286
0.122931442
0.083382966
0
0.094043887
0.055944056
0.089308176
0.077844311
0.120325203
0.095238095
0.106598985
0.093175853
0.065934066
0.107692308
0.11248074
0.285714286
0.057416268
0.088942308
0.05490064
0.079019074
0.092664093
0.130434783
0.024911032
0.101098901
0.076923077
0.096153846
0.2
0.088560886
0.062992126
0.062992126
0.128712871
0.059259259
0.076923077
0.088888889
0.094151213
0.153846154
0.057647059
0.026315789
0.064516129
0.078239609
0.143661972
0.106040268
0.094339623
0.076999013
0.122580645
0.089552239
0.097791798
0.327586207
0.066666667
0.071895425
0.116959064
0.098795181
0.07250342
0.050632911
0.082142857
0.082706767
0.23255814
0.090401786
0.09375
1
0.059259259
0.046511628
0.156862745
0
0.164383562
0.093023256
0.077922078
0.12034384
0.099009901
0.125
0.051136364
0.125
0.037037037
0.111111111
0
0.125
0.111675127
0.060869565
0.044444444
0.08045977
0.108140948
0.131578947
0.077931537
0.080808081
0.091666667
0.101351351
0.098591549
0.119155354
0.054216867
0.078034682
0.081632653
0.062937063
0.105932203
0.105666156
0.066037736
0.09406953
0.111111111
0.009950249
0.062937063
0.111111111
0.107594937
0.068115942
0.108484006
0.1
0.100813008
0.117117117
0.073626374
0.103448276
0.10125
0.083333333
0.11509434
0.070175439
0.136216216
0.125506073
0.071770335
0.119680851
0.135416667
0.081355932
0.071428571
0.061349693
0.089613035
0.0875
0.12
0.089866157
0.051136364
0.099186992
0.137362637
0.09540636
0.066985646
0.0859375
0.12
0.07980456
0.091603053
0.2
0.097259063
0.110667996
0
0.116402116
0.10817942
0.088235294
0.090625
0.083969466
0.114754098
0.101351351
0.055555556
0.125
0.078947368
0.101822079
0.109691161
0.2
0.078125
0.043478261
0.043478261
0.026315789
0.076086957
0.132575758
0.113902848
0.102707006
0.088122605
0.069444444
0.071138211
0.114773259
0.009803922
0.050526316
0.088235294
0.2
0.043062201
0.079533941
0.077922078
0.1
0.155882353
0.043835616
0.166037736
0.090387374
0.096774194
0.10952381
0.069444444
0.114803625
0.068322981
0.026315789
0.054187192
0.041666667
0.076923077
0.109243697
0.093802345
0.054393305
0.130434783
0.115566038
0.090811966
0.063291139
0.086419753
0.072916667
0.075645756
0.104477612
0.08245614
0.089285714
0.129240711
0.099630996
0.201149425
0.085106383
0.036363636
0.02173913
0.124661247
0.098901099
0.110204082
0.067039106
0.028985507
0.111111111
0.098958333
0.333333333
0.075842697
0.061643836
0.049019608
0.058823529
0.09403255
0.075268817
0.037735849
0.070454545
0.08302583
0.083333333
0.115384615
0.138888889
0.071856287
0.142857143
0.101311085
0.074074074
0.076124567
0.018442623
0.064962726
0.061310782
0.115044248
0
0.117252931
0.101694915
0.071017274
0.100263852
0.082872928
0.093117409
0.0625
0.125
0.071428571
0.045977011
0.12012012
0.04950495
0.109057301
0.064308682
0.140625
0.090909091
0.092715232
0.051282051
0.061594203
0.060869565
0.100303951
0.083916084
0.08
0.105590062
0.035087719
0.081730769
0.022727273
0.097701149
0.127516779
0.081447964
0.08
0.125
0.102431835
0.02739726
0.120401338
0.073593074
0.074074074
0.060036386
0.055865922
0.059210526
0.052208835
0.082066869
0.063545151
0.088274045
0.1015625
0.099662162
0.083185841
0.5
0.117647059
0.03015797
0.071984436
0.4
0.087394958
0.073412698
0.084309133
0.130434783
0.03030303
0.102941176
0.080870918
0.083333333
0.011494253
0.091065292
0.069767442
0.122715405
0.077844311
0.11496063
0.11682243
0.2
0.09921671
0.077399381
0.0984375
0.08320951
0.042328042
0.131713555
0.115044248
0.1257414
0.25
0.084507042
0.046357616
0.066666667
0.071428571
0.138888889
0.12371134
0.103448276
0.12890625
0.031746032
0.062579821
0.070588235
0.09833795
0.196969697
0.119815668
0.094594595
0.085
0.076923077
0.047058824
0.047619048
0.069212411
0.060377358
0.019417476
0.074135091
0.082758621
0.077669903
0.06122449
0.096774194
0.074503311
0.072425829
0.097328244
0.078125
0.25
0.061583578
0.069989396
0.010638298
0.111587983
0.095744681
0.142857143
0.015384615
0.181818182
0.078431373
0.09672619
0.057937428
0.048076923
0.044247788
0.116710875
0.070408163
0.098314607
0.138817481
0.076923077
0.062801932
0.058282209
0.125
0.074074074
0.5
0.164345404
0.112903226
0.01443299
0
0.1
0.07568113
0.083333333
0.058064516
0.085858586
0.103084416
0.109120521
0.074204947
0.023809524
0.080779944
0.101298701
0.075638507
0.117647059
0.03030303
0.093904448
0.072727273
0.089253188
0.122699387
0.2
0.064705882
0.052941176
0.141253508
0.068571429
0.089449541
0.066157761
0.107279693
0.11223458
0.107276119
0.119318182
0.2
0.217687075
0.051174497
0.068114511
0.083333333
0.066162571
0.116883117
0.086206897
0.058823529
0.119170984
0.058201058
0.161016949
0.109399076
0.104
0.11827957
0.106524634
0.093959732
0.105769231
0.122460497
0.077294686
0.087378641
0.083333333
0.099526066
0.10326087
0.104738155
0.172413793
0.071625344
0.117117117
0.083333333
0.162790698
0.104910714
0.099502488
0.2
0.074879227
0.086363636
0.046153846
0.088907239
0.117424242
0.098522167
0.08953168
0.077586207
0.089463221
0.043103448
0.107142857
0.126229508
0.043478261
0.131578947
0.152219873
0.062256809
0.048780488
0.021505376
0.012048193
0.077356365
0.128205128
0.057034221
0.081545064
0.112970711
0.064480874
0.083204931
0.104933438
0.016949153
0.053571429
0.088383838
0
0.080475857
0.088888889
0.5
0.083333333
0.071748879
0.461538462
0.07826087
0.054054054
0.266613291
0.136363636
0.2
0.093366093
0.080667594
0.055555556
0.101694915
0.110497238
0.108312343
0.060606061
0.194444444
0.104072398
0.0625
0.034482759
0.120253165
0.022222222
0.06918239
0.052060738
0.10619469
0.088888889
0.093582888
0.285714286
0.080357143
0.090342679
0.080472103
0.058823529
0.105845182
0.106038292
0.096774194
0.07860262
0.100628931
0.124681934
0.082896118
0.117936118
0.08045977
0.079545455
0.12
0
0.092269327
0.211538462
0.075
0.125
0.066666667
0.025641026
0.056910569
0.088607595
0.144067797
0.046052632
0.111111111
0.066666667
0.047794118
0.114551084
0.086474501
0.117460317
0.06741573
0.25
0.10519802
0.088414634
0.161572052
0.075409836
0.068376068
0.0484375
0.043478261
0.049382716
0.051094891
0.068181818
0.072151899
0.12605042
0.083850932
0.042372881
0.081140351
0.084677419
0.063291139
0.098765432
0.243243243
0.077610274
0.095665172
0.10254491
0.07278481
0.060606061
0.033333333
0.114973262
0.101321586
0.138218924
0.087248322
0.023972603
0.111788618
0.082294264
0.450413223
0.063679245
0.142857143
0.113402062
0.081188119
0.102601156
0.119565217
0.06122449
0.548192771
0.116580311
0.075268817
0.093023256
0.04587156
0.045454545
0.115384615
0.08356546
0.104611924
0.103448276
0.084337349
0.076413653
0.146551724
0.105691057
0.107692308
0.25
0.120521173
0.103250478
0.130232558
0.098920863
0.109663738
0.034482759
0.122923588
0.5
0.112651646
0.129032258
0.097749648
0.089762611
0.066666667
0.080645161
0.065921788
0.118006104
0.152
0.076923077
0.06462585
0.067961165
0.066666667
0.079012346
0.084482759
0.097130243
0.170212766
0.09758603
0.064705882
0.081081081
0.06116208
0.042553191
0.112727273
0.069007264
0.077738516
0.094202899
0.07
0.150740242
0
0.203349282
0.132075472
0.051813472
0.069860279
0.071213641
0.181818182
0.07079646
0.045454545
0.068090788
0.086956522
0.07311828
0.091533181
0.156716418
0.125827815
0.117021277
0.272727273
0.066889632
0.085144928
0.166666667
0.075471698
0.032258065
0.094313454
0.094249201
0.087378641
0.038961039
0.026819923
0.062576687
0
0.087272727
0.193548387
0.121621622
0.045454545
0.069444444
0.0703125
0.033333333
0.064516129
0.111111111
0.066666667
0.095015576
0
0.067024129
0.096654275
0.038216561
0.07678245
0.126126126
0.083636364
0.112769486
0.12
0.059171598
0.124600639
0.078947368
0.185867896
0.263157895
0.090425532
0.06969697
0.049180328
0.076923077
0.104129264
0.093686354
0.125
0.084978541
0.092402464
0.090909091
0.009615385
0.065789474
0.093023256
0.271929825
0
0.087121212
0.091743119
0.06614786
0.060165975
0.114361702
0.048611111
0.118421053
0.097087379
0.082191781
0.1011378
0.099360054
0
0.080935252
0.079365079
0.091917591
0.078686816
0.10989011
0.019480519
0.096670247
0.571428571
0.061302682
0.055555556
0.109988777
0.048231511
0.109375
0.06518724
0.021052632
0.113402062
0.091772152
0.092896175
0.058823529
0.06402439
0.07711039
0.079136691
0.080152672
0.100746269
0.15
0.166666667
0.138933764
0.106321839
0.041666667
0.085365854
0.083333333
0.094915254
0.101694915
0.125
0.075555556
0.110124334
0.178571429
0.076923077
0.075581395
0.08372093
0.097326203
0.121317158
0.069565217
0.08974359
0.037735849
0.125
0.118505014
0.13800905
0.150684932
0.078947368
0.111702128
0.107035478
0.041884817
0.103174603
0.046875
0.025423729
0.071170084
0.069252078
0.087719298
0.111111111
0.127659574
0.4
0.095394737
0.096385542
0.03117506
0.1125
0.09561753
0.04137931
0.033333333
0.107623318
0.085659288
0
0.144927536
0.072869955
0.07751938
0.098039216
0.087719298
0.047058824
0.132075472
0.161971831
0.078125
0.058171745
0.089285714
0.125
0
0.193548387
0.094972067
0.5
0.0912
0.063333333
0.08388521
0.083333333
0.107310216
0.097493036
0.130434783
0.081632653
0.171052632
0.054054054
0.042553191
0.111111111
0.082949309
0.1211226
0.079691517
0.03712297
0.587301587
0.055066079
0.074074074
0.285714286
0.039772727
0.097281831
0.122122122
0.118959108
0.087591241
0.070635721
0.111111111
0.104316547
0.073001159
0.091937765
0.047058824
0.084766585
0.333333333
0.133333333
0.075
0.062972292
0.090909091
0.119155844
0.065916399
0.041879469
0.11183355
0.080717489
0
0.222222222
0.134736842
0.086538462
0.050535988
0.075107296
0.066202091
0.114285714
0.093959732
0
0.082352941
0.105820106
0.100603622
0.072625698
0.083953241
0.053308824
0.088467615
0.090163934
0.037837838
0.06779661
0.07277628
0.05915493
0.038461538
0.136038186
0.119675456
0.133130081
0.066666667
0.10817942
0.046476762
0.011627907
0.083333333
0.066795741
0.089397089
0.049019608
0.079812207
0.114035088
0.039215686
0.256097561
0.131313131
0.135135135
0.084745763
0.055555556
0.086655113
0.131067961
0.058641975
0.059459459
0.109649123
0.128767123
0.09375
0.113309353
0.047945205
0.035460993
0.075376884
0.13832853
0
0.05904059
0.333333333
0.088709677
0.059225513
0.075829384
0.069767442
0.112676056
0.076923077
0.098241986
0.096654275
0.132038835
0.096153846
0.036363636
0.285714286
0.088486141
0.095490716
0.071005917
0.057108141
0.090361446
0.101265823
0.113316791
0.059925094
0.084782609
0.073972603
0.085365854
0.104294479
0.052154195
0.108891109
0.075757576
0.048510638
0.428571429
0.082446809
0.118556701
0.159090909
0.067567568
0.076086957
0.1484375
0.157593123
0.0625
0.060747664
0.045977011
0.084664537
0.207792208
0.333333333
0.252252252
0.044897959
0.079320113
0.037558685
0.054545455
0.118644068
0.045454545
0.115942029
0.081632653
0.14893617
0.074394464
0.03236246
0.091803279
0.063829787
0.117154812
0
0.09221902
1
0.11582213
0.026455026
0.060702875
0.285714286
0.087912088
0.086538462
0.076923077
0.047619048
0.098654709
0.049484536
0.122241087
0.111111111
0.083333333
0.042089985
0.071428571
0.076923077
0.026315789
0.2
0.0496614
0.15
0.039215686
0.095634096
0.10056391
0.091805508
0.088564058
0.014084507
0.073710074
0.136363636
0.075993092
0.100719424
0.081481481
0.09
0.133802817
0.084745763
0.333333333
0.246153846
0.103174603
0.058064516
0.066666667
0.083333333
0.06841612
0.095070423
0.112449799
0.076023392
0.135746606
0
0.095785441
0.117346939
0.07967033
0.073146293
0.071428571
0.037383178
0.071794872
0.022727273
0.094470046
0.6
0.056657224
0.326530612
0.089785832
0.094674556
0.333333333
0.2
0.08974359
0.053097345
0.083175803
0.06185567
0.053030303
0.113567839
0.127272727
0.073275862
0.034482759
0.333333333
0.085846868
0.126849894
0.181818182
0.103786816
0.125
0.055555556
0.106382979
0.166666667
0.066212269
0.073943662
0.161676647
0.077399381
0.088405797
0.158730159
0.088141026
0.089108911
0.116788321
0.096247961
0.07475623
0.036585366
0.049001815
0.08852459
0.096989967
0.069306931
0.0625
0.28125
0.078571429
0.082949309
0.097478992
0.01038961
0.102362205
0.104972376
0.113207547
0.101851852
0.063962559
0.075085324
0.131707317
0.06122449
0.10483871
0.0657277
0.105906314
0.128078818
0.060240964
0.121212121
0
0.121293801
0.09352518
0.071428571
0.03257329
0.079889807
0.111695138
0.333333333
0.074725275
0.101408451
0.096969697
0.097560976
0.080152672
0.25
0.111111111
0.018315018
0.066929134
0.078397213
0.079681275
0.12835249
0.078688525
0.051724138
0.094444444
0.079943899
0.118357488
0.102844639
0.076923077
0.109589041
0.096774194
0.211267606
0.083333333
0.126014062
0.5
0.103019538
0.070103093
0.119736842
0.069444444
0.11971831
0.074074074
0.104109589
0.061643836
0.090909091
0.193548387
0.110734463
0.091743119
0.070208729
0.097397476
0.142857143
0.113207547
0.018518519
0.075471698
0.071090047
0.035460993
0.0625
0.090361446
0.082995951
0.081300813
0.103139013
0.078239609
0
0.102317446
0.084562439
0.096153846
0.072625698
0.076923077
0.094043887
0
0.016393443
0.091194969
0.103603604
0.065777778
0.066666667
0.142857143
0.124280783
0.070588235
0.117647059
0.075409836
0.094302554
0.08
0
0.214285714
0.08
0.075709779
0.127717391
0.075163399
0.162393162
0.097014925
0.046199702
0.061538462
0.079754601
0.107407407
0.090892193
0.110953058
0.090322581
0.092547093
0.09122807
0
0.090909091
0.030769231
0.074712644
0.060747664
0.087292162
0.043478261
0.102362205
0.150943396
0.108922364
0.047852761
0.10989011
0.03125
0.077253219
0.109375
0.076923077
0.106796117
0.053206003
0.068686869
0.048275862
0.099489796
0.032258065
0.2
0.072674419
0.069042316
0.107064018
0.142857143
0.109589041
0.133333333
0.047619048
0.112609971
0.099630996
0.043956044
0.093294461
0.060402685
0.110183639
0.069418386
0.10139165
0.09057971
0.082720588
0.050847458
0.094527363
0.090909091
0.137418756
0.04
0.101190476
0.085714286
0.116504854
0.1859375
0.077586207
0.068100358
0.082298137
0.098765432
0.096706377
0
0.124161074
0.077639752
0.085470085
0.062275449
0.036082474
0.142857143
0.081818182
0.090909091
0.132653061
0.082517483
0.153846154
0.073718909
0.043956044
0.15037594
0.034090909
0.1437684
0.060606061
0.161073826
0.333333333
0.091194969
0.033816425
0.081355932
0.048979592
0.071129707
0.086563307
0.114792899
0.084249084
0.101892285
0.021276596
0.074527253
0.108510638
0.068462402
0.073611111
0.092413793
0.025773196
0
0.102517986
0.065656566
0.094298246
0.074074074
0.10954804
0.125
0.166666667
0.064083458
0.1
0.07615894
0.064
0.152777778
0.071661238
0.230769231
0.0375
0.054320988
0.042918455
0.083969466
0.116322702
0.040160643
0.057761733
0.062240664
0.125
0.080434783
0.082352941
0.094212651
0.166666667
0.117647059
0.093333333
0.096069869
0.078877005
0.074074074
0.098425197
0.093023256
0.121212121
0.083419156
0.059643687
0.05
0.065683646
0.101998622
0.051851852
0.364377183
0.102631579
0
0.064807837
0.099264706
0.066371681
0.096089385
0.117384844
0.089622642
0.046511628
0.068131868
0.111111111
0.091703057
0.116666667
0.042553191
0.092592593
0.101840491
0
0.091549296
0.060606061
0.052189297
0.108063175
0.031746032
0.125
0.109589041
0.062857143
0.055555556
0.072340426
0.115030675
0.143373494
0.092896175
0.12195122
0.151898734
0.043701799
0.128205128
0.1
0.068124474
0.113924051
0.100877193
0.074342702
0.033333333
0.075987842
0.163841808
0.115853659
0.083333333
0.080939948
0.085470085
0.064777328
0.396226415
0.216981132
0.078291815
0.052208835
0.070731707
0.051075269
0.101827676
0.208494208
0.138103161
0.107438017
0.057142857
0.11255814
0.090573013
0.08988764
0.103896104
0.064945878
0.089068826
0.08
0.078848561
0.093298292
0.090909091
0.090439276
0.098265896
0.085308057
0.129032258
0.079754601
0.166666667
0.054794521
0.156687898
0.086655113
0.038834951
0
0.369565217
0.090047393
0.083823529
0.073289902
0.070921986
0.050167224
0.046357616
0.070588235
0.176470588
0.045454545
0.13559322
0.028846154
0.108474576
0.052173913
0.085020243
0.169811321
0.057142857
0.076923077
0.104
0.055555556
0.061728395
0.1171875
0.0625
0.142857143
0.092
0.135338346
0.085416667
0.069464544
0.06185567
0.118942731
0.109848485
0.111111111
0.08
0.044354839
0.235294118
0.5
0.070967742
0.097345133
0.086148649
0.25
0.115384615
0.106995885
0.106413994
0.027777778
0.071428571
0.047619048
0
0.075
0.089371981
0.042553191
0.176470588
0.052631579
0.086666667
0.058823529
0.085106383
0.09394572
0.177377892
1
0.080118694
0.130434783
0.074534161
0.10619469
0.045652174
0.062761506
0.088235294
0.12464986
0.06312769
0.1
0.125
0.134078212
0.055555556
0.266666667
0.06557377
0.098039216
0.054817276
0.125
0
0.113095238
0.046875
0.137931034
0.034722222
0.101386482
0.083798883
0.080357143
0.182572614
0.079617834
0.082725061
0.125
0.166666667
0.078066914
0
0.084134615
0.05033557
0.048780488
0.157894737
0.1
0.060606061
0.02484472
0.08
0.027777778
0.07635468
0.076136364
0.109756098
0.047619048
0.095794393
0.089159068
0.07852194
0.080291971
0.09603073
0.416666667
0.064516129
0.12195122
0.046511628
0.166666667
0.045454545
0.0969163
0
0.232876712
0.02565016
0.066941298
0.077348066
0.09968119
0.171003717
0.021390374
0.086206897
0.054151625
0.075581395
0.166666667
0.060606061
0.071428571
0.075268817
0.106351551
0.104304636
0.034482759
0.075367647
0.140625
0.093596059
0.5
0.068767908
0.060542797
0.092827004
0.121568627
0
0.122919334
0.080409357
0.093541203
0.076923077
0.059633028
0.145009416
0.085277554
0.4
0.118343195
0.122917605
0.064553991
0.075036075
0.12295082
0.041062802
0.113963039
0.092
0.11497006
0.083710407
0.135135135
0.063321386
0.073619632
0.142857143
0.1
0.118881119
0.103092784
0.059322034
0.114334471
0.075352113
0.085034014
0.166666667
0.222222222
0.013972056
0
0.079812207
0.047520661
0.082191781
0.081039755
0.059701493
0.070212766
0.089770355
0.047916667
0.075734158
0.076099881
0.137931034
0.045
0.090909091
0.086165049
0.090277778
0.089420655
0.095238095
0.103448276
0.152542373
0.103896104
0.047120419
0.083086053
0.092541436
0.063424947
0.084033613
0.10623946
0.098039216
0.097959184
0.166666667
0.06391478
0.108552632
0.1875
0.105263158
0.111111111
0.073339085
0.2
0.104519774
0.141078838
0.120879121
0.0625
0.077777778
0.094642857
0.115342764
0.053191489
0.086696562
0.065543071
0.142857143
0.087774295
0.072
0.088607595
0.12
0.067867036
0.074626866
0.131524008
0.082568807
0.087591241
0.097610922
0.075144509
0.088461538
0.08
0.079581152
0.085427136
0.333333333
0.164583333
0
0.100719424
0.090136054
0.166666667
0.070063694
0.126188734
0.093959732
0.066450567
0.166666667
0.03030303
0.053596615
0.16
0.075606277
0.111111111
0.089108911
0.04
0.121621622
0.084720121
0.052631579
0.093632959
0.12834891
0.147826087
0.082901554
0.114613181
0.121387283
0.093406593
0.077625571
0.061111111
0.071547421
0.065420561
0.113402062
0.047904192
0.131386861
0.4
0.047619048
0.076923077
0.070175439
0.046728972
0.123222749
0.109195402
0.134782609
0.099865047
0.046296296
0.079457364
0
0
0.065693431
0.048231511
0.103781882
0.030769231
0.060606061
0.088803089
0.113643872
0.078028747
0.073569482
0.172413793
0.081850534
0.074468085
0.133217993
0.114583333
0.014925373
0.25
0.090909091
0.101503759
0.107142857
0.142857143
0.191489362
0.067164179
0.110859729
0.087186262
0.080449018
0.045045045
0.10373444
0.083333333
0.07027027
0.059811123
0.113715278
0.055555556
0.103448276
0
0.074380165
0.116573034
0.0625
0.09948542
0.088270859
0.11746988
0.105209397
0.113372093
0.090517241
0.129032258
0.04040404
0.039443155
0.098445596
0.107784431
0.114722753
0.168674699
0.091168091
0.1
0.09569378
0.066666667
0.097280335
0.123173278
0.045801527
0.092317624
0.078431373
0.009009009
0.076271186
0.14
0.113636364
0.068493151
0.068292683
0.093220339
0
0.085106383
0.1136
0.063636364
0.181818182
0.109038276
0.056064073
0.152777778
0.063492063
0.105074627
0.041899441
0.12195122
0.082251082
0.089311859
0.072727273
0.080701754
0.083573487
0.098298677
0.047297297
0.08254717
0.15819209
0.071428571
0.100917431
0.049382716
0.071428571
0.124183007
0.105263158
0.066420664
0.083969466
0.082089552
0.044444444
0.047619048
0.101290963
0.047058824
0.110539846
0.081395349
0.2
0.091152815
0.101545254
0.136363636
0.069486405
0.083457526
0.091644205
0.103333333
0.104166667
0.080645161
0.043478261
0.129032258
0.091328413
0.106145251
0.086071987
1
0.08226691
0.053571429
0.130177515
0.189189189
0.094276094
0.113402062
0.044198895
0.080645161
0.25
0.067532468
0.095238095
0.100802855
0.105095541
0.080985915
0.102040816
0.05
0.091503268
0.101543461
0.106941839
0.078014184
0.189710611
0.06122449
0.043478261
0.142857143
0.020373514
0.114942529
0.090909091
0.099009901
0.077464789
0.02020202
0.126760563
0.102
0.099611902
0.143939394
0.051980198
0.4
0.022222222
0.056603774
0.084718923
0.079470199
0
0.122641509
0.5
0.153846154
0.166666667
0.041214751
0.141958042
0.160493827
0.1
0.08526149
0.109843081
0.181818182
0.075015893
0.111111111
0.142857143
0.068965517
0.085106383
0.066666667
0.092750533
0.105456453
0.085393258
0.074074074
0.091780822
0
0.066091954
0.093457944
0.109195402
0.083333333
0.112676056
0.048780488
0.080952381
0.033898305
0.045685279
0.25
0.105648536
0.083333333
0.222222222
0.077319588
0.070967742
0.6
0.095975232
0.106382979
0.041518987
0.119047619
0.085714286
0.085867621
0.090032154
0.125
0.074670571
0.114583333
0.123511905
0.135245902
0.06405694
0
0.120833333
0.096842105
0.076271186
0.066666667
0.122222222
0.084889643
0.102409639
0.106169297
0.078651685
0.13111546
0.124513619
0.125
0.07249467
0.078431373
0.073333333
0
0
0.120405577
0.105180534
0.025641026
0.089832182
0.166666667
0.088607595
0.070528967
0.096463023
0.054862843
0.098484848
0.43902439
0.092274678
0.090909091
0
0.116883117
0.051428571
0.090909091
0.071428571
0.088235294
0.155172414
0.067385445
0.069565217
0.052023121
0.09765625
0.049275362
0.2
0.130434783
0.049019608
0.112222222
0.01754386
0.047413793
0.055084746
0.048780488
0.158730159
0.114018692
0
0.149061033
0.19047619
0.132352941
0.0625
0.096296296
0.073548387
0.03125
0.085526316
0.089463221
0.095682614
0.116666667
0.114398422
0.13877551
0
0.061962134
0.122302158
0.108208955
0.131313131
0.147928994
0.333333333
0.095260664
0.125714286
0.120967742
0.6
0.081871345
0.141176471
0.166666667
0.25
0.106598985
0.092664093
0.08974359
0.051282051
0.089449541
0.0456621
0.038834951
0.064579256
0.143678161
0.25
0.050505051
0.085158151
0.118773946
0.076923077
0.044217687
0.092843327
0.070921986
0.091503268
0.098265896
0.090234858
0.116240267
0.169230769
0.118
0.084650113
0.102719033
0.071326676
0.056680162
0.073684211
0.082758621
0.166666667
0.087932647
0.075342466
0.102505695
0.104229607
0.102974828
0.124293785
0.088495575
0.0995671
0.094936709
0.155339806
0.138181818
0.127853881
0.091476091
0.088372093
0.120751988
0.109017497
0.068111455
0.092931937
0.113772455
0.111111111
0.028846154
0.056842105
0.10483871
0.166666667
0.100117786
0.081911263
0.079069767
0.166666667
0.089918256
0.095577746
0.068627451
0.132897603
0.426035503
0.058139535
0.115384615
0.057179161
0.080536913
0.075471698
0.086642599
0.07713885
0.100546448
0.0625
0.068965517
0.153846154
0.106666667
0.087890625
0.127853881
0.065217391
0.08
0.087121212
0.089430894
0.069541029
0.030188679
0.107717042
0.142857143
0.073863636
0.142857143
0.106796117
0.079812207
0.073322933
0.080378251
0.113475177
0.104477612
0.106007067
0.084337349
0.2
0.095238095
0.078098472
0.100580271
0.102449889
0
0.05
0.2
0.120689655
0.109926169
0.2
0.092278719
0.098532495
0.094117647
0.1
0.230944255
0.103984451
0.090909091
0.130612245
0.075590551
0.116858238
0.086486486
0.04245283
0.181818182
0.086904762
0.07486631
0.108695652
0.093198992
0.166666667
0.097426471
0.071312804
0.079268293
0.02189781
0.166666667
0.068493151
0.066455696
0.125359195
0.102040816
0.126666667
0.114822547
0.069860279
0.222222222
0.092436975
0.142105263
0.07
0.152173913
0.071917808
0.084158416
0.099009901
0.044444444
0.13215859
0.084488449
0.147308782
0.098828697
0.11627907
0.0984
0.080436941
0.111111111
0.041769042
0.042553191
0.077333333
0.152610442
0.107794362
0.093333333
0.081818182
0.125925926
0.088815789
0.053030303
0.142857143
0.097736626
0.15
0.055555556
0.090909091
0.166666667
0.10976594
0.166666667
0.07773386
0.049382716
0.5
0.054441261
0.096551724
0.082278481
0.085388994
0.102150538
0.075221239
0.101190476
0.146551724
0.4
0
0.088607595
0.12745098
0.142857143
0.065934066
0.06122449
0.113207547
0.089227421
0.076271186
0.129032258
0.070866142
0.069381599
0.079111111
0.151515152
0.097826087
0.083700441
0.079081633
0.082010582
0.06557377
0
0.068252327
0.075471698
0.071766562
0.14893617
0.156424581
0.051839465
0.076923077
0.071823204
0.05952381
0.064814815
0.071428571
0.034883721
0.087378641
0.071216617
0.083120205
0.5
0.06
0.076584022
0.06779661
0.064516129
0.023320158
0.087951807
0.075691412
0.446428571
0.071661238
0.087662338
0.1
0.074161808
0.083333333
0.08125
0.2
0.121516165
0.128440367
0.097669256
0.070921986
0.088757396
0.087040619
0.082352941
0.050847458
0.097435897
0.117647059
0.086525462
0.06601467
0.171428571
0.077348066
0.112359551
0.105660377
0.025641026
0.132339236
0.109289617
0.116022099
0.073529412
0.101941748
0.142857143
0.074688797
0.060606061
0.111111111
0.076923077
0.092447917
0.093915344
0.071964018
0.08
0.070967742
0.089068826
0.136363636
0.095988539
0.044776119
0.094736842
0.079395085
0.098522167
0.074468085
0.090909091
0.095852535
0.056737589
0.031746032
0.25
0.047619048
0.111719606
0.151515152
0.127272727
0.071305842
0.042857143
0.097859327
0.092929293
0.122177955
0.121353559
0.081712062
0.070217918
0.09375
0.061611374
0.065306122
0.085778781
0.114386792
0.071428571
0.128166915
0.129251701
0.083333333
0.07518797
0.099667774
0.086330935
0.06744868
0.174825175
0.068965517
0.118584071
0.020618557
0.079365079
0.06504065
0.097777778
0.147540984
0.064516129
0.285714286
0.102844639
0.107142857
0
0.038461538
0.081632653
0.105263158
0.074380165
0.100352113
0.080246914
0.046511628
0.1023766
0.078947368
0.333333333
0.068376068
0.065979381
0.079584775
0.05904059
0.1
0.027210884
0.077205882
0.061538462
0.06122449
0.074829932
0.114613181
0.082474227
0.072164948
0
0.094339623
0.125560538
0.079295154
0.115207373
0.118214717
0.123778502
0.128851541
0.08
0.12109375
0.057692308
0.054054054
0
0.135338346
0.079831933
0.093215339
0.076726343
0.06122449
0.067251462
0.2
0.091222031
0.056987788
0.054597701
0.096899225
0.108986616
0.080645161
0.057692308
0.059259259
0.043062201
0.106796117
0.128787879
0.087209302
0.112391931
0.073770492
0.079754601
0.066666667
0.081300813
0.108416548
0.108262108
0.086034913
0.125
0.057291667
0.217391304
0.094339623
0.067204301
0.075441413
0.112426036
0
0.023923445
0.034482759
0.120535714
0.114285714
0.080091533
0.058823529
0.110941086
0.043478261
0.068965517
0.067307692
0.142857143
0.048076923
0.222222222
0.080578512
0.080882353
0.129213483
0.026315789
0.093023256
0.097378277
0.07486631
0.051546392
0.120141343
0.034825871
0
0.04587156
0.125799574
0.100864553
0.06043956
0.057692308
0.111111111
0.08411215
0.027777778
0.134228188
0.049808429
0.095636026
0
0.079279279
0.072916667
0.060869565
0.051546392
0.035714286
0.111111111
0.094936709
0.1197411
0.118421053
0.064569536
0.077586207
0.136363636
0.089820359
0.06918239
0.075471698
0.084848485
0.025
0.116207951
0.087795276
0
0.061403509
0.111111111
0.13856305
0.123689727
0.01744186
0.088495575
0.078199052
0.139275766
0.084782609
0
0.081081081
0.110311751
0.098140496
0.121794872
0.037037037
0.122240392
0.161073826
0.03777336
0.147058824
0.076190476
0.126865672
0.059701493
0.285714286
0.035714286
0.042052744
0.064981949
0.075268817
0.032967033
0.098240469
0.062827225
0
0.077504726
0.103092784
0.069679849
0
0.114754098
0.112546125
0.07518797
0.107238606
0.063241107
0.074074074
0.038054968
0.142857143
0.094204342
0.090909091
0.088285229
0.091585309
0.081355932
0.128550075
0.046822742
0.027027027
0.044117647
0.105263158
0.047058824
0.075117371
0.088435374
0.116465863
0.06795017
0.046728972
0.077122489
0.051948052
0.114583333
0.120863309
0.106182796
0.161616162
0.071111111
0.056910569
0.099236641
0.091463415
0.095559846
0.082535885
0.209677419
0.064814815
0.076595745
0.097391304
0.048543689
0.054637865
0.051724138
0.072727273
0.101748808
0.155172414
0.09375
0.053030303
0.079681275
0.080708661
0.094240838
0.1
0.11311054
0.153846154
0.057692308
0.09261301
0.182320442
0.115716753
0.075829384
0.107692308
0.071599045
0.09439528
0.060999039
0.073170732
0.08428246
0.081395349
0.063122924
0.074468085
0.117010816
0.041025641
0.274143302
0.05785124
0.083743842
0.12673362
0.088328076
0.101265823
0.084384515
0.123022847
0.102564103
0.12254902
0.090909091
0.136363636
0.086031452
0.082125604
0.096238938
0.141843972
0.091553836
0.142857143
0.140186916
0.086614173
0.044534413
0.069033531
0.114678899
0.128415301
0.045918367
0.097222222
0.082862524
0.049808429
0.077844311
0.111848341
0.076923077
0.089686099
0.100334448
0.05
0.047285464
0.123575811
0.125
0.112804878
0.018867925
0.090909091
0.031007752
0.068181818
0.25
0.051706308
0.107142857
0.087179487
0.054545455
0.057471264
0.087628866
0.082706767
0.072407045
0.049180328
0.083018868
0.081712062
0.17699115
0.082802548
0.166666667
0.1
0.077625571
0.100478469
0.119496855
0.093385214
0.054054054
0.09252669
0.1
0.094017094
0.075782537
0.103448276
0.12716763
0.105860113
0.092704334
0.087282966
0.112195122
0.098827471
0.285714286
0.066350711
0.109215017
0.028776978
0.094405594
0.134877384
0.103878734
0.147058824
0.069551777
0.060475162
0.090311987
0.107142857
0.101522843
0.14893617
0.089123867
0.121243523
0.109846329
0.11287478
0.060301508
0.015151515
0.032258065
0.050420168
0.12066365
0.048241206
0.104273504
0.088607595
0.130970724
0.128608924
0.072916667
0.222222222
0.111111111
0.103030303
0.126153846
0.074626866
0.102177554
0.076502732
0.114035088
0.132075472
0.25
0.078125
0.142857143
0.082524272
0
0.086
0.143780291
0.072391767
0.096456693
0.12
0.127272727
0.06785317
0.125
0.111455108
0.030456853
0.119140625
0.092511013
0.1
0.157614782
0.094736842
0.055555556
0.078947368
0.081081081
0.076305221
0.094661922
0.022727273
0.047916667
0.154761905
0.0625
0
0
0.096209913
0.085443038
0.059253247
0.100490196
0.065693431
0
0.090909091
0.082872928
0.076388889
0.064220183
0.099428571
0.067610619
0.105679862
0
0.047619048
0.231707317
0.128378378
0.285714286
0.047337278
0.164609053
0.068783069
0.091397849
0.109589041
0.099502488
0.105263158
0.120973515
0.075757576
0.05655527
0.100985222
0.2
0.087859425
0.115942029
0.047368421
0.086419753
0.087822014
0.105882353
0.096336499
0.097435897
0.032707775
0.067226891
0.05
0.213483146
0.081447964
0.087301587
0.125
0.13592233
0.055555556
0.057050592
0.022222222
0.065029305
0.10915493
0.128205128
0.118644068
0.078817734
0.095149254
0.106382979
0.101449275
0.15625
0.09502924
0.108108108
0.222222222
0.25
0.074561404
0.061007958
0.109375
0.051136364
0.087108014
0.166666667
0.129310345
0.067226891
0.085760518
0.137614679
0.028571429
0.045977011
0.048387097
0.12173913
0.058823529
0.09375
0.111111111
0.05988024
0.075993092
0.072727273
0.096774194
0.114149822
0.028571429
0.066914498
0.048484848
0.098360656
0.090909091
0.092150171
0.07278481
0.041062802
0.088235294
0.1
0.066059226
0.096875
0.145522388
0.087378641
0.1875
0.085714286
0.06
0.149305556
0.099637681
0.047393365
0.104199067
0.079283887
0.105263158
0.12
0.116666667
0.25
0.083333333
0.09375
0.042016807
0.058823529
0.084326579
0.075757576
0.085972851
0.106583072
0.091954023
0.138686131
0.092857143
0.2
0.089201878
0.09703504
0.104545455
0.163636364
0.083333333
0.065281899
0.119782214
0.111111111
0.128930818
0.074592075
0.167597765
0.104700855
0.080903104
0.098566308
0.070502431
0.077976818
0.104166667
0.053571429
0.104956268
0.096958175
0.106741573
0.075
0.018595041
0.096923077
0.079470199
0.6
0.07797271
0.055555556
0.097777778
0.090322581
0.101298701
0.099277978
0.144736842
0.028571429
0.0828125
0.060273973
0.125
0.052264808
0.033333333
0.098418278
0.115511551
0.079422383
0.116071429
0.081162325
0.063829787
0.056
0.107017544
0.114942529
0.02970297
0.088435374
0.166666667
0
0.08
0.078809107
0.102439024
0.049079755
0.454545455
0.060283688
0.125
0.081560284
0.038461538
0.097674419
0.101503759
0.010447761
0.070754717
0.076555024
0.13559322
0.091743119
0.123124279
0.066481994
0.059405941
0.081300813
0.5
0.079457364
0.030612245
0.066666667
0.08839779
0.181818182
0.052269601
0.095292767
0.086142322
0.093930636
0.05248227
0.05625
0.090909091
0.113207547
0.039370079
0.020134228
0.113902848
0.134071341
0.117647059
0.019230769
1
0.055944056
0.061904762
0.120187793
0.087431694
0.063882064
0.103825137
0.040816327
0.325581395
0.075812274
0.053571429
0.104627767
0.073147257
0.088942308
0.282958199
0.06984127
0.333333333
0.024390244
0.067761807
0.079323797
0.043478261
0.056074766
0.12244898
0.064676617
0.054794521
0.092307692
0.104477612
0.125
0.095854922
0.12
0.111111111
0.090519878
0.097947761
0.093167702
0.10745614
0.059907834
0.110569106
0.078947368
0.112812248
0.02293578
0.11033275
0.101694915
0.059654631
0.090909091
0.056588521
0.086330935
0.075
0.037383178
0.050808314
0.086956522
0.076923077
0.375
0.107462687
0.064814815
0.105504587
0.125
0.101694915
0.080082136
0.088820827
0.059101655
0.044444444
0.136
0.088607595
0.142857143
0.11627907
0.076502732
0.103896104
0.050420168
0.048780488
0.098639456
0.152046784
0.071090047
0.082191781
0.091451292
0.048387097
0.083457844
0.109510086
0.077956989
0.090909091
0.12
0.451351351
0.093857494
0.095305832
0.173913043
0.103273138
0.1
0.142857143
0.100257069
0.052083333
0.058467742
0.125
0.095982143
0.117647059
0.145320197
0.051282051
0.008988764
0.088050314
0.086734694
0.081081081
0.333333333
0.044164038
0.026490066
0.09761163
0.102941176
0.115168539
0.043478261
0.097731239
0.117647059
0.055555556
0.083832335
0.091591592
0.072916667
0.091445428
0.109090909
0.110764431
0.098591549
0.10125
0
1
0
0.125
0.063063063
0.105864433
0.073504274
0.097178683
0.101173021
0.081081081
0.078389831
0.072463768
0.053941909
0.117924528
0.059190031
0.08
0.063348416
0.090558767
0.0875
0.4
0.042168675
0.166666667
0.409090909
0.099099099
0.2
0.078757225
0.060344828
0.074324324
0.095623987
0.357142857
0.080443828
0.086538462
0.114845938
0.105943152
0.048780488
0.125
0.038461538
0.086419753
0.109375
0.100308642
0.056451613
0.222222222
0.110526316
0.12195122
0.017316017
0.0390625
0.100478469
0.09947644
0.00990099
0.100107643
0.081185567
0.134502924
0.107142857
0.138888889
0.128787879
0.206896552
0.064935065
0.062857143
0.117647059
0.078860898
0.163636364
0.112745098
0.087042532
0.061827957
0.2
0.036764706
0.086956522
0.118210863
0.100775194
0.194444444
0.088495575
0.11550152
0.057581574
0.076
0.083022388
0
0.08596713
0.015151515
0.095744681
0.124801272
0.086492891
0.285714286
0.112087912
0.085917313
0.09009009
0.14
0.034782609
0.089068826
0.043478261
0.101497504
0.013157895
0.113879004
0.157894737
0.106593407
0.018867925
0.085141903
0.048245614
0.115819209
0.076923077
0.044117647
0.070945946
0.05764411
0.055987558
0.092485549
0.041666667
0.077014218
0.099494098
1
0.051948052
0.115653041
0.029411765
0.087336245
0.111111111
0.111842105
0.088607595
0.285714286
0.047761194
0.099099099
0.0816
0.06122449
0
0.05
0.073476703
0.066666667
0.124031008
0.1875
0.097560976
0.111111111
0.06744868
0.090666667
0.03125
0.098106713
0.088607595
0.095461659
0.074626866
0.115921788
0.083333333
0.071794872
0.112612613
0.029827316
0.666666667
0.017985612
0.077108434
0.087557604
0.10070922
0.072580645
0.090342679
0.072340426
0.094339623
0.114391144
0.100609756
0.049568966
0.102
0.052249637
0.049429658
0.166666667
0.105624143
0.085858586
0.112903226
0.125
0.077669903
0.065116279
0.166666667
0.048319328
0.056053812
0.107843137
0.092307692
0.115485564
0.081481481
0.085714286
0.065502183
0.091584158
0.060728745
0.5
0.096666667
0.083333333
0.090909091
0.088235294
0.100502513
0.112068966
0.022653722
0.045454545
0.076923077
0.071483474
0.090909091
0.080285459
0.17816092
0.085769981
0
0
0.214285714
0.125
0.125
0.07761194
0.038043478
0.08652793
0.125
0.079429735
0.054298643
0.123039807
0.121827411
0.102961918
0.17921147
0.076017131
0.090680101
0.102222222
0.074766355
0.090379009
0.102262443
0.25
0.11627907
0.059936909
0.070707071
0.111801242
0.13260274
0.09631728
0.113122172
0.133437991
0.102199224
0.115023474
0.082317073
0.061377246
0.055427252
0.088
0.049327354
0.081916538
0.333333333
0.131195335
0.078431373
0.08
0.135888502
0.079825835
0.065315315
0.15
0.072319202
0.222222222
0.103448276
0.064
0.126984127
0.175438596
0.1
0.168
0.091397849
0.108050847
0
0.11
0.043137255
0.145631068
0.094339623
0.063569682
0.078947368
0.142857143
0.166666667
0.250830565
0.094562648
0.085427136
0
0.142857143
0.139344262
0.071910112
0.063492063
0.045685279
0.047619048
0.079365079
0.069553806
0.066115702
0.077104179
0.066666667
0.127134725
0.0625
0.08203125
0.078431373
0.032258065
0.115131579
0.05
0.040935673
0.1
0
0.065217391
0.096045198
0.1
0.074275362
0.045454545
0.113861386
0.078271028
0.084269663
0.046808511
0.065789474
0.107734807
0.099150142
0.048076923
0.097560976
0.137931034
0.07892204
0.083333333
0.047619048
0.088737201
0.084130019
0.104184458
0.077507599
0.101583113
0.057692308
0.086206897
0.068518519
0.03030303
0.100303951
0.042553191
0.078832117
0.05785124
0.108108108
0.090526316
0.1171875
0
0.065292096
0.06097561
0.071713147
0.072572038
0.081081081
0.079037801
0.166666667
0.087868964
0.090588235
0.171232877
0.052631579
0.138413686
0
0.086419753
0.102079395
0.070175439
0.083591331
0.144736842
0.069264069
0.054852321
0.059808612
0.104749074
0
0.081775701
0.088179399
0.136752137
0.043478261
0.100200401
0.059278351
0.288343558
0.076923077
0.089285714
0
0.166666667
0.055555556
0.087719298
0.045454545
0.101361573
0.129554656
1
0.041666667
0.137254902
0.134433962
0.1
0.132113821
0.071428571
0.076923077
0.235294118
0.109375
0
0.4
0.093637455
0.083333333
0.068036853
0.142857143
0.10181311
0.052830189
0.074766355
0.144611187
0.07626037
0.065326633
0.070063694
0.088541667
0.06557377
0.073701843
0.101639344
0.138888889
0.12195122
0.074380165
0.099304866
0.5
0.14516129
0.093306288
0.07320442
0.071428571
0.117370892
0.075949367
0.129963899
0.080858086
0.13190184
0.123222749
0.14213198
0.083333333
0.101449275
0.14
0.106557377
0.333333333
0.079443893
0.058823529
0.088442211
0.073170732
0.104519774
0.126666667
0.17721519
0.057971014
0.084337349
0.389494549
0.106060606
0.106314948
0.089430894
0.119617225
0.048076923
0.049847406
0.192307692
0.124260355
0.085106383
0.072727273
0.17535545
0.095238095
0.111880046
0.116402116
0.124463519
0.082148499
0.111111111
0.078571429
0
0.10748156
0.07012987
0.11758794
0.222222222
0.094262295
0.333333333
0.101176471
0.055710306
0.076923077
0.143939394
0.079889807
0.091176471
0.043478261
0.114323259
0.088435374
0.096926714
0.058252427
0.108108108
0.070175439
0.114754098
0.114942529
0.333333333
0.087248322
0.034408602
0.076142132
0.103658537
0.120879121
0.108433735
0.088719899
0.069105691
0.063380282
0.104885057
0.071428571
0.2
0.1
0.054755043
0.109540636
0.083969466
0.084745763
0.098944591
0.086223984
0.1
0.075
0.052795031
0.075268817
0.065546218
0.013071895
0.118604651
0.113761468
0.075566751
0.082644628
0.099726776
0.125
0.153374233
0
0.05664488
0.089506173
0.080924855
0.06875
0.171201814
0.138888889
0.137947963
0.104046243
0.119266055
0
0.75862069
0.141818182
0.116751269
0.06185567
0.101796407
0.086826347
0.097472924
0.0625
0.063934426
0.125
0.047468354
0.071232877
0.086826347
0.2
0.111111111
0.105263158
0.285714286
0.078785002
0.102816901
0.084432718
0.080508475
0.166666667
0.119723183
0.059294872
0.090909091
0.12039312
0.093457944
0.111111111
0.081632653
0.125
0.085510689
0.072886297
0.062992126
0.155339806
0.064516129
0
0.055456172
0.038632987
0.072874494
0.086956522
0.052631579
0
0.057142857
0.323943662
0.117365269
0.0625
0.25
0.074074074
0.101123596
0.078740157
0.117875648
0.055555556
0.110169492
0.109243697
0.033557047
0.088721805
0.114550265
0.087579618
0.085798817
0.22265625
0.106710671
0.071929825
0.409090909
0.083333333
0.096774194
0.087452471
0.044444444
0.092827004
0.090909091
0.083333333
0.110344828
0.089965398
0.318739054
0.011591963
0.087971275
0.066666667
0.126027397
0.113350126
0.08780037
0.099236641
0.04
0.097995546
0.046692607
0.078078078
0.402985075
0.030534351
0.125
0.094117647
0.081439394
0.094816688
0.080229226
0.050632911
0.071625344
0.111111111
0.078014184
0.143250689
1
0.137931034
0.116770186
0.083932854
0.033264033
0.134199134
0.09079118
0.089802131
0.095744681
0.078947368
0.06779661
0.136363636
0.131260794
0.102739726
0.031746032
0.086088154
0.105971405
0.07788162
0.060606061
0.060686016
0.123287671
0.071097372
0.053012048
0
0.104166667
0.104342191
0.04109589
0.130434783
0.083756345
0.075736325
0.1875
0.12431694
0.097959184
0.112391931
0.133333333
0.063492063
0.094339623
0.086671803
0.164335664
0.333333333
0.090909091
0.035714286
0.1875
0.117338004
0.068965517
0.6
0.046875
0.097715736
0.2
0.0625
0.091603053
0.049853372
0.118644068
0.242424242
0.133333333
0.11686587
0.069115816
0.065495208
0.053571429
0.076470588
0.052884615
0.123809524
0.065976714
0.130434783
0.050314465
0.064171123
0.110429448
0.11839934
0.076502732
0.222222222
0.06557377
0.155339806
0.083550914
0.019480519
0.092140921
0.1
0.124271845
0.109504132
0.070325901
0
0.181818182
0.059701493
0.14025974
0.080357143
0.061538462
0.043580683
0.091370558
0.047058824
0.102272727
0.094240838
0.125
0.016949153
0.089700997
0.088691796
0.048780488
0.333333333
0.412790698
0.072900158
0.081699346
1
0.112530414
0.04519774
0.110687023
0.081649832
0.096813725
0.060606061
0.08994709
0.13
0.076923077
0.088
0.142857143
0.102564103
0.089467724
0.067357513
0.056784661
0.168539326
0.08490566
0.121827411
0.151515152
0.161290323
0.069192751
0.258426966
0.1016
0.092173913
0.051369863
0.048888889
0.131147541
0.095238095
0.069364162
0.135353535
0
0.1
0.150357995
0.166666667
0.071129707
0.038251366
0.166666667
0.104986877
0.066455696
0.15942029
0.055187638
0
0.113585746
0.076923077
0.0861678
0.096666667
0.101190476
0.090909091
0.127659574
0.146853147
0.06779661
0.142857143
0.136363636
0.144082333
0.111111111
0.06547619
0.155279503
0.056451613
0.10212766
0.096341463
0.108527132
0.107142857
0.25
0.166666667
0.026315789
0.070140281
0.115864528
0.093049327
0
0.090534979
0.094915254
0
0.06779661
0.092985318
0.098784195
0.072033898
0.155526992
0.079314041
0.086956522
0.061904762
0.121175031
0.166666667
0.100149477
0.113821138
0.078534031
0.125363128
0.091935484
0.103347889
0.111111111
0.101538462
0.065693431
0.08
0.092764378
0.090301003
0.142857143
0.100616016
0.055913978
0.126229508
0.123123123
0.089005236
0.089309878
0.126760563
0.047619048
0.037735849
0.055555556
0.109090909
0.083333333
0.103773585
0.030769231
0.122290161
0.054054054
0.094616639
0
0.022508039
0.099286178
0.081609195
0.064516129
0.28042328
0.038461538
0.042914172
0.089712919
0.076335878
0.054441261
0.071428571
0.125
0.109756098
0.101973684
0.05268595
0.10236822
0.088122605
0.084457989
0.086633663
0
0.07641196
0.102941176
0.5
0.064784053
0
0.041050903
0.084014002
0.052
0.099099099
0.076510067
0.055555556
0.064655172
0.09009009
0.133333333
0.056603774
0.067750678
0.091968912
0.04519774
0.042553191
0.095890411
0.07755102
0.059811123
0.083333333
0.098425197
0.318032787
0.093495935
0.078014184
0.119089317
0.085545723
0.107936508
0.101694915
0.09396637
0.070977918
0.230769231
0.095092025
0.111111111
0.056925996
0.067123288
0.059782609
0.104247104
0.29494382
0.111111111
0.103225806
0.08
0.272727273
0.083333333
0.09536308
0.100600601
0.047120419
0.088443684
0.075925926
0.105050505
0.071428571
0.142857143
0.076271186
0.100961538
0.14507772
0.074841681
0.116477273
0.070588235
0.105442177
0.077669903
0.116838488
0.083333333
0.079812207
0.136986301
0.090252708
0.110576923
0.070588235
0.097014925
0.131221719
0.084684685
0.025641026
0.086538462
0.030612245
0.101351351
0.074906367
0.101265823
0
0.065671642
0.102272727
0.084210526
0.037037037
0.068965517
0.081272085
0.083333333
0.074879227
0.076208178
0.095357591
0.1
0.060331825
0.27628866
0.058394161
0.077464789
0.108777194
0.127071823
0.107728337
0.13996139
0.5
0.04516129
0.25
0.087248322
0.1
0.122093023
0.055555556
0.065822785
0.231060606
0.051428571
0.064250412
0.093721565
0.055555556
0.097014925
0.1
0.09375
0.142857143
0.088962109
0.090517241
0
0.107615894
0.139072848
0.075268817
0.084337349
0.098360656
0.112759644
0.081521739
0.102040816
0.101398601
0.060209424
0.102209945
0.09976247
0.0875
0.068965517
0.103047896
0.138888889
0.105654762
0.16
0.078717201
0.112244898
0.064912281
0.092017738
0.126213592
1
0.054455446
0.10989011
0.5
0.064516129
0.050632911
0.108267717
0.133333333
0.114173228
0.064250412
0.101123596
0.093283582
0.07122905
0.136296296
0.097142857
0.064748201
0.088328076
0.015873016
0.027914614
0.25
0.059907834
0.142857143
0.134146341
0.104477612
0.042328042
0.041916168
0.093378608
0.101190476
0.144578313
0.03539823
0.077380952
0.075785582
0.110294118
0.065934066
0.086998088
0.093480935
0.085284281
0.063492063
0.181818182
0.125
0.079744817
0.101604278
0.5
0.085714286
0.091298146
0.084690554
0.057344064
0.071428571
0.11778563
1
0.081081081
0.059241706
0.045714286
0.080394922
0.065934066
0.104704097
0.166666667
0.047801147
0.049019608
0.063157895
0.092592593
0.09375
0.041811847
0.085427136
0.142857143
0.1
0.087755102
0.113636364
0.077348066
0.073766488
1
0.294117647
0.129496403
0.09929078
0.100694444
0.099236641
0.111111111
0.043956044
0.11018711
0.093023256
0.085995086
0.058080808
0.087527352
0.08
0.130742049
0.101351351
0.098013245
0.138297872
0.02173913
0.095238095
0.095011876
0.088757396
0.072978304
0.038071066
0.333333333
0.100917431
0.125
0.105439331
0.123209169
0.136196319
0.072463768
0.074468085
0.102489019
0.076271186
0.140425532
0.090909091
0.066523605
0.075657895
0.125
0.166666667
0.11452514
0.1019678
0.082077052
0.142857143
0.151724138
0.07278481
0.094644167
0.08
0.25
0.058823529
0.133819951
0.166666667
0.061699651
0.052173913
0.074074074
0.069767442
0.116147309
0.083586626
0.056074766
0
0.16
0.105263158
0.014285714
0.0609375
0.081206497
0.124598587
0.088050314
0
0.086705202
0.107329843
0.089324619
0.111111111
0.033018868
0.2
0.2
0.11971831
0.096461464
0.068391867
0.103896104
0.098039216
0.147058824
0.085889571
0.113402062
0.016949153
0.065943993
0.111111111
0.024390244
0.097560976
0.055555556
0.07967033
0.142857143
0.109271523
0.069852941
0.100671141
0.123287671
0.094879518
0.103843009
0.133561644
0.124678663
0.083333333
0.051724138
0.081081081
0.084148728
0.042253521
0.116959064
0.115151515
0.151515152
0.04
0.093457944
0.142372881
0.078014184
0.154455446
0.117647059
0.096685083
0.037037037
0.032258065
0.058823529
0.08045977
0.142857143
0.108695652
0.046875
0.088495575
0.5
0.125
0.091412742
0.085271318
0.113611416
0.079986029
0.070175439
0.071202532
0.056910569
0.093220339
0.056497175
0.136253041
0.085227273
0.100200401
0.1
0.094736842
0.117647059
0.096045198
0.075578406
0.063969897
0.065853659
0.130434783
0.082089552
0.093886463
0.114285714
0.066390041
0.100131752
0.128138528
0.045070423
0.06779661
0.033923304
0.027027027
0.062068966
0.086538462
0.125134844
0.090909091
0.109693878
0.101175483
0.123966942
0.039473684
0.072164948
0.110849057
0.108163265
0.333333333
0.090909091
0.2
0.09447983
0.020833333
0.102249489
0.043859649
0.087628866
0.105263158
0.047619048
0.070450098
0.096989967
0.087336245
0.057017544
0.079220779
0.176470588
0.105633803
0.088095238
0.106263982
0.115885417
0.5
0.075723831
0.074626866
0.107142857
0.142857143
0.127694859
0.056179775
0.128440367
0.096958175
0.395509499
0.110756124
0.089425587
0.12962963
0.084615385
0.127388535
0.069591528
0.027777778
0.062337662
0.2
1
0.106901218
0.094488189
0.42248062
0.097812098
0.017699115
0.125
0.04
0.135630179
0.050583658
0.12716763
0.079136691
0.066666667
0.097826087
0.16
0.087024492
0.066312997
0.066427289
0.139393939
0.125
0.083900227
0.090620032
0.085
0.111111111
0.025695931
0.083601286
0.07106599
0.042918455
0.107981221
0.118075802
0.105973025
0.066666667
0.06122449
0.151041667
0.083086053
0.113464448
0.100840336
0.076581576
0.083333333
0.092643052
0.056818182
0.129330254
0.096905537
0.079470199
0.119047619
0.066037736
0.102040816
0.074074074
0.148478489
0.169811321
0.141975309
0.111716621
0.076147816
0.099481865
0.059259259
0.100334448
0.087662338
0.125
0.07253886
0.097859327
0.333333333
0.068912711
0.016949153
0.068965517
0.090112641
0.107549858
0.092307692
0
0.080299786
0.044776119
0.116883117
0.103688933
0.049180328
0.118131868
0.092544987
0.08310992
0.087871287
0.060869565
0.028571429
0.068965517
0.063291139
0.082901554
0.057934509
0.107255521
0.085287846
0.085213033
0.043478261
0.100742312
0.11627907
0.103703704
0.144886364
0.074626866
0.090507726
0.098265896
0.107142857
0.086956522
0.084295033
0.100649351
0.063583815
0.066666667
0.093220339
0.076327434
0.1875
0.081140351
0.049001815
0.064615385
0.089219331
0.093167702
0.100515464
0.082568807
0.072413793
0.036036036
0.144508671
0.091346154
0.104046243
0.124637681
0.160714286
0.080820265
0.130829016
0.078226858
0.173076923
0.125
0.08045977
0.428571429
0.070921986
0.230769231
0.106382979
0.082926829
0.058763931
0.115702479
0.046511628
0.080188679
0.025641026
0.092485549
0.047770701
0.5
0.078848561
0.070866142
0.042600897
0.062801932
0.057142857
0.126059322
0.046728972
0.111688312
0.067717455
0.083333333
0.063074901
0.037433155
0.130434783
0.095628415
0.142857143
0.096153846
0.058375635
0.080110497
1
0.135135135
0.5
0.08778626
0.133333333
0.158379374
0.07518797
0.12244898
0.094594595
0.079617834
0.070028011
0.065909091
0.116550117
0.2
0.113680154
0.15819209
0.078231293
0.120603015
0.057692308
0.105263158
0
0.094674556
0.089700997
0.087591241
0
0.041666667
0.121212121
0.110588235
0.064
0.105263158
0.25
0.076502732
0.113138686
0.125
0.050682261
0.11027027
0.119266055
0.091304348
0.091503268
0.075757576
0.060283688
0.07
0.102310231
0.101351351
0.25
0.112857143
0.055299539
0.125
0.102228047
0
0.068493151
0.275449102
0.233766234
0.11461794
0.025
0.056338028
0.071428571
0.140350877
0.111111111
0.109243697
0.084745763
0.047619048
0.074652778
0.042944785
0.076142132
0.3
0.063063063
0.104895105
0.101694915
0.153846154
0.080291971
0.230769231
0.120781528
0.053254438
0.066666667
0.113402062
0.19047619
0.082167832
0.067278287
0.092178771
0.098245614
0.131147541
0.06504065
0.2
0.060240964
0.066066066
0.117788462
0.078510874
0.134920635
0.400742115
0.071988247
0.12962963
0.06746988
0.081363004
0.112244898
0.069148936
0.034090909
0.047619048
0.068181818
0.116016427
0.043478261
0.028340081
0.130111524
0.177419355
0.047619048
0.085621971
0.099358974
0.077272727
0.019230769
0.080745342
0.098412698
0.116223288
0.082236842
0.086956522
0.096062992
0.166666667
0.095890411
0.094267516
0.04
0.084615385
0.079207921
0.044198895
0.112676056
0.091246903
0.065671642
0.125636672
0.083333333
0.127946128
0.128
0.07922272
0.032258065
0.105555556
0.125
0.084194978
0.08310992
0.049180328
0.073732719
0.080536913
0.085392556
0.077586207
0.09864365
0.076576577
0.077868852
0.083333333
0.104046243
0
0.072727273
0.092715232
0.166666667
0.108796296
0.159090909
0.022328549
0.036585366
0.07063197
0.058823529
0.071428571
0.109452736
0.117647059
0.333333333
0.134146341
